1.000000E+0	 5.343153E-10	 0.000000E+0	 -1.679650E-10	 1.358835E+0
2.000000E+0	 5.344796E-10	 0.000000E+0	 -1.631963E-10	 1.660182E+0
3.000000E+0	 5.344447E-10	 0.000000E+0	 -1.647577E-10	 1.960210E+0
4.000000E+0	 5.347907E-10	 0.000000E+0	 -1.659394E-10	 2.259795E+0
5.000000E+0	 5.347086E-10	 0.000000E+0	 -1.662348E-10	 2.560086E+0
6.000000E+0	 5.348434E-10	 0.000000E+0	 -1.665724E-10	 2.858432E+0
7.000000E+0	 5.347263E-10	 0.000000E+0	 -1.664036E-10	 3.160200E+0
8.000000E+0	 5.348965E-10	 0.000000E+0	 -1.669522E-10	 3.459520E+0
9.000000E+0	 5.351604E-10	 0.000000E+0	 -1.640825E-10	 3.760304E+0
1.000000E+1	 5.349318E-10	 0.000000E+0	 -1.641669E-10	 4.061102E+0
1.100000E+1	 5.353598E-10	 0.000000E+0	 -1.656862E-10	 4.358711E+0
1.200000E+1	 5.352777E-10	 0.000000E+0	 -1.658550E-10	 4.659744E+0
1.300000E+1	 5.355183E-10	 0.000000E+0	 -1.642513E-10	 4.958961E+0
1.400000E+1	 5.358051E-10	 0.000000E+0	 -1.642513E-10	 5.258048E+0
1.500000E+1	 5.358756E-10	 0.000000E+0	 -1.628165E-10	 5.560137E+0
1.600000E+1	 5.356058E-10	 0.000000E+0	 -1.663192E-10	 5.860211E+0
1.700000E+1	 5.357704E-10	 0.000000E+0	 -1.659816E-10	 6.159760E+0
1.800000E+1	 5.358293E-10	 0.000000E+0	 -1.669522E-10	 6.461034E+0
1.900000E+1	 5.360700E-10	 0.000000E+0	 -1.662770E-10	 6.758960E+0
2.000000E+1	 5.362519E-10	 0.000000E+0	 -1.646311E-10	 7.058962E+0
2.100000E+1	 5.362809E-10	 0.000000E+0	 -1.661926E-10	 7.358996E+0
2.200000E+1	 5.366503E-10	 0.000000E+0	 -1.663192E-10	 7.657828E+0
2.300000E+1	 5.367388E-10	 0.000000E+0	 -1.662770E-10	 7.960211E+0
2.400000E+1	 5.365923E-10	 0.000000E+0	 -1.631541E-10	 8.260376E+0
2.500000E+1	 5.371322E-10	 0.000000E+0	 -1.665724E-10	 8.560192E+0
2.600000E+1	 5.367621E-10	 0.000000E+0	 -1.655173E-10	 8.860210E+0
2.700000E+1	 5.372377E-10	 0.000000E+0	 -1.648422E-10	 9.159807E+0
2.800000E+1	 5.368737E-10	 0.000000E+0	 -1.686402E-10	 9.459622E+0
2.900000E+1	 5.374424E-10	 0.000000E+0	 -1.634917E-10	 9.759916E+0
3.000000E+1	 5.372375E-10	 0.000000E+0	 -1.677540E-10	 1.006023E+1
3.100000E+1	 5.374426E-10	 0.000000E+0	 -1.642091E-10	 1.035954E+1
3.200000E+1	 5.373140E-10	 0.000000E+0	 -1.672898E-10	 1.066033E+1
3.300000E+1	 5.378655E-10	 0.000000E+0	 -1.638293E-10	 1.095964E+1
3.400000E+1	 5.376420E-10	 0.000000E+0	 -1.643357E-10	 1.125845E+1
3.500000E+1	 5.379829E-10	 0.000000E+0	 -1.652220E-10	 1.156024E+1
3.600000E+1	 5.378480E-10	 0.000000E+0	 -1.685980E-10	 1.186021E+1
3.700000E+1	 5.380238E-10	 0.000000E+0	 -1.673742E-10	 1.215866E+1
3.800000E+1	 5.380124E-10	 0.000000E+0	 -1.647577E-10	 1.245967E+1
3.900000E+1	 5.383937E-10	 0.000000E+0	 -1.653908E-10	 1.275949E+1
4.000000E+1	 5.382703E-10	 0.000000E+0	 -1.646311E-10	 1.306026E+1
4.100000E+1	 5.382880E-10	 0.000000E+0	 -1.666990E-10	 1.336008E+1
4.200000E+1	 5.387220E-10	 0.000000E+0	 -1.620147E-10	 1.357271E+1
4.300000E+1	 5.388746E-10	 0.000000E+0	 -1.669522E-10	 1.396019E+1
4.400000E+1	 5.384816E-10	 0.000000E+0	 -1.668678E-10	 1.425896E+1
4.500000E+1	 5.387516E-10	 0.000000E+0	 -1.634917E-10	 1.447142E+1
4.600000E+1	 5.388688E-10	 0.000000E+0	 -1.684714E-10	 1.485146E+1
4.700000E+1	 5.393084E-10	 0.000000E+0	 -1.609174E-10	 1.515896E+1
4.800000E+1	 5.390508E-10	 0.000000E+0	 -1.666990E-10	 1.546021E+1
4.900000E+1	 5.392210E-10	 0.000000E+0	 -1.629431E-10	 1.576009E+1
5.000000E+1	 5.392972E-10	 0.000000E+0	 -1.676696E-10	 1.605983E+1
5.100000E+1	 5.393967E-10	 0.000000E+0	 -1.655596E-10	 1.636063E+1
5.200000E+1	 5.394322E-10	 0.000000E+0	 -1.638293E-10	 1.657480E+1
5.300000E+1	 5.395147E-10	 0.000000E+0	 -1.666146E-10	 1.696024E+1
5.400000E+1	 5.395732E-10	 0.000000E+0	 -1.650954E-10	 1.725834E+1
5.500000E+1	 5.399427E-10	 0.000000E+0	 -1.663614E-10	 1.755846E+1
5.600000E+1	 5.399720E-10	 0.000000E+0	 -1.663192E-10	 1.786015E+1
5.700000E+1	 5.399424E-10	 0.000000E+0	 -1.665302E-10	 1.807316E+1
5.800000E+1	 5.401423E-10	 0.000000E+0	 -1.656440E-10	 1.846025E+1
5.900000E+1	 5.411221E-10	 0.000000E+0	 -1.689778E-10	 1.876105E+1
6.000000E+1	 5.348846E-10	 0.000000E+0	 -2.093232E-10	 1.906038E+1
6.100000E+1	 5.367509E-10	 0.000000E+0	 -3.391414E-10	 1.935968E+1
6.200000E+1	 5.494248E-10	 0.000000E+0	 -2.057781E-10	 1.965821E+1
6.300000E+1	 5.428235E-10	 0.000000E+0	 -1.986457E-10	 1.995896E+1
6.400000E+1	 5.430877E-10	 0.000000E+0	 -1.723117E-10	 2.025961E+1
6.500000E+1	 5.437683E-10	 0.000000E+0	 -1.627321E-10	 2.055892E+1
6.600000E+1	 5.435751E-10	 0.000000E+0	 -1.623523E-10	 2.086020E+1
6.700000E+1	 5.438442E-10	 0.000000E+0	 -1.650531E-10	 2.116021E+1
6.800000E+1	 5.435454E-10	 0.000000E+0	 -1.660660E-10	 2.145885E+1
6.900000E+1	 5.440793E-10	 0.000000E+0	 -1.630697E-10	 2.176012E+1
7.000000E+1	 5.438738E-10	 0.000000E+0	 -1.683870E-10	 2.205944E+1
7.100000E+1	 5.443082E-10	 0.000000E+0	 -1.655596E-10	 2.235896E+1
7.200000E+1	 5.440853E-10	 0.000000E+0	 -1.672476E-10	 2.265954E+1
7.300000E+1	 5.442324E-10	 0.000000E+0	 -1.672476E-10	 2.295896E+1
7.400000E+1	 5.442205E-10	 0.000000E+0	 -1.645045E-10	 2.325884E+1
7.500000E+1	 5.445313E-10	 0.000000E+0	 -1.656862E-10	 2.356009E+1
7.600000E+1	 5.443727E-10	 0.000000E+0	 -1.659816E-10	 2.385976E+1
7.700000E+1	 5.445667E-10	 0.000000E+0	 -1.675008E-10	 2.416006E+1
7.800000E+1	 5.443435E-10	 0.000000E+0	 -1.655174E-10	 2.445884E+1
7.900000E+1	 5.448600E-10	 0.000000E+0	 -1.701173E-10	 2.475968E+1
8.000000E+1	 5.444605E-10	 0.000000E+0	 -1.664036E-10	 2.505851E+1
8.100000E+1	 5.449539E-10	 0.000000E+0	 -1.651376E-10	 2.535853E+1
8.200000E+1	 5.448129E-10	 0.000000E+0	 -1.641247E-10	 2.557611E+1
8.300000E+1	 5.452297E-10	 0.000000E+0	 -1.622679E-10	 2.595896E+1
8.400000E+1	 5.450243E-10	 0.000000E+0	 -1.642513E-10	 2.626019E+1
8.500000E+1	 5.453351E-10	 0.000000E+0	 -1.639559E-10	 2.655821E+1
8.600000E+1	 5.451534E-10	 0.000000E+0	 -1.687246E-10	 2.685885E+1
8.700000E+1	 5.456991E-10	 0.000000E+0	 -1.660238E-10	 2.715896E+1
8.800000E+1	 5.454642E-10	 0.000000E+0	 -1.672898E-10	 2.745943E+1
8.900000E+1	 5.455466E-10	 0.000000E+0	 -1.668678E-10	 2.776022E+1
9.000000E+1	 5.457046E-10	 0.000000E+0	 -1.653486E-10	 2.797018E+1
9.100000E+1	 5.458926E-10	 0.000000E+0	 -1.668256E-10	 2.835984E+1
9.200000E+1	 5.460160E-10	 0.000000E+0	 -1.646733E-10	 2.865965E+1
9.300000E+1	 5.459104E-10	 0.000000E+0	 -1.661926E-10	 2.896021E+1
9.400000E+1	 5.461095E-10	 0.000000E+0	 -1.656018E-10	 2.925976E+1
9.500000E+1	 5.462209E-10	 0.000000E+0	 -1.672054E-10	 2.956010E+1
9.600000E+1	 5.464613E-10	 0.000000E+0	 -1.642091E-10	 2.985987E+1
9.700000E+1	 5.467144E-10	 0.000000E+0	 -1.641669E-10	 3.015896E+1
9.800000E+1	 5.467730E-10	 0.000000E+0	 -1.658128E-10	 3.049821E+1
9.900000E+1	 5.469602E-10	 0.000000E+0	 -1.625633E-10	 3.075882E+1
1.000000E+2	 5.467375E-10	 0.000000E+0	 -1.662770E-10	 3.106017E+1
1.010000E+2	 5.471893E-10	 0.000000E+0	 -1.623945E-10	 3.135894E+1
1.020000E+2	 5.471190E-10	 0.000000E+0	 -1.637449E-10	 3.166019E+1
1.030000E+2	 5.474652E-10	 0.000000E+0	 -1.648843E-10	 3.195896E+1
1.040000E+2	 5.473068E-10	 0.000000E+0	 -1.664036E-10	 3.225981E+1
1.050000E+2	 5.477758E-10	 0.000000E+0	 -1.610441E-10	 3.255962E+1
1.060000E+2	 5.473477E-10	 0.000000E+0	 -1.663614E-10	 3.285834E+1
1.070000E+2	 5.475182E-10	 0.000000E+0	 -1.676274E-10	 3.316021E+1
1.080000E+2	 5.476469E-10	 0.000000E+0	 -1.675430E-10	 3.345884E+1
1.090000E+2	 5.480108E-10	 0.000000E+0	 -1.680494E-10	 3.375883E+1
1.100000E+2	 5.480872E-10	 0.000000E+0	 -1.666146E-10	 3.406021E+1
1.110000E+2	 5.482219E-10	 0.000000E+0	 -1.693999E-10	 3.435894E+1
1.120000E+2	 5.482512E-10	 0.000000E+0	 -1.630275E-10	 3.465975E+1
1.130000E+2	 5.484627E-10	 0.000000E+0	 -1.695265E-10	 3.495847E+1
1.140000E+2	 5.485040E-10	 0.000000E+0	 -1.664880E-10	 3.525881E+1
1.150000E+2	 5.484687E-10	 0.000000E+0	 -1.693999E-10	 3.556015E+1
1.160000E+2	 5.485855E-10	 0.000000E+0	 -1.652220E-10	 3.585870E+1
1.170000E+2	 5.487439E-10	 0.000000E+0	 -1.653908E-10	 3.615977E+1
1.180000E+2	 5.490847E-10	 0.000000E+0	 -1.637449E-10	 3.646007E+1
1.190000E+2	 5.488734E-10	 0.000000E+0	 -1.680072E-10	 3.676038E+1
1.200000E+2	 5.491961E-10	 0.000000E+0	 -1.662770E-10	 3.705896E+1
1.210000E+2	 5.494191E-10	 0.000000E+0	 -1.655596E-10	 3.735950E+1
1.220000E+2	 5.494777E-10	 0.000000E+0	 -1.702439E-10	 3.757647E+1
1.230000E+2	 5.496950E-10	 0.000000E+0	 -1.676274E-10	 3.796011E+1
1.240000E+2	 5.494133E-10	 0.000000E+0	 -1.658972E-10	 3.826039E+1
1.250000E+2	 5.500055E-10	 0.000000E+0	 -1.649688E-10	 3.856020E+1
1.260000E+2	 5.499824E-10	 0.000000E+0	 -1.684292E-10	 3.886021E+1
1.270000E+2	 5.498241E-10	 0.000000E+0	 -1.685980E-10	 3.916031E+1
1.280000E+2	 5.503815E-10	 0.000000E+0	 -1.647577E-10	 3.946110E+1
1.290000E+2	 5.506924E-10	 0.000000E+0	 -1.571616E-10	 3.975871E+1
1.300000E+2	 5.506104E-10	 0.000000E+0	 -1.678384E-10	 4.005974E+1
1.310000E+2	 5.506035E-10	 0.000000E+0	 -1.690200E-10	 4.027547E+1
1.320000E+2	 5.506984E-10	 0.000000E+0	 -1.625633E-10	 4.065984E+1
1.330000E+2	 5.496769E-10	 0.000000E+0	 -1.712145E-10	 4.095966E+1
1.340000E+2	 5.515141E-10	 0.000000E+0	 -1.639981E-10	 4.125891E+1
1.350000E+2	 5.510915E-10	 0.000000E+0	 -1.665302E-10	 4.155927E+1
1.360000E+2	 5.509211E-10	 0.000000E+0	 -1.628165E-10	 4.186010E+1
1.370000E+2	 5.519246E-10	 0.000000E+0	 -1.659394E-10	 4.215897E+1
1.380000E+2	 5.512496E-10	 0.000000E+0	 -1.643779E-10	 4.245969E+1
1.390000E+2	 5.512671E-10	 0.000000E+0	 -1.693577E-10	 4.276096E+1
1.400000E+2	 5.515784E-10	 0.000000E+0	 -1.664458E-10	 4.305979E+1
1.410000E+2	 5.519540E-10	 0.000000E+0	 -1.639559E-10	 4.336008E+1
1.420000E+2	 5.519656E-10	 0.000000E+0	 -1.653064E-10	 4.365989E+1
1.430000E+2	 5.518008E-10	 0.000000E+0	 -1.642091E-10	 4.396019E+1
1.440000E+2	 5.523646E-10	 0.000000E+0	 -1.691889E-10	 4.425951E+1
1.450000E+2	 5.523468E-10	 0.000000E+0	 -1.674164E-10	 4.455897E+1
1.460000E+2	 5.525935E-10	 0.000000E+0	 -1.639559E-10	 4.485897E+1
1.470000E+2	 5.529045E-10	 0.000000E+0	 -1.671632E-10	 4.515847E+1
1.480000E+2	 5.528517E-10	 0.000000E+0	 -1.623945E-10	 4.546022E+1
1.490000E+2	 5.528929E-10	 0.000000E+0	 -1.683026E-10	 4.575894E+1
1.500000E+2	 5.529335E-10	 0.000000E+0	 -1.630275E-10	 4.605985E+1
1.510000E+2	 5.529751E-10	 0.000000E+0	 -1.678384E-10	 4.636013E+1
1.520000E+2	 5.532510E-10	 0.000000E+0	 -1.642091E-10	 4.666022E+1
1.530000E+2	 5.532037E-10	 0.000000E+0	 -1.691045E-10	 4.695897E+1
1.540000E+2	 5.536148E-10	 0.000000E+0	 -1.614661E-10	 4.726010E+1
1.550000E+2	 5.532275E-10	 0.000000E+0	 -1.673742E-10	 4.756036E+1
1.560000E+2	 5.539137E-10	 0.000000E+0	 -1.653486E-10	 4.785967E+1
1.570000E+2	 5.535264E-10	 0.000000E+0	 -1.652220E-10	 4.815884E+1
1.580000E+2	 5.538023E-10	 0.000000E+0	 -1.661504E-10	 4.837091E+1
1.590000E+2	 5.539489E-10	 0.000000E+0	 -1.639137E-10	 4.875896E+1
1.600000E+2	 5.541722E-10	 0.000000E+0	 -1.657706E-10	 4.906038E+1
1.610000E+2	 5.541190E-10	 0.000000E+0	 -1.620147E-10	 4.936019E+1
1.620000E+2	 5.543188E-10	 0.000000E+0	 -1.674586E-10	 4.966098E+1
1.630000E+2	 5.543185E-10	 0.000000E+0	 -1.644623E-10	 4.996029E+1
1.640000E+2	 5.546705E-10	 0.000000E+0	 -1.644201E-10	 5.026012E+1
1.650000E+2	 5.545007E-10	 0.000000E+0	 -1.629009E-10	 5.055942E+1
1.660000E+2	 5.549347E-10	 0.000000E+0	 -1.668256E-10	 5.086021E+1
1.670000E+2	 5.546938E-10	 0.000000E+0	 -1.669100E-10	 5.116009E+1
1.680000E+2	 5.551168E-10	 0.000000E+0	 -1.631119E-10	 5.145897E+1
1.690000E+2	 5.550055E-10	 0.000000E+0	 -1.652642E-10	 5.175964E+1
1.700000E+2	 5.553045E-10	 0.000000E+0	 -1.656018E-10	 5.205993E+1
1.710000E+2	 5.551227E-10	 0.000000E+0	 -1.654752E-10	 5.236024E+1
1.720000E+2	 5.555158E-10	 0.000000E+0	 -1.648421E-10	 5.266022E+1
1.730000E+2	 5.554569E-10	 0.000000E+0	 -1.691045E-10	 5.295884E+1
1.740000E+2	 5.557094E-10	 0.000000E+0	 -1.633229E-10	 5.325967E+1
1.750000E+2	 5.557677E-10	 0.000000E+0	 -1.665724E-10	 5.355861E+1
1.760000E+2	 5.557504E-10	 0.000000E+0	 -1.642936E-10	 5.385830E+1
1.770000E+2	 5.557678E-10	 0.000000E+0	 -1.645890E-10	 5.416016E+1
1.780000E+2	 5.561673E-10	 0.000000E+0	 -1.645467E-10	 5.445891E+1
1.790000E+2	 5.561495E-10	 0.000000E+0	 -1.616349E-10	 5.476018E+1
1.800000E+2	 5.565471E-10	 0.000000E+0	 -1.662770E-10	 5.506097E+1
1.810000E+2	 5.562607E-10	 0.000000E+0	 -1.613395E-10	 5.536029E+1
1.820000E+2	 5.568066E-10	 0.000000E+0	 -1.660660E-10	 5.557634E+1
1.830000E+2	 5.565488E-10	 0.000000E+0	 -1.655174E-10	 5.595991E+1
1.840000E+2	 5.568125E-10	 0.000000E+0	 -1.656440E-10	 5.625972E+1
1.850000E+2	 5.567363E-10	 0.000000E+0	 -1.685558E-10	 5.656009E+1
1.860000E+2	 5.572469E-10	 0.000000E+0	 -1.655174E-10	 5.685983E+1
1.870000E+2	 5.570767E-10	 0.000000E+0	 -1.635339E-10	 5.716013E+1
1.880000E+2	 5.576101E-10	 0.000000E+0	 -1.655174E-10	 5.745993E+1
1.890000E+2	 5.572524E-10	 0.000000E+0	 -1.688935E-10	 5.776023E+1
1.900000E+2	 5.576812E-10	 0.000000E+0	 -1.645468E-10	 5.805955E+1
1.910000E+2	 5.573819E-10	 0.000000E+0	 -1.677962E-10	 5.835857E+1
1.920000E+2	 5.576864E-10	 0.000000E+0	 -1.655596E-10	 5.865965E+1
1.930000E+2	 5.575578E-10	 0.000000E+0	 -1.636605E-10	 5.895884E+1
1.940000E+2	 5.579918E-10	 0.000000E+0	 -1.656440E-10	 5.925897E+1
1.950000E+2	 5.580743E-10	 0.000000E+0	 -1.655596E-10	 5.955957E+1
1.960000E+2	 5.580331E-10	 0.000000E+0	 -1.682604E-10	 5.985987E+1
1.970000E+2	 5.581036E-10	 0.000000E+0	 -1.643357E-10	 6.015897E+1
1.980000E+2	 5.580390E-10	 0.000000E+0	 -1.683870E-10	 6.037209E+1
1.990000E+2	 5.585730E-10	 0.000000E+0	 -1.665724E-10	 6.076027E+1
2.000000E+2	 5.586670E-10	 0.000000E+0	 -1.656862E-10	 6.105961E+1
2.010000E+2	 5.585319E-10	 0.000000E+0	 -1.660660E-10	 6.127488E+1
2.020000E+2	 5.587488E-10	 0.000000E+0	 -1.690623E-10	 6.166019E+1
2.030000E+2	 5.587432E-10	 0.000000E+0	 -1.698219E-10	 6.195854E+1
2.040000E+2	 5.591069E-10	 0.000000E+0	 -1.623945E-10	 6.225841E+1
2.050000E+2	 5.592944E-10	 0.000000E+0	 -1.636605E-10	 6.256012E+1
2.060000E+2	 5.593121E-10	 0.000000E+0	 -1.655174E-10	 6.285992E+1
2.070000E+2	 5.591713E-10	 0.000000E+0	 -1.682604E-10	 6.316022E+1
2.080000E+2	 5.592653E-10	 0.000000E+0	 -1.654752E-10	 6.345757E+1
2.090000E+2	 5.591712E-10	 0.000000E+0	 -1.668678E-10	 6.375897E+1
2.100000E+2	 5.597817E-10	 0.000000E+0	 -1.659816E-10	 6.406013E+1
2.110000E+2	 5.596996E-10	 0.000000E+0	 -1.680072E-10	 6.435995E+1
2.120000E+2	 5.599042E-10	 0.000000E+0	 -1.654330E-10	 6.466026E+1
2.130000E+2	 5.599694E-10	 0.000000E+0	 -1.643357E-10	 6.495897E+1
2.140000E+2	 5.597585E-10	 0.000000E+0	 -1.662770E-10	 6.517596E+1
2.150000E+2	 5.603911E-10	 0.000000E+0	 -1.683026E-10	 6.556017E+1
2.160000E+2	 5.603863E-10	 0.000000E+0	 -1.669944E-10	 6.585948E+1
2.170000E+2	 5.604093E-10	 0.000000E+0	 -1.653486E-10	 6.616026E+1
2.180000E+2	 5.605327E-10	 0.000000E+0	 -1.671632E-10	 6.645911E+1
2.190000E+2	 5.604442E-10	 0.000000E+0	 -1.669944E-10	 6.675897E+1
2.200000E+2	 5.605916E-10	 0.000000E+0	 -1.669100E-10	 6.705970E+1
2.210000E+2	 5.605325E-10	 0.000000E+0	 -1.667834E-10	 6.735847E+1
2.220000E+2	 5.603510E-10	 0.000000E+0	 -1.622679E-10	 6.765816E+1
2.230000E+2	 5.610959E-10	 0.000000E+0	 -1.648421E-10	 6.796011E+1
2.240000E+2	 5.602976E-10	 0.000000E+0	 -1.649266E-10	 6.825943E+1
2.250000E+2	 5.612605E-10	 0.000000E+0	 -1.629853E-10	 6.856022E+1
2.260000E+2	 5.616417E-10	 0.000000E+0	 -1.656018E-10	 6.885897E+1
2.270000E+2	 5.614835E-10	 0.000000E+0	 -1.649265E-10	 6.915984E+1
2.280000E+2	 5.617533E-10	 0.000000E+0	 -1.639559E-10	 6.945964E+1
2.290000E+2	 5.614537E-10	 0.000000E+0	 -1.655174E-10	 6.975945E+1
2.300000E+2	 5.619231E-10	 0.000000E+0	 -1.661082E-10	 7.005897E+1
2.310000E+2	 5.616356E-10	 0.000000E+0	 -1.653908E-10	 7.035897E+1
2.320000E+2	 5.621698E-10	 0.000000E+0	 -1.655596E-10	 7.065897E+1
2.330000E+2	 5.620642E-10	 0.000000E+0	 -1.646733E-10	 7.096015E+1
2.340000E+2	 5.622929E-10	 0.000000E+0	 -1.681338E-10	 7.125801E+1
2.350000E+2	 5.621230E-10	 0.000000E+0	 -1.623523E-10	 7.155977E+1
2.360000E+2	 5.624104E-10	 0.000000E+0	 -1.667834E-10	 7.185884E+1
2.370000E+2	 5.623871E-10	 0.000000E+0	 -1.634917E-10	 7.215890E+1
2.380000E+2	 5.622105E-10	 0.000000E+0	 -1.693999E-10	 7.245969E+1
2.390000E+2	 5.624514E-10	 0.000000E+0	 -1.648844E-10	 7.275884E+1
2.400000E+2	 5.628973E-10	 0.000000E+0	 -1.622679E-10	 7.305865E+1
2.410000E+2	 5.628039E-10	 0.000000E+0	 -1.640403E-10	 7.335962E+1
2.420000E+2	 5.628503E-10	 0.000000E+0	 -1.673320E-10	 7.366039E+1
2.430000E+2	 5.629093E-10	 0.000000E+0	 -1.663192E-10	 7.396021E+1
2.440000E+2	 5.630794E-10	 0.000000E+0	 -1.652642E-10	 7.426001E+1
2.450000E+2	 5.632725E-10	 0.000000E+0	 -1.670366E-10	 7.456031E+1
2.460000E+2	 5.633785E-10	 0.000000E+0	 -1.642513E-10	 7.485963E+1
2.470000E+2	 5.635489E-10	 0.000000E+0	 -1.667412E-10	 7.515993E+1
2.480000E+2	 5.635487E-10	 0.000000E+0	 -1.654752E-10	 7.545897E+1
2.490000E+2	 5.636073E-10	 0.000000E+0	 -1.668678E-10	 7.575955E+1
2.500000E+2	 5.639128E-10	 0.000000E+0	 -1.664880E-10	 7.605838E+1
2.510000E+2	 5.636428E-10	 0.000000E+0	 -1.647156E-10	 7.635966E+1
2.520000E+2	 5.642354E-10	 0.000000E+0	 -1.688512E-10	 7.665895E+1
2.530000E+2	 5.638126E-10	 0.000000E+0	 -1.625211E-10	 7.696025E+1
2.540000E+2	 5.639890E-10	 0.000000E+0	 -1.750548E-10	 7.717646E+1
2.550000E+2	 5.674802E-10	 0.000000E+0	 -1.615083E-10	 7.755938E+1
2.560000E+2	 5.642822E-10	 0.000000E+0	 -1.681338E-10	 7.785968E+1
2.570000E+2	 5.643294E-10	 0.000000E+0	 -1.690200E-10	 7.815897E+1
2.580000E+2	 5.648159E-10	 0.000000E+0	 -1.665724E-10	 7.846028E+1
2.590000E+2	 5.642821E-10	 0.000000E+0	 -1.629853E-10	 7.876009E+1
2.600000E+2	 5.652794E-10	 0.000000E+0	 -1.694421E-10	 7.905894E+1
2.610000E+2	 5.647341E-10	 0.000000E+0	 -1.646311E-10	 7.936019E+1
2.620000E+2	 5.653092E-10	 0.000000E+0	 -1.643779E-10	 7.965952E+1
2.630000E+2	 5.650746E-10	 0.000000E+0	 -1.688512E-10	 7.995876E+1
2.640000E+2	 5.650394E-10	 0.000000E+0	 -1.658128E-10	 8.026012E+1
2.650000E+2	 5.652621E-10	 0.000000E+0	 -1.705393E-10	 8.055894E+1
2.660000E+2	 5.654850E-10	 0.000000E+0	 -1.663614E-10	 8.086023E+1
2.670000E+2	 5.655197E-10	 0.000000E+0	 -1.685980E-10	 8.116003E+1
2.680000E+2	 5.651977E-10	 0.000000E+0	 -1.642935E-10	 8.146082E+1
2.690000E+2	 5.656729E-10	 0.000000E+0	 -1.661504E-10	 8.175965E+1
2.700000E+2	 5.655261E-10	 0.000000E+0	 -1.663192E-10	 8.205946E+1
2.710000E+2	 5.658136E-10	 0.000000E+0	 -1.633651E-10	 8.235897E+1
2.720000E+2	 5.659489E-10	 0.000000E+0	 -1.641669E-10	 8.266010E+1
2.730000E+2	 5.661012E-10	 0.000000E+0	 -1.648843E-10	 8.296037E+1
2.740000E+2	 5.657491E-10	 0.000000E+0	 -1.669100E-10	 8.326015E+1
2.750000E+2	 5.664181E-10	 0.000000E+0	 -1.589340E-10	 8.356022E+1
2.760000E+2	 5.661596E-10	 0.000000E+0	 -1.660660E-10	 8.386027E+1
2.770000E+2	 5.662303E-10	 0.000000E+0	 -1.649687E-10	 8.415810E+1
2.780000E+2	 5.663007E-10	 0.000000E+0	 -1.656862E-10	 8.446038E+1
2.790000E+2	 5.666883E-10	 0.000000E+0	 -1.639137E-10	 8.475970E+1
2.800000E+2	 5.668991E-10	 0.000000E+0	 -1.637449E-10	 8.505843E+1
2.810000E+2	 5.668524E-10	 0.000000E+0	 -1.656440E-10	 8.535885E+1
2.820000E+2	 5.666413E-10	 0.000000E+0	 -1.655596E-10	 8.566012E+1
2.830000E+2	 5.671513E-10	 0.000000E+0	 -1.675008E-10	 8.596040E+1
2.840000E+2	 5.669228E-10	 0.000000E+0	 -1.665724E-10	 8.626022E+1
2.850000E+2	 5.670632E-10	 0.000000E+0	 -1.669522E-10	 8.655953E+1
