-2.000000E+1	 -1.816620E-9	 5.000000E+0	 8.329180E-10
-1.950000E+1	 -1.549006E-9	 5.000000E+0	 7.553101E-10
-1.900000E+1	 -1.379192E-9	 5.000000E+0	 6.937815E-10
-1.850000E+1	 -1.237575E-9	 5.000000E+0	 6.440265E-10
-1.800000E+1	 -1.118720E-9	 5.000000E+0	 5.978159E-10
-1.750000E+1	 -1.020246E-9	 5.000000E+0	 5.606786E-10
-1.700000E+1	 -9.293890E-10	 5.000000E+0	 5.218962E-10
-1.650000E+1	 -8.465705E-10	 5.000000E+0	 4.913425E-10
-1.600000E+1	 -7.706417E-10	 5.000000E+0	 4.607047E-10
-1.550000E+1	 -7.003173E-10	 5.000000E+0	 4.298554E-10
-1.500000E+1	 -6.370107E-10	 5.000000E+0	 4.041129E-10
-1.450000E+1	 -5.761461E-10	 5.000000E+0	 3.793832E-10
-1.400000E+1	 -5.202518E-10	 5.000000E+0	 3.607301E-10
-1.350000E+1	 -4.670154E-10	 5.000000E+0	 3.356204E-10
-1.300000E+1	 -4.202807E-10	 5.000000E+0	 3.138028E-10
-1.250000E+1	 -3.707767E-10	 5.000000E+0	 2.936305E-10
-1.200000E+1	 -3.236259E-10	 5.000000E+0	 2.740911E-10
-1.150000E+1	 -2.826248E-10	 5.000000E+0	 2.576326E-10
-1.100000E+1	 -2.418700E-10	 5.000000E+0	 2.381361E-10
-1.050000E+1	 -2.016319E-10	 5.000000E+0	 2.260244E-10
-1.000000E+1	 -1.604193E-10	 5.000000E+0	 2.039952E-10
-9.500000E+0	 -1.235671E-10	 5.000000E+0	 1.865242E-10
-9.000000E+0	 -8.832853E-11	 5.000000E+0	 1.768598E-10
-8.500000E+0	 -4.990352E-11	 5.000000E+0	 1.584603E-10
-8.000000E+0	 -1.969992E-11	 5.000000E+0	 1.426771E-10
-7.500000E+0	 1.056236E-11	 5.000000E+0	 1.261766E-10
-7.000000E+0	 4.967172E-11	 5.000000E+0	 1.165969E-10
-6.500000E+0	 8.115829E-11	 5.000000E+0	 1.027127E-10
-6.000000E+0	 1.116063E-10	 5.000000E+0	 8.608542E-11
-5.500000E+0	 1.391204E-10	 5.000000E+0	 7.490217E-11
-5.000000E+0	 1.726373E-10	 5.000000E+0	 6.591339E-11
-4.500000E+0	 2.040299E-10	 5.000000E+0	 5.228240E-11
-4.000000E+0	 2.314794E-10	 5.000000E+0	 3.983304E-11
-3.500000E+0	 2.622560E-10	 5.000000E+0	 2.983147E-11
-3.000000E+0	 2.890720E-10	 5.000000E+0	 1.430145E-11
-2.500000E+0	 3.198015E-10	 5.000000E+0	 3.244877E-12
-2.000000E+0	 3.478555E-10	 5.000000E+0	 -9.204457E-12
-1.500000E+0	 3.749472E-10	 5.000000E+0	 -1.899512E-11
-1.000000E+0	 4.006423E-10	 5.000000E+0	 -2.840597E-11
-5.000000E-1	 4.269360E-10	 5.000000E+0	 -4.191039E-11
0.000000E+0	 4.540216E-10	 5.000000E+0	 -5.275602E-11
5.000000E-1	 4.783495E-10	 5.000000E+0	 -6.077422E-11
1.000000E+0	 5.058399E-10	 5.000000E+0	 -7.309692E-11
1.500000E+0	 5.308605E-10	 5.000000E+0	 -7.609322E-11
2.000000E+0	 5.566612E-10	 5.000000E+0	 -9.158104E-11
2.500000E+0	 5.836880E-10	 5.000000E+0	 -1.042836E-10
3.000000E+0	 6.101580E-10	 5.000000E+0	 -1.165219E-10
3.500000E+0	 6.326895E-10	 5.000000E+0	 -1.257639E-10
4.000000E+0	 6.576285E-10	 5.000000E+0	 -1.341197E-10
4.500000E+0	 6.864978E-10	 5.000000E+0	 -1.461049E-10
5.000000E+0	 7.089538E-10	 5.000000E+0	 -1.564863E-10
5.500000E+0	 7.346550E-10	 5.000000E+0	 -1.642091E-10
6.000000E+0	 7.566527E-10	 5.000000E+0	 -1.713411E-10
6.500000E+0	 7.809222E-10	 5.000000E+0	 -1.845078E-10
7.000000E+0	 8.084897E-10	 5.000000E+0	 -1.926950E-10
7.500000E+0	 8.290972E-10	 5.000000E+0	 -2.029926E-10
8.000000E+0	 8.546395E-10	 5.000000E+0	 -2.122352E-10
8.500000E+0	 8.791253E-10	 5.000000E+0	 -2.223641E-10
9.000000E+0	 9.005320E-10	 5.000000E+0	 -2.330838E-10
9.500000E+0	 9.258336E-10	 5.000000E+0	 -2.394988E-10
1.000000E+1	 9.500676E-10	 5.000000E+0	 -2.484881E-10
1.050000E+1	 9.707274E-10	 5.000000E+0	 -2.613602E-10
1.100000E+1	 9.934774E-10	 5.000000E+0	 -2.673532E-10
1.150000E+1	 1.015646E-9	 5.000000E+0	 -2.807738E-10
1.200000E+1	 1.042192E-9	 5.000000E+0	 -2.902274E-10
1.250000E+1	 1.064131E-9	 5.000000E+0	 -2.960516E-10
1.300000E+1	 1.088840E-9	 5.000000E+0	 -3.072778E-10
1.350000E+1	 1.107189E-9	 5.000000E+0	 -3.204453E-10
1.400000E+1	 1.135765E-9	 5.000000E+0	 -3.243702E-10
1.450000E+1	 1.124024E-9	 5.000000E+0	 -3.430241E-10
1.500000E+1	 1.180600E-9	 5.000000E+0	 -3.441637E-10
1.550000E+1	 1.204730E-9	 5.000000E+0	 -3.537439E-10
1.600000E+1	 1.226869E-9	 5.000000E+0	 -3.602433E-10
1.650000E+1	 1.248938E-9	 5.000000E+0	 -3.702033E-10
1.700000E+1	 1.269804E-9	 5.000000E+0	 -3.822313E-10
1.750000E+1	 1.291807E-9	 5.000000E+0	 -3.899124E-10
1.800000E+1	 1.315537E-9	 5.000000E+0	 -3.928245E-10
1.850000E+1	 1.339836E-9	 5.000000E+0	 -4.040084E-10
1.900000E+1	 1.362720E-9	 5.000000E+0	 -4.128711E-10
1.950000E+1	 1.386419E-9	 5.000000E+0	 -4.227469E-10
2.000000E+1	 1.411123E-9	 5.000000E+0	 -4.314829E-10
1.950000E+1	 1.101808E-9	 5.000000E+0	 -3.493125E-10
1.900000E+1	 9.805683E-10	 5.000000E+0	 -2.938992E-10
1.850000E+1	 8.332219E-10	 5.000000E+0	 -2.572665E-10
1.800000E+1	 7.491660E-10	 5.000000E+0	 -2.230394E-10
1.750000E+1	 6.651272E-10	 5.000000E+0	 -1.919353E-10
1.700000E+1	 5.897905E-10	 5.000000E+0	 -1.644201E-10
1.650000E+1	 5.276385E-10	 5.000000E+0	 -1.376646E-10
1.600000E+1	 4.640615E-10	 5.000000E+0	 -1.135678E-10
1.550000E+1	 4.075483E-10	 5.000000E+0	 -9.179203E-11
1.500000E+1	 3.551079E-10	 5.000000E+0	 -6.790624E-11
1.450000E+1	 3.045336E-10	 5.000000E+0	 -4.296534E-11
1.400000E+1	 2.593692E-10	 5.000000E+0	 -2.735102E-11
1.350000E+1	 2.148091E-10	 5.000000E+0	 -1.165222E-11
1.300000E+1	 1.712348E-10	 5.000000E+0	 5.734607E-12
1.250000E+1	 1.318326E-10	 5.000000E+0	 2.578014E-11
1.200000E+1	 9.049982E-11	 5.000000E+0	 4.375780E-11
1.150000E+1	 5.437175E-11	 5.000000E+0	 5.793740E-11
1.100000E+1	 1.671810E-11	 5.000000E+0	 7.228573E-11
1.050000E+1	 -1.724701E-11	 5.000000E+0	 9.089643E-11
1.000000E+1	 -5.114169E-11	 5.000000E+0	 1.054980E-10
9.500000E+0	 -8.739548E-11	 5.000000E+0	 1.139381E-10
9.000000E+0	 -1.183091E-10	 5.000000E+0	 1.294680E-10
8.500000E+0	 -1.523916E-10	 5.000000E+0	 1.461376E-10
8.000000E+0	 -1.831234E-10	 5.000000E+0	 1.613300E-10
7.500000E+0	 -2.149289E-10	 5.000000E+0	 1.720915E-10
7.000000E+0	 -2.438123E-10	 5.000000E+0	 1.849626E-10
6.500000E+0	 -2.754300E-10	 5.000000E+0	 1.937406E-10
6.000000E+0	 -3.028346E-10	 5.000000E+0	 2.072870E-10
5.500000E+0	 -3.310194E-10	 5.000000E+0	 2.190191E-10
5.000000E+0	 -3.618508E-10	 5.000000E+0	 2.247582E-10
4.500000E+0	 -3.900714E-10	 5.000000E+0	 2.453104E-10
4.000000E+0	 -4.195354E-10	 5.000000E+0	 2.546369E-10
3.500000E+0	 -4.467520E-10	 5.000000E+0	 2.657355E-10
3.000000E+0	 -4.725547E-10	 5.000000E+0	 2.780581E-10
2.500000E+0	 -5.015378E-10	 5.000000E+0	 2.891150E-10
2.000000E+0	 -5.258673E-10	 5.000000E+0	 3.006360E-10
1.500000E+0	 -5.533364E-10	 5.000000E+0	 3.084008E-10
1.000000E+0	 -5.784754E-10	 5.000000E+0	 3.214408E-10
5.000000E-1	 -6.063198E-10	 5.000000E+0	 3.285729E-10
0.000000E+0	 -6.299984E-10	 5.000000E+0	 3.403472E-10
-5.000000E-1	 -6.533362E-10	 5.000000E+0	 3.521633E-10
-1.000000E+0	 -6.833052E-10	 5.000000E+0	 3.605614E-10
-1.500000E+0	 -7.043190E-10	 5.000000E+0	 3.700145E-10
-2.000000E+0	 -7.317641E-10	 5.000000E+0	 3.769774E-10
-2.500000E+0	 -7.530605E-10	 5.000000E+0	 3.908618E-10
-3.000000E+0	 -7.795025E-10	 5.000000E+0	 4.028894E-10
-3.500000E+0	 -8.043951E-10	 5.000000E+0	 4.063917E-10
-4.000000E+0	 -8.320934E-10	 5.000000E+0	 4.201492E-10
-4.500000E+0	 -8.537114E-10	 5.000000E+0	 4.319656E-10
-5.000000E+0	 -8.777655E-10	 5.000000E+0	 4.399416E-10
-5.500000E+0	 -9.008801E-10	 5.000000E+0	 4.466092E-10
-6.000000E+0	 -9.256850E-10	 5.000000E+0	 4.561890E-10
-6.500000E+0	 -9.480312E-10	 5.000000E+0	 4.693982E-10
-7.000000E+0	 -9.720906E-10	 5.000000E+0	 4.794418E-10
-7.500000E+0	 -1.001015E-9	 5.000000E+0	 4.855610E-10
-8.000000E+0	 -1.019634E-9	 5.000000E+0	 4.944657E-10
-8.500000E+0	 -1.044375E-9	 5.000000E+0	 5.020196E-10
-9.000000E+0	 -1.069638E-9	 5.000000E+0	 5.146373E-10
-9.500000E+0	 -1.089707E-9	 5.000000E+0	 5.252301E-10
-1.000000E+1	 -1.115879E-9	 5.000000E+0	 5.335012E-10
-1.050000E+1	 -1.135508E-9	 5.000000E+0	 5.390721E-10
-1.100000E+1	 -1.159961E-9	 5.000000E+0	 5.501288E-10
-1.150000E+1	 -1.185083E-9	 5.000000E+0	 5.598349E-10
-1.200000E+1	 -1.209037E-9	 5.000000E+0	 5.710606E-10
-1.250000E+1	 -1.229529E-9	 5.000000E+0	 5.774750E-10
-1.300000E+1	 -1.250537E-9	 5.000000E+0	 5.882365E-10
-1.350000E+1	 -1.271193E-9	 5.000000E+0	 5.979424E-10
-1.400000E+1	 -1.295194E-9	 5.000000E+0	 6.058763E-10
-1.450000E+1	 -1.321073E-9	 5.000000E+0	 6.133455E-10
-1.500000E+1	 -1.344246E-9	 5.000000E+0	 6.187903E-10
-1.550000E+1	 -1.366035E-9	 5.000000E+0	 6.305642E-10
-1.600000E+1	 -1.389672E-9	 5.000000E+0	 6.392154E-10
-1.650000E+1	 -1.409083E-9	 5.000000E+0	 6.460936E-10
-1.700000E+1	 -1.431958E-9	 5.000000E+0	 6.573196E-10
-1.750000E+1	 -1.460360E-9	 5.000000E+0	 6.649159E-10
-1.800000E+1	 -1.479285E-9	 5.000000E+0	 6.729760E-10
-1.850000E+1	 -1.502512E-9	 5.000000E+0	 6.859745E-10
-1.900000E+1	 -1.523421E-9	 5.000000E+0	 6.925575E-10
-1.950000E+1	 -1.545614E-9	 5.000000E+0	 7.006181E-10
-2.000000E+1	 -1.569145E-9	 5.000000E+0	 7.087206E-10
