-1.000000E+1	 -1.223770E-8	 5.000000E+0	 6.026685E-10
-9.800000E+0	 -1.169536E-8	 5.000000E+0	 5.470897E-10
-9.600000E+0	 -1.124439E-8	 5.000000E+0	 5.098683E-10
-9.400000E+0	 -1.081987E-8	 5.000000E+0	 4.767823E-10
-9.200000E+0	 -1.042935E-8	 5.000000E+0	 4.555556E-10
-9.000000E+0	 -1.004657E-8	 5.000000E+0	 4.269008E-10
-8.800000E+0	 -9.709324E-9	 5.000000E+0	 4.102736E-10
-8.600000E+0	 -9.341545E-9	 5.000000E+0	 3.866832E-10
-8.400000E+0	 -8.997933E-9	 5.000000E+0	 3.647388E-10
-8.200000E+0	 -8.639495E-9	 5.000000E+0	 3.557921E-10
-8.000000E+0	 -8.320185E-9	 5.000000E+0	 3.405999E-10
-7.800000E+0	 -7.998974E-9	 5.000000E+0	 3.288678E-10
-7.600000E+0	 -7.679636E-9	 5.000000E+0	 3.108902E-10
-7.400000E+0	 -7.365514E-9	 5.000000E+0	 2.943052E-10
-7.200000E+0	 -7.057563E-9	 5.000000E+0	 2.864557E-10
-7.000000E+0	 -6.749870E-9	 5.000000E+0	 2.747239E-10
-6.800000E+0	 -6.454121E-9	 5.000000E+0	 2.687736E-10
-6.600000E+0	 -6.159713E-9	 5.000000E+0	 2.532859E-10
-6.400000E+0	 -5.872112E-9	 5.000000E+0	 2.468291E-10
-6.200000E+0	 -5.586572E-9	 5.000000E+0	 2.361100E-10
-6.000000E+0	 -5.308165E-9	 5.000000E+0	 2.256438E-10
-5.800000E+0	 -5.025765E-9	 5.000000E+0	 2.210021E-10
-5.600000E+0	 -4.767964E-9	 5.000000E+0	 2.107892E-10
-5.400000E+0	 -4.499912E-9	 5.000000E+0	 2.045435E-10
-5.200000E+0	 -4.244034E-9	 5.000000E+0	 1.973270E-10
-5.000000E+0	 -3.984227E-9	 5.000000E+0	 1.901952E-10
-4.800000E+0	 -3.736234E-9	 5.000000E+0	 1.795182E-10
-4.600000E+0	 -3.492282E-9	 5.000000E+0	 1.710781E-10
-4.400000E+0	 -3.259192E-9	 5.000000E+0	 1.683772E-10
-4.200000E+0	 -3.024921E-9	 5.000000E+0	 1.614562E-10
-4.000000E+0	 -2.805177E-9	 5.000000E+0	 1.568141E-10
-3.800000E+0	 -2.577471E-9	 5.000000E+0	 1.506529E-10
-3.600000E+0	 -2.367677E-9	 5.000000E+0	 1.394273E-10
-3.400000E+0	 -2.146351E-9	 5.000000E+0	 1.334348E-10
-3.200000E+0	 -1.947257E-9	 5.000000E+0	 1.353339E-10
-3.000000E+0	 -1.746809E-9	 5.000000E+0	 1.260497E-10
-2.800000E+0	 -1.551832E-9	 5.000000E+0	 1.220826E-10
-2.600000E+0	 -1.373886E-9	 5.000000E+0	 1.171451E-10
-2.400000E+0	 -1.184536E-9	 5.000000E+0	 1.119542E-10
-2.200000E+0	 -1.010598E-9	 5.000000E+0	 1.073125E-10
-2.000000E+0	 -8.467166E-10	 5.000000E+0	 1.031345E-10
-1.800000E+0	 -6.859219E-10	 5.000000E+0	 9.709972E-11
-1.600000E+0	 -5.345165E-10	 5.000000E+0	 9.216211E-11
-1.400000E+0	 -3.857984E-10	 5.000000E+0	 9.427237E-11
-1.200000E+0	 -2.548209E-10	 5.000000E+0	 8.443948E-11
-9.999999E-1	 -1.335369E-10	 5.000000E+0	 7.587267E-11
-7.999998E-1	 -2.236407E-11	 5.000000E+0	 7.439552E-11
-5.999998E-1	 7.917487E-11	 5.000000E+0	 7.004886E-11
-3.999999E-1	 1.647332E-10	 5.000000E+0	 6.215720E-11
-1.999999E-1	 2.438721E-10	 5.000000E+0	 5.388581E-11
1.490116E-7	 3.287791E-10	 5.000000E+0	 5.865461E-11
2.000002E-1	 4.123070E-10	 5.000000E+0	 5.536285E-11
4.000002E-1	 5.044664E-10	 5.000000E+0	 4.907499E-11
6.000001E-1	 6.138778E-10	 5.000000E+0	 4.156311E-11
8.000002E-1	 7.239458E-10	 5.000000E+0	 3.552850E-11
1.000000E+0	 8.413424E-10	 5.000000E+0	 3.312303E-11
1.200000E+0	 9.617787E-10	 5.000000E+0	 3.223677E-11
1.400000E+0	 1.083635E-9	 5.000000E+0	 2.286822E-11
1.600000E+0	 1.214282E-9	 5.000000E+0	 2.312134E-11
1.800000E+0	 1.342083E-9	 5.000000E+0	 -1.312991E-12
2.000000E+0	 1.482674E-9	 5.000000E+0	 1.396372E-11
2.200000E+0	 1.614138E-9	 5.000000E+0	 1.522966E-11
2.400000E+0	 1.754171E-9	 5.000000E+0	 6.198805E-12
2.600000E+0	 1.888469E-9	 5.000000E+0	 2.906564E-13
2.800000E+0	 2.030880E-9	 5.000000E+0	 -4.857961E-12
3.000000E+0	 2.172469E-9	 5.000000E+0	 -4.393708E-12
3.200000E+0	 2.319528E-9	 5.000000E+0	 -3.845146E-12
3.400000E+0	 2.530110E-9	 5.000000E+0	 1.999848E-11
3.600000E+0	 2.578003E-9	 5.000000E+0	 -2.427042E-11
3.800000E+0	 2.754682E-9	 5.000000E+0	 -1.401967E-10
4.000000E+0	 2.957392E-9	 5.000000E+0	 -6.035229E-11
4.200000E+0	 3.032118E-9	 5.000000E+0	 -3.452523E-11
4.400000E+0	 3.131301E-9	 5.000000E+0	 7.042811E-12
4.600000E+0	 3.378075E-9	 5.000000E+0	 -4.034896E-11
4.800000E+0	 3.596436E-9	 5.000000E+0	 -2.549416E-11
5.000000E+0	 3.717440E-9	 5.000000E+0	 -4.558193E-11
5.200000E+0	 3.918648E-9	 5.000000E+0	 -7.254845E-11
5.400000E+0	 4.076103E-9	 5.000000E+0	 -5.841111E-11
5.600000E+0	 4.294039E-9	 5.000000E+0	 -5.592127E-11
5.800000E+0	 4.462998E-9	 5.000000E+0	 -6.431924E-11
6.000000E+0	 4.690774E-9	 5.000000E+0	 -6.119640E-11
6.200000E+0	 4.915849E-9	 5.000000E+0	 -6.676695E-11
6.400000E+0	 5.142198E-9	 5.000000E+0	 -7.056503E-11
6.600000E+0	 5.087900E-9	 5.000000E+0	 -2.064116E-11
6.800000E+0	 5.815813E-9	 5.000000E+0	 -3.189258E-10
7.000000E+0	 5.831832E-9	 5.000000E+0	 -8.309878E-11
7.200000E+0	 6.098091E-9	 5.000000E+0	 -8.124187E-11
7.400000E+0	 6.358465E-9	 5.000000E+0	 -8.474454E-11
7.600000E+0	 6.619793E-9	 5.000000E+0	 -7.968041E-11
7.800000E+0	 7.212351E-9	 5.000000E+0	 2.749351E-10
8.000000E+0	 7.179171E-9	 5.000000E+0	 -8.360507E-11
8.200000E+0	 7.698902E-9	 5.000000E+0	 -9.280492E-11
8.400001E+0	 7.611153E-9	 5.000000E+0	 -2.101672E-10
8.600000E+0	 8.100550E-9	 5.000000E+0	 -1.271566E-10
8.800000E+0	 8.452872E-9	 5.000000E+0	 -1.182521E-10
9.000000E+0	 8.815952E-9	 5.000000E+0	 -1.220503E-10
9.200001E+0	 9.203401E-9	 5.000000E+0	 -1.135678E-10
9.400001E+0	 9.602790E-9	 5.000000E+0	 -1.047900E-10
9.600000E+0	 1.016934E-8	 5.000000E+0	 -2.303828E-10
9.800000E+0	 1.050832E-8	 5.000000E+0	 -1.262282E-10
1.000000E+1	 1.100908E-8	 5.000000E+0	 -1.293932E-10
9.800000E+0	 1.069487E-8	 5.000000E+0	 -1.016671E-10
9.600000E+0	 1.047518E-8	 5.000000E+0	 -3.954716E-11
9.400001E+0	 1.024605E-8	 5.000000E+0	 -6.917229E-11
9.200001E+0	 1.005784E-8	 5.000000E+0	 -6.039448E-11
9.000000E+0	 9.807535E-9	 5.000000E+0	 -3.422983E-11
8.800000E+0	 9.583839E-9	 5.000000E+0	 -1.772922E-11
8.600000E+0	 9.309312E-9	 5.000000E+0	 1.708654E-11
8.400001E+0	 9.052287E-9	 5.000000E+0	 -2.756202E-11
8.200000E+0	 8.776491E-9	 5.000000E+0	 -3.043177E-12
8.000000E+0	 8.500163E-9	 5.000000E+0	 1.607381E-11
7.800000E+0	 8.218429E-9	 5.000000E+0	 2.856521E-11
7.600000E+0	 7.927481E-9	 5.000000E+0	 3.860912E-11
7.400000E+0	 7.629962E-9	 5.000000E+0	 4.485490E-11
7.200000E+0	 7.332375E-9	 5.000000E+0	 5.367490E-11
7.000000E+0	 7.038545E-9	 5.000000E+0	 5.629130E-11
6.800000E+0	 6.731843E-9	 5.000000E+0	 6.983794E-11
6.600000E+0	 6.428415E-9	 5.000000E+0	 7.675890E-11
6.400000E+0	 6.115459E-9	 5.000000E+0	 7.629480E-11
6.200000E+0	 5.815770E-9	 5.000000E+0	 8.427062E-11
6.000000E+0	 5.515701E-9	 5.000000E+0	 8.992565E-11
5.800000E+0	 5.225945E-9	 5.000000E+0	 1.005180E-10
5.600000E+0	 4.939675E-9	 5.000000E+0	 1.234333E-10
5.400000E+0	 4.623169E-9	 5.000000E+0	 1.114904E-10
5.200000E+0	 4.312552E-9	 5.000000E+0	 9.828138E-11
5.000000E+0	 4.024078E-9	 5.000000E+0	 1.147397E-10
4.800000E+0	 3.731331E-9	 5.000000E+0	 1.321267E-10
4.600000E+0	 3.465782E-9	 5.000000E+0	 1.423814E-10
4.400000E+0	 3.181067E-9	 5.000000E+0	 1.338989E-10
4.200000E+0	 2.911265E-9	 5.000000E+0	 1.395120E-10
4.000000E+0	 2.639516E-9	 5.000000E+0	 1.460531E-10
3.800000E+0	 2.380341E-9	 5.000000E+0	 1.460954E-10
3.600000E+0	 2.123930E-9	 5.000000E+0	 1.552951E-10
3.400000E+0	 1.881145E-9	 5.000000E+0	 1.618783E-10
3.200000E+0	 1.636373E-9	 5.000000E+0	 1.687572E-10
3.000000E+0	 1.398067E-9	 5.000000E+0	 1.696014E-10
2.800000E+0	 1.170919E-9	 5.000000E+0	 1.728507E-10
2.600000E+0	 9.541797E-10	 5.000000E+0	 1.757626E-10
2.400000E+0	 7.407975E-10	 5.000000E+0	 1.833587E-10
2.200000E+0	 5.542023E-10	 5.000000E+0	 1.994795E-10
2.000000E+0	 3.618617E-10	 5.000000E+0	 1.871568E-10
1.800000E+0	 1.793850E-10	 5.000000E+0	 1.922630E-10
1.600000E+0	 1.435909E-11	 5.000000E+0	 1.924741E-10
1.400000E+0	 -1.492872E-10	 5.000000E+0	 1.945417E-10
1.200000E+0	 -2.648963E-10	 5.000000E+0	 1.884227E-10
1.000000E+0	 -4.329733E-10	 5.000000E+0	 2.055143E-10
8.000002E-1	 -4.370750E-10	 5.000000E+0	 2.072447E-10
6.000001E-1	 -5.174695E-10	 5.000000E+0	 2.767077E-10
4.000002E-1	 -6.243702E-10	 5.000000E+0	 3.516146E-10
2.000002E-1	 -9.541273E-10	 5.000000E+0	 9.760612E-11
1.490116E-7	 -1.103526E-9	 5.000000E+0	 2.561559E-10
-1.999999E-1	 -8.325741E-10	 5.000000E+0	 4.748836E-10
-3.999999E-1	 -1.435038E-9	 5.000000E+0	 2.185123E-10
-5.999998E-1	 -1.326330E-9	 5.000000E+0	 4.612946E-10
-7.999998E-1	 -1.633523E-9	 5.000000E+0	 6.599754E-11
-9.999999E-1	 -1.881438E-9	 5.000000E+0	 2.457740E-10
-1.200000E+0	 -1.644908E-9	 5.000000E+0	 4.861090E-10
-1.400000E+0	 -2.045348E-9	 5.000000E+0	 2.558180E-10
-1.600000E+0	 -2.156579E-9	 5.000000E+0	 2.616415E-10
-1.800000E+0	 -2.285719E-9	 5.000000E+0	 2.661994E-10
-2.000000E+0	 -2.418008E-9	 5.000000E+0	 2.687316E-10
-2.200000E+0	 -2.547941E-9	 5.000000E+0	 2.678876E-10
-2.400000E+0	 -2.683743E-9	 5.000000E+0	 2.756102E-10
-2.600000E+0	 -2.816899E-9	 5.000000E+0	 2.810963E-10
-2.800000E+0	 -2.954018E-9	 5.000000E+0	 2.839239E-10
-3.000000E+0	 -3.093171E-9	 5.000000E+0	 2.876797E-10
-3.200000E+0	 -3.239902E-9	 5.000000E+0	 2.909288E-10
-3.400000E+0	 -3.381191E-9	 5.000000E+0	 2.907184E-10
-3.600000E+0	 -3.529192E-9	 5.000000E+0	 2.979346E-10
-3.800000E+0	 -3.693047E-9	 5.000000E+0	 3.025765E-10
-4.000000E+0	 -3.845165E-9	 5.000000E+0	 3.097930E-10
-4.200000E+0	 -4.141933E-9	 5.000000E+0	 3.299651E-10
-4.400000E+0	 -4.256631E-9	 5.000000E+0	 3.493777E-10
-4.600000E+0	 -4.499279E-9	 5.000000E+0	 4.687644E-10
-4.800000E+0	 -4.351321E-9	 5.000000E+0	 6.484141E-10
-5.000000E+0	 -4.829821E-9	 5.000000E+0	 3.128737E-10
-5.200000E+0	 -5.056380E-9	 5.000000E+0	 3.424568E-10
-5.400000E+0	 -5.111402E-9	 5.000000E+0	 3.397980E-10
-5.600000E+0	 -5.222208E-9	 5.000000E+0	 1.728928E-10
-5.800000E+0	 -5.532272E-9	 5.000000E+0	 4.284205E-10
-6.000000E+0	 -5.779647E-9	 5.000000E+0	 3.302184E-10
-6.200000E+0	 -6.034746E-9	 5.000000E+0	 4.020448E-10
-6.400000E+0	 -6.169561E-9	 5.000000E+0	 1.701916E-10
-6.600000E+0	 -6.381679E-9	 5.000000E+0	 2.738798E-10
-6.800000E+0	 -1.281905E-8	 5.000000E+0	 1.646216E-10
-7.000000E+0	 -5.691020E-8	 5.000000E+0	 3.756688E-10
-7.200000E+0	 -8.396283E-9	 5.000000E+0	 2.312990E-10
-7.400000E+0	 -8.216825E-9	 5.000000E+0	 2.317632E-10
-7.600000E+0	 -1.106111E-8	 5.000000E+0	 5.167468E-10
-7.800000E+0	 -8.392458E-9	 5.000000E+0	 5.332053E-10
-8.000000E+0	 -8.302399E-9	 5.000000E+0	 1.042317E-10
-8.200000E+0	 -8.785586E-9	 5.000000E+0	 2.858652E-10
-8.400000E+0	 -9.049328E-9	 5.000000E+0	 3.603078E-10
-8.600000E+0	 -9.367699E-9	 5.000000E+0	 3.399669E-10
-8.800000E+0	 -9.669921E-9	 5.000000E+0	 3.763020E-10
-9.000000E+0	 -1.000655E-8	 5.000000E+0	 3.541043E-10
-9.200000E+0	 -1.020930E-8	 5.000000E+0	 3.755004E-10
-9.400000E+0	 -1.056115E-8	 5.000000E+0	 3.829275E-10
-9.600000E+0	 -1.087581E-8	 5.000000E+0	 3.936043E-10
-9.800000E+0	 -1.119582E-8	 5.000000E+0	 4.041547E-10
-1.000000E+1	 -1.154070E-8	 5.000000E+0	 4.048298E-10
-9.800000E+0	 -1.109431E-8	 5.000000E+0	 3.625866E-10
-9.600000E+0	 -1.068706E-8	 5.000000E+0	 3.657096E-10
-9.400000E+0	 -1.034053E-8	 5.000000E+0	 3.086535E-10
-9.200000E+0	 -1.007215E-8	 5.000000E+0	 3.937310E-10
-9.000000E+0	 -9.742603E-9	 5.000000E+0	 3.078097E-10
-8.800000E+0	 -9.391701E-9	 5.000000E+0	 3.155743E-10
-8.600000E+0	 -8.854250E-9	 5.000000E+0	 5.603408E-10
-8.400000E+0	 -8.746651E-9	 5.000000E+0	 2.801676E-10
-8.200000E+0	 -8.421898E-9	 5.000000E+0	 2.745553E-10
-8.000000E+0	 -8.124393E-9	 5.000000E+0	 2.591518E-10
-7.800000E+0	 -7.804822E-9	 5.000000E+0	 2.405834E-10
-7.600000E+0	 -7.518438E-9	 5.000000E+0	 2.334091E-10
-7.400000E+0	 -7.211824E-9	 5.000000E+0	 2.300332E-10
-7.200000E+0	 -6.931034E-9	 5.000000E+0	 2.183013E-10
-7.000000E+0	 -6.626165E-9	 5.000000E+0	 2.158111E-10
-6.800000E+0	 -6.337932E-9	 5.000000E+0	 2.110848E-10
-6.600000E+0	 -6.057217E-9	 5.000000E+0	 2.017583E-10
-6.400000E+0	 -5.764583E-9	 5.000000E+0	 1.965254E-10
-6.200000E+0	 -5.479806E-9	 5.000000E+0	 2.022226E-10
-6.000000E+0	 -5.277200E-9	 5.000000E+0	 1.474456E-10
-5.800000E+0	 -4.938229E-9	 5.000000E+0	 1.820505E-10
-5.600000E+0	 -4.688364E-9	 5.000000E+0	 1.710360E-10
-5.400000E+0	 -4.415547E-9	 5.000000E+0	 1.663095E-10
-5.200000E+0	 -4.161474E-9	 5.000000E+0	 1.571097E-10
-5.000000E+0	 -3.898747E-9	 5.000000E+0	 1.535647E-10
-4.800000E+0	 -3.665069E-9	 5.000000E+0	 1.376970E-10
-4.600000E+0	 -3.426886E-9	 5.000000E+0	 1.366421E-10
-4.400000E+0	 -3.157835E-9	 5.000000E+0	 1.371486E-10
-4.200000E+0	 -2.928483E-9	 5.000000E+0	 1.476144E-10
-4.000000E+0	 -2.706189E-9	 5.000000E+0	 1.383724E-10
-3.800000E+0	 -2.450762E-9	 5.000000E+0	 1.514127E-10
-3.600000E+0	 -2.235361E-9	 5.000000E+0	 1.044007E-10
-3.400000E+0	 -2.017486E-9	 5.000000E+0	 1.330551E-10
-3.200000E+0	 -1.874267E-9	 5.000000E+0	 1.218295E-10
-3.000000E+0	 -1.390716E-9	 5.000000E+0	 -2.874379E-11
-2.800000E+0	 -1.230859E-9	 5.000000E+0	 1.229271E-10
-2.600000E+0	 -1.318490E-9	 5.000000E+0	 1.038098E-10
-2.400000E+0	 -1.021647E-9	 5.000000E+0	 1.517080E-10
-2.200000E+0	 -8.223924E-10	 5.000000E+0	 1.690527E-10
-2.000000E+0	 -9.426145E-10	 5.000000E+0	 4.477047E-11
-1.800000E+0	 -5.850007E-10	 5.000000E+0	 7.161044E-11
-1.600000E+0	 -4.205973E-10	 5.000000E+0	 7.671674E-11
-1.400000E+0	 -2.712223E-10	 5.000000E+0	 7.397374E-11
-1.200000E+0	 -1.358138E-10	 5.000000E+0	 6.464718E-11
-9.999999E-1	 -7.634912E-12	 5.000000E+0	 6.287484E-11
-7.999998E-1	 1.089011E-10	 5.000000E+0	 6.236844E-11
-5.999998E-1	 2.195795E-10	 5.000000E+0	 5.232459E-11
-3.999999E-1	 3.173076E-10	 5.000000E+0	 5.278869E-11
-1.999999E-1	 4.115912E-10	 5.000000E+0	 4.717590E-11
1.490116E-7	 5.120424E-10	 5.000000E+0	 4.590997E-11
2.000002E-1	 6.072999E-10	 5.000000E+0	 3.911539E-11
4.000002E-1	 7.250774E-10	 5.000000E+0	 3.523311E-11
6.000001E-1	 8.419999E-10	 5.000000E+0	 3.670995E-11
8.000002E-1	 9.723000E-10	 5.000000E+0	 3.223685E-11
1.000000E+0	 1.101444E-9	 5.000000E+0	 2.814332E-11
1.200000E+0	 1.229063E-9	 5.000000E+0	 1.725439E-12
1.400000E+0	 1.369362E-9	 5.000000E+0	 1.632698E-11
1.600000E+0	 1.509649E-9	 5.000000E+0	 1.991395E-11
1.800000E+0	 1.650693E-9	 5.000000E+0	 4.088743E-12
2.000000E+0	 1.797054E-9	 5.000000E+0	 1.809872E-12
2.200000E+0	 1.943449E-9	 5.000000E+0	 1.598832E-12
2.400000E+0	 2.088454E-9	 5.000000E+0	 -5.534462E-13
2.600000E+0	 2.240361E-9	 5.000000E+0	 -3.043246E-12
2.800000E+0	 2.386021E-9	 5.000000E+0	 -7.854092E-12
3.000000E+0	 2.539940E-9	 5.000000E+0	 -1.253846E-11
3.200000E+0	 2.692719E-9	 5.000000E+0	 -1.941731E-11
3.400000E+0	 2.849202E-9	 5.000000E+0	 -2.059893E-11
3.600000E+0	 3.005220E-9	 5.000000E+0	 -2.173842E-11
3.800000E+0	 3.167985E-9	 5.000000E+0	 -2.452362E-11
4.000000E+0	 3.331838E-9	 5.000000E+0	 -2.536761E-11
4.200000E+0	 3.494084E-9	 5.000000E+0	 -4.009582E-11
4.400000E+0	 3.666590E-9	 5.000000E+0	 -3.726836E-11
4.600000E+0	 3.842272E-9	 5.000000E+0	 -3.642428E-11
4.800000E+0	 4.015743E-9	 5.000000E+0	 -4.393610E-11
5.000000E+0	 4.195574E-9	 5.000000E+0	 -5.077275E-11
5.200000E+0	 4.383564E-9	 5.000000E+0	 -5.030844E-11
5.400000E+0	 4.576303E-9	 5.000000E+0	 -6.132292E-11
5.600000E+0	 4.771139E-9	 5.000000E+0	 -5.807345E-11
5.800000E+0	 4.985013E-9	 5.000000E+0	 -5.917072E-11
6.000000E+0	 5.188058E-9	 5.000000E+0	 -6.309533E-11
6.200000E+0	 5.411603E-9	 5.000000E+0	 -6.887693E-11
6.400000E+0	 5.632043E-9	 5.000000E+0	 -7.254838E-11
6.600000E+0	 5.871641E-9	 5.000000E+0	 -7.799233E-11
6.800000E+0	 6.110842E-9	 5.000000E+0	 -8.031343E-11
7.000000E+0	 6.364239E-9	 5.000000E+0	 -8.786744E-11
7.200000E+0	 6.614261E-9	 5.000000E+0	 -9.174985E-11
7.400000E+0	 6.878644E-9	 5.000000E+0	 -8.989305E-11
7.600000E+0	 7.155374E-9	 5.000000E+0	 -9.234073E-11
7.800000E+0	 7.440634E-9	 5.000000E+0	 -1.005277E-10
8.000000E+0	 7.735061E-9	 5.000000E+0	 -1.023846E-10
8.200000E+0	 8.036992E-9	 5.000000E+0	 -1.109514E-10
8.400001E+0	 8.348795E-9	 5.000000E+0	 -1.125550E-10
8.600000E+0	 8.678668E-9	 5.000000E+0	 -1.147917E-10
8.800000E+0	 9.018222E-9	 5.000000E+0	 -1.196449E-10
9.000000E+0	 9.374874E-9	 5.000000E+0	 -1.206999E-10
9.200001E+0	 9.750995E-9	 5.000000E+0	 -1.270722E-10
9.400001E+0	 1.013930E-8	 5.000000E+0	 -1.287180E-10
9.600000E+0	 1.055379E-8	 5.000000E+0	 -1.156357E-10
9.800000E+0	 1.101579E-8	 5.000000E+0	 -1.297731E-10
1.000000E+1	 1.146864E-8	 5.000000E+0	 -1.387197E-10
9.800000E+0	 1.111614E-8	 5.000000E+0	 -9.744708E-11
9.600000E+0	 1.084114E-8	 5.000000E+0	 -8.141067E-11
9.400001E+0	 1.057753E-8	 5.000000E+0	 -6.039459E-11
9.200001E+0	 1.029921E-8	 5.000000E+0	 -4.397827E-11
9.000000E+0	 1.007538E-8	 5.000000E+0	 -3.338585E-11
8.800000E+0	 9.784102E-9	 5.000000E+0	 -2.148527E-11
8.600000E+0	 9.492388E-9	 5.000000E+0	 -8.698209E-12
8.400001E+0	 9.199879E-9	 5.000000E+0	 -7.643192E-13
8.200000E+0	 8.908840E-9	 5.000000E+0	 1.240226E-11
8.000000E+0	 8.607897E-9	 5.000000E+0	 1.687556E-11
7.800000E+0	 8.296477E-9	 5.000000E+0	 2.987341E-11
7.600000E+0	 7.986125E-9	 5.000000E+0	 3.278532E-11
7.400000E+0	 7.671046E-9	 5.000000E+0	 4.493925E-11
7.200000E+0	 7.356280E-9	 5.000000E+0	 4.700706E-11
7.000000E+0	 7.043010E-9	 5.000000E+0	 5.696657E-11
6.800000E+0	 6.725687E-9	 5.000000E+0	 6.473155E-11
6.600000E+0	 6.409161E-9	 5.000000E+0	 7.384698E-11
6.400000E+0	 6.091690E-9	 5.000000E+0	 8.135886E-11
6.200000E+0	 5.781701E-9	 5.000000E+0	 8.216056E-11
6.000000E+0	 5.470165E-9	 5.000000E+0	 8.815318E-11
5.800000E+0	 5.168030E-9	 5.000000E+0	 9.262638E-11
5.600000E+0	 4.863082E-9	 5.000000E+0	 1.029235E-10
5.400000E+0	 4.569250E-9	 5.000000E+0	 1.061308E-10
5.200000E+0	 4.273129E-9	 5.000000E+0	 1.135158E-10
5.000000E+0	 3.978464E-9	 5.000000E+0	 1.155837E-10
4.800000E+0	 3.694339E-9	 5.000000E+0	 1.251210E-10
4.600000E+0	 3.424368E-9	 5.000000E+0	 1.277377E-10
4.400000E+0	 3.149409E-9	 5.000000E+0	 1.301853E-10
4.200000E+0	 2.883182E-9	 5.000000E+0	 1.390476E-10
4.000000E+0	 2.620757E-9	 5.000000E+0	 1.432255E-10
3.800000E+0	 2.364286E-9	 5.000000E+0	 1.494290E-10
3.600000E+0	 2.115276E-9	 5.000000E+0	 1.525094E-10
3.400000E+0	 1.882877E-9	 5.000000E+0	 1.595150E-10
3.200000E+0	 1.648833E-9	 5.000000E+0	 1.601904E-10
3.000000E+0	 1.419959E-9	 5.000000E+0	 1.649590E-10
2.800000E+0	 1.201185E-9	 5.000000E+0	 1.703184E-10
2.600000E+0	 9.913469E-10	 5.000000E+0	 1.758468E-10
2.400000E+0	 7.943418E-10	 5.000000E+0	 1.754671E-10
2.200000E+0	 6.059734E-10	 5.000000E+0	 1.869879E-10
2.000000E+0	 4.306029E-10	 5.000000E+0	 1.866501E-10
1.800000E+0	 2.655772E-10	 5.000000E+0	 1.939510E-10
1.600000E+0	 1.074695E-10	 5.000000E+0	 1.972006E-10
1.400000E+0	 -3.472832E-11	 5.000000E+0	 2.013363E-10
1.200000E+0	 -1.693624E-10	 5.000000E+0	 2.053454E-10
1.000000E+0	 -2.957456E-10	 5.000000E+0	 2.099454E-10
8.000002E-1	 -4.203861E-10	 5.000000E+0	 2.158534E-10
6.000001E-1	 -5.500731E-10	 5.000000E+0	 2.160221E-10
4.000002E-1	 -6.750303E-10	 5.000000E+0	 2.195672E-10
2.000002E-1	 -8.074701E-10	 5.000000E+0	 2.245045E-10
1.490116E-7	 -9.360709E-10	 5.000000E+0	 2.276700E-10
-1.999999E-1	 -1.063488E-9	 5.000000E+0	 2.316367E-10
-3.999999E-1	 -1.195686E-9	 5.000000E+0	 2.357724E-10
-5.999998E-1	 -1.327779E-9	 5.000000E+0	 2.418913E-10
-7.999998E-1	 -1.450859E-9	 5.000000E+0	 2.456052E-10
-9.999999E-1	 -1.573563E-9	 5.000000E+0	 2.432841E-10
-1.200000E+0	 -1.691584E-9	 5.000000E+0	 2.497411E-10
-1.400000E+0	 -1.814247E-9	 5.000000E+0	 2.558600E-10
-1.600000E+0	 -1.945431E-9	 5.000000E+0	 2.584341E-10
-1.800000E+0	 -2.069649E-9	 5.000000E+0	 2.658616E-10
-2.000000E+0	 -2.205967E-9	 5.000000E+0	 2.674651E-10
-2.200000E+0	 -2.339944E-9	 5.000000E+0	 2.702928E-10
-2.400000E+0	 -2.476660E-9	 5.000000E+0	 2.765806E-10
-2.600000E+0	 -2.618675E-9	 5.000000E+0	 2.759478E-10
-2.800000E+0	 -2.765498E-9	 5.000000E+0	 2.853163E-10
-3.000000E+0	 -2.925301E-9	 5.000000E+0	 2.857380E-10
-3.200000E+0	 -3.079971E-9	 5.000000E+0	 2.886923E-10
-3.400000E+0	 -3.243641E-9	 5.000000E+0	 2.924482E-10
-3.600000E+0	 -3.409740E-9	 5.000000E+0	 2.975968E-10
-3.800000E+0	 -3.579852E-9	 5.000000E+0	 3.057838E-10
-4.000000E+0	 -3.755452E-9	 5.000000E+0	 3.062059E-10
-4.200000E+0	 -3.935839E-9	 5.000000E+0	 3.094978E-10
-4.400000E+0	 -4.120343E-9	 5.000000E+0	 3.084422E-10
-4.600000E+0	 -4.298935E-9	 5.000000E+0	 3.160807E-10
-4.800000E+0	 -4.490027E-9	 5.000000E+0	 3.163762E-10
-5.000000E+0	 -4.687679E-9	 5.000000E+0	 3.264198E-10
-5.200000E+0	 -4.895305E-9	 5.000000E+0	 3.281924E-10
-5.400000E+0	 -5.106879E-9	 5.000000E+0	 3.309778E-10
-5.600000E+0	 -5.321771E-9	 5.000000E+0	 3.342269E-10
-5.800000E+0	 -5.539006E-9	 5.000000E+0	 3.361263E-10
-6.000000E+0	 -5.766395E-9	 5.000000E+0	 3.424566E-10
-6.200000E+0	 -6.000476E-9	 5.000000E+0	 3.445665E-10
-6.400000E+0	 -6.239571E-9	 5.000000E+0	 3.522893E-10
-6.600000E+0	 -6.492149E-9	 5.000000E+0	 3.543147E-10
-6.800000E+0	 -6.752144E-9	 5.000000E+0	 3.598012E-10
-7.000000E+0	 -7.009591E-9	 5.000000E+0	 3.547794E-10
-7.200000E+0	 -7.275781E-9	 5.000000E+0	 3.628398E-10
-7.400000E+0	 -7.546034E-9	 5.000000E+0	 3.680723E-10
-7.600000E+0	 -7.833581E-9	 5.000000E+0	 3.738539E-10
-7.800000E+0	 -8.125051E-9	 5.000000E+0	 3.748248E-10
-8.000000E+0	 -8.417673E-9	 5.000000E+0	 3.806062E-10
-8.200000E+0	 -8.714732E-9	 5.000000E+0	 3.809016E-10
-8.400000E+0	 -9.020124E-9	 5.000000E+0	 3.820412E-10
-8.600000E+0	 -9.329939E-9	 5.000000E+0	 3.911987E-10
-8.800000E+0	 -9.647807E-9	 5.000000E+0	 3.963047E-10
-9.000000E+0	 -9.973046E-9	 5.000000E+0	 4.025084E-10
-9.200000E+0	 -1.023145E-8	 5.000000E+0	 3.865989E-10
-9.400000E+0	 -1.059060E-8	 5.000000E+0	 3.952077E-10
-9.600000E+0	 -1.092330E-8	 5.000000E+0	 4.001451E-10
-9.800000E+0	 -1.125457E-8	 5.000000E+0	 4.084164E-10
-1.000000E+1	 -1.158069E-8	 5.000000E+0	 4.083748E-10
