-2.000000E+1	 -2.043118E-9	 5.000000E+0	 3.543830E-9
-1.950000E+1	 -1.726927E-9	 5.000000E+0	 3.449849E-9
-1.900000E+1	 -1.524821E-9	 5.000000E+0	 3.379836E-9
-1.850000E+1	 -1.365136E-9	 5.000000E+0	 3.325990E-9
-1.800000E+1	 -1.226823E-9	 5.000000E+0	 3.282227E-9
-1.750000E+1	 -1.114827E-9	 5.000000E+0	 3.241417E-9
-1.700000E+1	 -1.006460E-9	 5.000000E+0	 3.210145E-9
-1.650000E+1	 -9.155031E-10	 5.000000E+0	 3.168073E-9
-1.600000E+1	 -8.323155E-10	 5.000000E+0	 3.140305E-9
-1.550000E+1	 -7.510937E-10	 5.000000E+0	 3.108104E-9
-1.500000E+1	 -6.830464E-10	 5.000000E+0	 3.084768E-9
-1.450000E+1	 -6.178153E-10	 5.000000E+0	 3.064469E-9
-1.400000E+1	 -5.574028E-10	 5.000000E+0	 3.040922E-9
-1.350000E+1	 -5.003403E-10	 5.000000E+0	 3.017709E-9
-1.300000E+1	 -4.411120E-10	 5.000000E+0	 2.999057E-9
-1.250000E+1	 -3.917082E-10	 5.000000E+0	 2.975510E-9
-1.200000E+1	 -3.428787E-10	 5.000000E+0	 2.963737E-9
-1.150000E+1	 -2.955402E-10	 5.000000E+0	 2.947236E-9
-1.100000E+1	 -2.548913E-10	 5.000000E+0	 2.935840E-9
-1.050000E+1	 -2.137083E-10	 5.000000E+0	 2.914823E-9
-1.000000E+1	 -1.700078E-10	 5.000000E+0	 2.900053E-9
-9.500000E+0	 -1.247934E-10	 5.000000E+0	 2.888702E-9
-9.000000E+0	 -8.940816E-11	 5.000000E+0	 2.872199E-9
-8.500000E+0	 -4.995624E-11	 5.000000E+0	 2.858231E-9
-8.000000E+0	 -1.437746E-11	 5.000000E+0	 2.846500E-9
-7.500000E+0	 1.840221E-11	 5.000000E+0	 2.837257E-9
-7.000000E+0	 5.663088E-11	 5.000000E+0	 2.825273E-9
-6.500000E+0	 8.436792E-11	 5.000000E+0	 2.813922E-9
-6.000000E+0	 1.263402E-10	 5.000000E+0	 2.799191E-9
-5.500000E+0	 1.541712E-10	 5.000000E+0	 2.793537E-9
-5.000000E+0	 1.908624E-10	 5.000000E+0	 2.783747E-9
-4.500000E+0	 2.224723E-10	 5.000000E+0	 2.773998E-9
-4.000000E+0	 2.502445E-10	 5.000000E+0	 2.765474E-9
-3.500000E+0	 2.815138E-10	 5.000000E+0	 2.752181E-9
-3.000000E+0	 3.075905E-10	 5.000000E+0	 2.750745E-9
-2.500000E+0	 3.435306E-10	 5.000000E+0	 2.739056E-9
-2.000000E+0	 3.695426E-10	 5.000000E+0	 2.728127E-9
-1.500000E+0	 3.995976E-10	 5.000000E+0	 2.717155E-9
-1.000000E+0	 4.298400E-10	 5.000000E+0	 2.711456E-9
-5.000000E-1	 4.583633E-10	 5.000000E+0	 2.703816E-9
0.000000E+0	 4.838764E-10	 5.000000E+0	 2.698923E-9
5.000000E-1	 5.102404E-10	 5.000000E+0	 2.690821E-9
1.000000E+0	 5.388812E-10	 5.000000E+0	 2.685503E-9
1.500000E+0	 5.640836E-10	 5.000000E+0	 2.673855E-9
2.000000E+0	 5.891742E-10	 5.000000E+0	 2.668243E-9
2.500000E+0	 6.177149E-10	 5.000000E+0	 2.664276E-9
3.000000E+0	 6.464316E-10	 5.000000E+0	 2.651910E-9
3.500000E+0	 6.699499E-10	 5.000000E+0	 2.648112E-9
4.000000E+0	 6.985262E-10	 5.000000E+0	 2.641022E-9
4.500000E+0	 7.220851E-10	 5.000000E+0	 2.638027E-9
5.000000E+0	 7.498051E-10	 5.000000E+0	 2.636888E-9
5.500000E+0	 7.731352E-10	 5.000000E+0	 2.623720E-9
6.000000E+0	 7.958725E-10	 5.000000E+0	 2.621314E-9
6.500000E+0	 8.264500E-10	 5.000000E+0	 2.612452E-9
7.000000E+0	 8.505721E-10	 5.000000E+0	 2.605152E-9
7.500000E+0	 8.761500E-10	 5.000000E+0	 2.598146E-9
8.000000E+0	 9.006245E-10	 5.000000E+0	 2.592575E-9
8.500000E+0	 9.211678E-10	 5.000000E+0	 2.582743E-9
9.000000E+0	 9.504537E-10	 5.000000E+0	 2.576750E-9
9.500000E+0	 9.742653E-10	 5.000000E+0	 2.577424E-9
1.000000E+1	 9.962514E-10	 5.000000E+0	 2.570843E-9
1.050000E+1	 1.020692E-9	 5.000000E+0	 2.563078E-9
1.100000E+1	 1.045248E-9	 5.000000E+0	 2.554721E-9
1.150000E+1	 1.071523E-9	 5.000000E+0	 2.546914E-9
1.200000E+1	 1.093457E-9	 5.000000E+0	 2.541680E-9
1.250000E+1	 1.116688E-9	 5.000000E+0	 2.536110E-9
1.300000E+1	 1.150310E-9	 5.000000E+0	 2.534550E-9
1.350000E+1	 1.165918E-9	 5.000000E+0	 2.526994E-9
1.400000E+1	 1.186544E-9	 5.000000E+0	 2.519399E-9
1.450000E+1	 1.210356E-9	 5.000000E+0	 2.515263E-9
1.500000E+1	 1.240205E-9	 5.000000E+0	 2.507203E-9
1.550000E+1	 1.258519E-9	 5.000000E+0	 2.501000E-9
1.600000E+1	 1.282084E-9	 5.000000E+0	 2.497539E-9
1.650000E+1	 1.305536E-9	 5.000000E+0	 2.490828E-9
1.700000E+1	 1.336742E-9	 5.000000E+0	 2.485343E-9
1.750000E+1	 1.347527E-9	 5.000000E+0	 2.477029E-9
1.800000E+1	 1.375152E-9	 5.000000E+0	 2.483993E-9
1.850000E+1	 1.401076E-9	 5.000000E+0	 2.474287E-9
1.900000E+1	 1.422394E-9	 5.000000E+0	 2.458671E-9
1.950000E+1	 1.446006E-9	 5.000000E+0	 2.457406E-9
2.000000E+1	 1.471355E-9	 5.000000E+0	 2.453397E-9
1.950000E+1	 1.140347E-9	 5.000000E+0	 2.539275E-9
1.900000E+1	 9.879012E-10	 5.000000E+0	 2.590466E-9
1.850000E+1	 8.678815E-10	 5.000000E+0	 2.633595E-9
1.800000E+1	 7.689042E-10	 5.000000E+0	 2.671999E-9
1.750000E+1	 6.854816E-10	 5.000000E+0	 2.705716E-9
1.700000E+1	 6.041132E-10	 5.000000E+0	 2.735427E-9
1.650000E+1	 5.409700E-10	 5.000000E+0	 2.764757E-9
1.600000E+1	 4.776213E-10	 5.000000E+0	 2.790036E-9
1.550000E+1	 4.159977E-10	 5.000000E+0	 2.815946E-9
1.500000E+1	 3.624132E-10	 5.000000E+0	 2.837087E-9
1.450000E+1	 3.145612E-10	 5.000000E+0	 2.860089E-9
1.400000E+1	 2.599673E-10	 5.000000E+0	 2.882161E-9
1.350000E+1	 2.133537E-10	 5.000000E+0	 2.904736E-9
1.300000E+1	 1.637356E-10	 5.000000E+0	 2.918454E-9
1.250000E+1	 1.309757E-10	 5.000000E+0	 2.939848E-9
1.200000E+1	 9.015353E-11	 5.000000E+0	 2.963187E-9
1.150000E+1	 4.404446E-11	 5.000000E+0	 2.979180E-9
1.100000E+1	 4.171908E-12	 5.000000E+0	 2.997157E-9
1.050000E+1	 -2.818528E-11	 5.000000E+0	 3.007751E-9
1.000000E+1	 -6.675696E-11	 5.000000E+0	 3.029737E-9
9.500000E+0	 -1.014380E-10	 5.000000E+0	 3.045942E-9
9.000000E+0	 -1.384251E-10	 5.000000E+0	 3.061389E-9
8.500000E+0	 -1.702365E-10	 5.000000E+0	 3.074006E-9
8.000000E+0	 -2.076522E-10	 5.000000E+0	 3.085696E-9
7.500000E+0	 -2.346811E-10	 5.000000E+0	 3.102153E-9
7.000000E+0	 -2.669621E-10	 5.000000E+0	 3.119962E-9
6.500000E+0	 -3.154447E-10	 5.000000E+0	 3.110383E-9
6.000000E+0	 -3.255325E-10	 5.000000E+0	 3.146635E-9
5.500000E+0	 -3.568394E-10	 5.000000E+0	 3.163559E-9
5.000000E+0	 -3.953874E-10	 5.000000E+0	 3.173221E-9
4.500000E+0	 -4.186726E-10	 5.000000E+0	 3.175922E-9
4.000000E+0	 -4.479601E-10	 5.000000E+0	 3.199513E-9
3.500000E+0	 -4.794082E-10	 5.000000E+0	 3.211707E-9
3.000000E+0	 -5.016721E-10	 5.000000E+0	 3.223652E-9
2.500000E+0	 -5.347218E-10	 5.000000E+0	 3.238634E-9
2.000000E+0	 -5.614159E-10	 5.000000E+0	 3.254710E-9
1.500000E+0	 -5.868309E-10	 5.000000E+0	 3.263025E-9
1.000000E+0	 -6.138017E-10	 5.000000E+0	 3.275938E-9
5.000000E-1	 -6.404784E-10	 5.000000E+0	 3.291889E-9
0.000000E+0	 -6.693022E-10	 5.000000E+0	 3.301468E-9
-5.000000E-1	 -6.939905E-10	 5.000000E+0	 3.309236E-9
-1.000000E+0	 -7.248273E-10	 5.000000E+0	 3.321303E-9
-1.500000E+0	 -7.437941E-10	 5.000000E+0	 3.338268E-9
-2.000000E+0	 -7.772663E-10	 5.000000E+0	 3.351900E-9
-2.500000E+0	 -8.018187E-10	 5.000000E+0	 3.359201E-9
-3.000000E+0	 -8.288064E-10	 5.000000E+0	 3.373168E-9
-3.500000E+0	 -8.499313E-10	 5.000000E+0	 3.385787E-9
-4.000000E+0	 -8.802236E-10	 5.000000E+0	 3.395156E-9
-4.500000E+0	 -9.018007E-10	 5.000000E+0	 3.402372E-9
-5.000000E+0	 -9.227791E-10	 5.000000E+0	 3.418283E-9
-5.500000E+0	 -9.536876E-10	 5.000000E+0	 3.433307E-9
-6.000000E+0	 -9.756110E-10	 5.000000E+0	 3.445882E-9
-6.500000E+0	 -1.000802E-9	 5.000000E+0	 3.456645E-9
-7.000000E+0	 -1.023113E-9	 5.000000E+0	 3.461328E-9
-7.500000E+0	 -1.060946E-9	 5.000000E+0	 3.469304E-9
-8.000000E+0	 -1.074417E-9	 5.000000E+0	 3.491121E-9
-8.500000E+0	 -9.528771E-10	 5.000000E+0	 3.523280E-9
-9.000000E+0	 -1.127615E-9	 5.000000E+0	 3.515177E-9
-9.500000E+0	 -1.115761E-9	 5.000000E+0	 3.553663E-9
-1.000000E+1	 -1.161363E-9	 5.000000E+0	 3.537500E-9
-1.050000E+1	 -1.189541E-9	 5.000000E+0	 3.549062E-9
-1.100000E+1	 -1.218365E-9	 5.000000E+0	 3.560332E-9
-1.150000E+1	 -1.247232E-9	 5.000000E+0	 3.565987E-9
-1.200000E+1	 -1.266691E-9	 5.000000E+0	 3.582571E-9
-1.250000E+1	 -1.290914E-9	 5.000000E+0	 3.588229E-9
-1.300000E+1	 -1.315703E-9	 5.000000E+0	 3.603374E-9
-1.350000E+1	 -1.334064E-9	 5.000000E+0	 3.615530E-9
-1.400000E+1	 -1.358898E-9	 5.000000E+0	 3.625743E-9
-1.450000E+1	 -1.384301E-9	 5.000000E+0	 3.636969E-9
-1.500000E+1	 -1.408819E-9	 5.000000E+0	 3.645155E-9
-1.550000E+1	 -1.427709E-9	 5.000000E+0	 3.659630E-9
-1.600000E+1	 -1.454104E-9	 5.000000E+0	 3.672250E-9
-1.650000E+1	 -1.478198E-9	 5.000000E+0	 3.680940E-9
-1.700000E+1	 -1.500972E-9	 5.000000E+0	 3.688749E-9
-1.750000E+1	 -1.523969E-9	 5.000000E+0	 3.704828E-9
-1.800000E+1	 -1.546915E-9	 5.000000E+0	 3.714364E-9
-1.850000E+1	 -1.574707E-9	 5.000000E+0	 3.719474E-9
-1.900000E+1	 -1.589666E-9	 5.000000E+0	 3.734244E-9
-1.950000E+1	 -1.619581E-9	 5.000000E+0	 3.745551E-9
-2.000000E+1	 -1.638805E-9	 5.000000E+0	 3.755471E-9
