-2.000000E+1	 -2.039505E-9	 5.000000E+0	 3.085148E-9
-1.950000E+1	 -1.725396E-9	 5.000000E+0	 2.997158E-9
-1.900000E+1	 -1.516049E-9	 5.000000E+0	 2.923262E-9
-1.850000E+1	 -1.360818E-9	 5.000000E+0	 2.865955E-9
-1.800000E+1	 -1.221407E-9	 5.000000E+0	 2.820588E-9
-1.750000E+1	 -1.111889E-9	 5.000000E+0	 2.772393E-9
-1.700000E+1	 -1.002864E-9	 5.000000E+0	 2.731882E-9
-1.650000E+1	 -9.146815E-10	 5.000000E+0	 2.691285E-9
-1.600000E+1	 -8.284903E-10	 5.000000E+0	 2.660099E-9
-1.550000E+1	 -7.520211E-10	 5.000000E+0	 2.629502E-9
-1.500000E+1	 -6.821371E-10	 5.000000E+0	 2.601943E-9
-1.450000E+1	 -6.158793E-10	 5.000000E+0	 2.571854E-9
-1.400000E+1	 -5.526493E-10	 5.000000E+0	 2.545016E-9
-1.350000E+1	 -4.997890E-10	 5.000000E+0	 2.526700E-9
-1.300000E+1	 -4.455023E-10	 5.000000E+0	 2.505010E-9
-1.250000E+1	 -3.956634E-10	 5.000000E+0	 2.480236E-9
-1.200000E+1	 -3.454846E-10	 5.000000E+0	 2.461753E-9
-1.150000E+1	 -2.981283E-10	 5.000000E+0	 2.442173E-9
-1.100000E+1	 -2.510772E-10	 5.000000E+0	 2.424615E-9
-1.050000E+1	 -2.090842E-10	 5.000000E+0	 2.405078E-9
-1.000000E+1	 -1.742683E-10	 5.000000E+0	 2.385031E-9
-9.500000E+0	 -1.298987E-10	 5.000000E+0	 2.372161E-9
-9.000000E+0	 -8.968989E-11	 5.000000E+0	 2.355195E-9
-8.500000E+0	 -5.022043E-11	 5.000000E+0	 2.339116E-9
-8.000000E+0	 -1.670127E-11	 5.000000E+0	 2.321983E-9
-7.500000E+0	 1.761592E-11	 5.000000E+0	 2.306030E-9
-7.000000E+0	 5.302219E-11	 5.000000E+0	 2.291260E-9
-6.500000E+0	 8.830524E-11	 5.000000E+0	 2.283580E-9
-6.000000E+0	 1.250729E-10	 5.000000E+0	 2.268429E-9
-5.500000E+0	 1.572694E-10	 5.000000E+0	 2.253153E-9
-5.000000E+0	 1.887796E-10	 5.000000E+0	 2.239607E-9
-4.500000E+0	 2.208823E-10	 5.000000E+0	 2.230491E-9
-4.000000E+0	 2.498398E-10	 5.000000E+0	 2.222176E-9
-3.500000E+0	 2.784687E-10	 5.000000E+0	 2.205804E-9
-3.000000E+0	 3.103134E-10	 5.000000E+0	 2.197910E-9
-2.500000E+0	 3.405614E-10	 5.000000E+0	 2.184238E-9
-2.000000E+0	 3.698654E-10	 5.000000E+0	 2.174406E-9
-1.500000E+0	 3.997559E-10	 5.000000E+0	 2.168919E-9
-1.000000E+0	 4.253395E-10	 5.000000E+0	 2.149210E-9
-5.000000E-1	 4.541679E-10	 5.000000E+0	 2.142291E-9
0.000000E+0	 4.810428E-10	 5.000000E+0	 2.132585E-9
5.000000E-1	 5.081812E-10	 5.000000E+0	 2.121062E-9
1.000000E+0	 5.353370E-10	 5.000000E+0	 2.106293E-9
1.500000E+0	 5.654856E-10	 5.000000E+0	 2.104141E-9
2.000000E+0	 5.923660E-10	 5.000000E+0	 2.094054E-9
2.500000E+0	 6.154972E-10	 5.000000E+0	 2.080382E-9
3.000000E+0	 6.442141E-10	 5.000000E+0	 2.077133E-9
3.500000E+0	 6.720683E-10	 5.000000E+0	 2.065611E-9
4.000000E+0	 6.987669E-10	 5.000000E+0	 2.057509E-9
4.500000E+0	 7.213519E-10	 5.000000E+0	 2.048772E-9
5.000000E+0	 7.480445E-10	 5.000000E+0	 2.041725E-9
5.500000E+0	 7.755532E-10	 5.000000E+0	 2.030121E-9
6.000000E+0	 8.001032E-10	 5.000000E+0	 2.020456E-9
6.500000E+0	 8.293902E-10	 5.000000E+0	 2.012438E-9
7.000000E+0	 8.498686E-10	 5.000000E+0	 2.007754E-9
7.500000E+0	 8.773239E-10	 5.000000E+0	 1.998300E-9
8.000000E+0	 9.015227E-10	 5.000000E+0	 1.990832E-9
8.500000E+0	 9.229224E-10	 5.000000E+0	 1.978508E-9
9.000000E+0	 9.487700E-10	 5.000000E+0	 1.971797E-9
9.500000E+0	 9.715019E-10	 5.000000E+0	 1.965299E-9
1.000000E+1	 9.929428E-10	 5.000000E+0	 1.955510E-9
1.050000E+1	 1.018873E-9	 5.000000E+0	 1.949896E-9
1.100000E+1	 1.042784E-9	 5.000000E+0	 1.941582E-9
1.150000E+1	 1.068884E-9	 5.000000E+0	 1.934197E-9
1.200000E+1	 1.094884E-9	 5.000000E+0	 1.922254E-9
1.250000E+1	 1.118115E-9	 5.000000E+0	 1.916725E-9
1.300000E+1	 1.146063E-9	 5.000000E+0	 1.908581E-9
1.350000E+1	 1.169945E-9	 5.000000E+0	 1.904571E-9
1.400000E+1	 1.190159E-9	 5.000000E+0	 1.894275E-9
1.450000E+1	 1.213553E-9	 5.000000E+0	 1.888324E-9
1.500000E+1	 1.239825E-9	 5.000000E+0	 1.878492E-9
1.550000E+1	 1.259898E-9	 5.000000E+0	 1.872246E-9
1.600000E+1	 1.285311E-9	 5.000000E+0	 1.866887E-9
1.650000E+1	 1.310243E-9	 5.000000E+0	 1.854311E-9
1.700000E+1	 1.333720E-9	 5.000000E+0	 1.851399E-9
1.750000E+1	 1.357291E-9	 5.000000E+0	 1.841144E-9
1.800000E+1	 1.380122E-9	 5.000000E+0	 1.834350E-9
1.850000E+1	 1.402943E-9	 5.000000E+0	 1.829622E-9
1.900000E+1	 1.425364E-9	 5.000000E+0	 1.825867E-9
1.950000E+1	 1.452837E-9	 5.000000E+0	 1.815317E-9
2.000000E+1	 1.474301E-9	 5.000000E+0	 1.810211E-9
1.950000E+1	 1.147501E-9	 5.000000E+0	 1.891870E-9
1.900000E+1	 9.919092E-10	 5.000000E+0	 1.946014E-9
1.850000E+1	 8.690906E-10	 5.000000E+0	 1.991210E-9
1.800000E+1	 7.710580E-10	 5.000000E+0	 2.029275E-9
1.750000E+1	 6.870607E-10	 5.000000E+0	 2.064303E-9
1.700000E+1	 6.084146E-10	 5.000000E+0	 2.093632E-9
1.650000E+1	 5.393212E-10	 5.000000E+0	 2.124776E-9
1.600000E+1	 4.741830E-10	 5.000000E+0	 2.148030E-9
1.550000E+1	 4.194953E-10	 5.000000E+0	 2.171831E-9
1.500000E+1	 3.612806E-10	 5.000000E+0	 2.196054E-9
1.450000E+1	 3.065107E-10	 5.000000E+0	 2.222558E-9
1.400000E+1	 2.619389E-10	 5.000000E+0	 2.242899E-9
1.350000E+1	 2.165515E-10	 5.000000E+0	 2.261509E-9
1.300000E+1	 1.655664E-10	 5.000000E+0	 2.276192E-9
1.250000E+1	 1.277836E-10	 5.000000E+0	 2.304005E-9
1.200000E+1	 8.318850E-11	 5.000000E+0	 2.317299E-9
1.150000E+1	 4.579892E-11	 5.000000E+0	 2.337218E-9
1.100000E+1	 8.115337E-12	 5.000000E+0	 2.351185E-9
1.050000E+1	 -3.104900E-11	 5.000000E+0	 2.368359E-9
1.000000E+1	 -6.466784E-11	 5.000000E+0	 2.389589E-9
9.500000E+0	 -1.009156E-10	 5.000000E+0	 2.401909E-9
9.000000E+0	 -1.382491E-10	 5.000000E+0	 2.410393E-9
8.500000E+0	 -1.758463E-10	 5.000000E+0	 2.431535E-9
8.000000E+0	 -2.062321E-10	 5.000000E+0	 2.448584E-9
7.500000E+0	 -2.383723E-10	 5.000000E+0	 2.460992E-9
7.000000E+0	 -2.682238E-10	 5.000000E+0	 2.477957E-9
6.500000E+0	 -2.982276E-10	 5.000000E+0	 2.493783E-9
6.000000E+0	 -3.359309E-10	 5.000000E+0	 2.508216E-9
5.500000E+0	 -3.634117E-10	 5.000000E+0	 2.522731E-9
5.000000E+0	 -3.920953E-10	 5.000000E+0	 2.529821E-9
4.500000E+0	 -4.230206E-10	 5.000000E+0	 2.543327E-9
4.000000E+0	 -4.489171E-10	 5.000000E+0	 2.562654E-9
3.500000E+0	 -4.824477E-10	 5.000000E+0	 2.571559E-9
3.000000E+0	 -5.085907E-10	 5.000000E+0	 2.586414E-9
2.500000E+0	 -5.339470E-10	 5.000000E+0	 2.598356E-9
2.000000E+0	 -5.641801E-10	 5.000000E+0	 2.611186E-9
1.500000E+0	 -5.903866E-10	 5.000000E+0	 2.624564E-9
1.000000E+0	 -6.188247E-10	 5.000000E+0	 2.637433E-9
5.000000E-1	 -6.478665E-10	 5.000000E+0	 2.648197E-9
0.000000E+0	 -6.742498E-10	 5.000000E+0	 2.661995E-9
-5.000000E-1	 -7.018593E-10	 5.000000E+0	 2.673180E-9
-1.000000E+0	 -7.302325E-10	 5.000000E+0	 2.685418E-9
-1.500000E+0	 -7.545208E-10	 5.000000E+0	 2.693562E-9
-2.000000E+0	 -7.849520E-10	 5.000000E+0	 2.712004E-9
-2.500000E+0	 -8.072700E-10	 5.000000E+0	 2.724876E-9
-3.000000E+0	 -8.337936E-10	 5.000000E+0	 2.735340E-9
-3.500000E+0	 -8.550551E-10	 5.000000E+0	 2.747453E-9
-4.000000E+0	 -8.789847E-10	 5.000000E+0	 2.760663E-9
-4.500000E+0	 -9.086489E-10	 5.000000E+0	 2.773617E-9
-5.000000E+0	 -9.357310E-10	 5.000000E+0	 2.782857E-9
-5.500000E+0	 -9.638560E-10	 5.000000E+0	 2.794762E-9
-6.000000E+0	 -9.822542E-10	 5.000000E+0	 2.812359E-9
-6.500000E+0	 -1.007740E-9	 5.000000E+0	 2.815524E-9
-7.000000E+0	 -1.036904E-9	 5.000000E+0	 2.830925E-9
-7.500000E+0	 -1.057854E-9	 5.000000E+0	 2.848145E-9
-8.000000E+0	 -1.084853E-9	 5.000000E+0	 2.859119E-9
-8.500000E+0	 -1.107539E-9	 5.000000E+0	 2.869541E-9
-9.000000E+0	 -1.127891E-9	 5.000000E+0	 2.880768E-9
-9.500000E+0	 -1.153435E-9	 5.000000E+0	 2.891190E-9
-1.000000E+1	 -1.179936E-9	 5.000000E+0	 2.900601E-9
-1.050000E+1	 -1.206801E-9	 5.000000E+0	 2.911363E-9
-1.100000E+1	 -1.227673E-9	 5.000000E+0	 2.923053E-9
-1.150000E+1	 -1.249251E-9	 5.000000E+0	 2.935798E-9
-1.200000E+1	 -1.274332E-9	 5.000000E+0	 2.938161E-9
-1.250000E+1	 -1.300679E-9	 5.000000E+0	 2.955758E-9
-1.300000E+1	 -1.324581E-9	 5.000000E+0	 2.965971E-9
-1.350000E+1	 -1.347860E-9	 5.000000E+0	 2.973608E-9
-1.400000E+1	 -1.372242E-9	 5.000000E+0	 2.984497E-9
-1.450000E+1	 -1.398196E-9	 5.000000E+0	 2.999436E-9
-1.500000E+1	 -1.425286E-9	 5.000000E+0	 3.003444E-9
-1.550000E+1	 -1.444514E-9	 5.000000E+0	 3.020706E-9
-1.600000E+1	 -1.469936E-9	 5.000000E+0	 3.030159E-9
-1.650000E+1	 -1.454561E-9	 5.000000E+0	 3.048979E-9
-1.700000E+1	 -1.512985E-9	 5.000000E+0	 3.049107E-9
-1.750000E+1	 -1.537297E-9	 5.000000E+0	 3.061386E-9
-1.800000E+1	 -1.561551E-9	 5.000000E+0	 3.074383E-9
-1.850000E+1	 -1.588785E-9	 5.000000E+0	 3.080211E-9
-1.900000E+1	 -1.610931E-9	 5.000000E+0	 3.091645E-9
-1.950000E+1	 -1.632932E-9	 5.000000E+0	 3.104180E-9
-2.000000E+1	 -1.653135E-9	 5.000000E+0	 3.113548E-9
