-1.000000E+1	 -8.721682E-10	 9.980816E-3	 1.430345E-5	 2.260497E-3
-9.800000E+0	 -7.618489E-10	 9.981041E-3	 1.426946E-5	 2.349687E-3
-9.600000E+0	 -6.962226E-10	 9.981046E-3	 1.423689E-5	 2.195305E-3
-9.400000E+0	 -6.432999E-10	 9.980923E-3	 1.420245E-5	 2.349453E-3
-9.200000E+0	 -5.986065E-10	 9.980586E-3	 1.416911E-5	 2.071700E-3
-9.000000E+0	 -5.636625E-10	 9.980933E-3	 1.413718E-5	 2.084247E-3
-8.800000E+0	 -5.225139E-10	 9.980814E-3	 1.410444E-5	 1.980791E-3
-8.600000E+0	 -4.943642E-10	 9.981278E-3	 1.407187E-5	 2.012380E-3
-8.400000E+0	 -4.630916E-10	 9.981390E-3	 1.403747E-5	 1.954544E-3
-8.200000E+0	 -4.405972E-10	 9.981281E-3	 1.400715E-5	 1.950303E-3
-8.000000E+0	 -4.177653E-10	 9.980814E-3	 1.397107E-5	 1.934408E-3
-7.800000E+0	 -3.990691E-10	 9.980472E-3	 1.393981E-5	 1.897726E-3
-7.600000E+0	 -3.745489E-10	 9.981158E-3	 1.390579E-5	 1.824322E-3
-7.400000E+0	 -3.550088E-10	 9.980581E-3	 1.387298E-5	 1.821317E-3
-7.200000E+0	 -3.328944E-10	 9.980703E-3	 1.383875E-5	 1.768079E-3
-7.000000E+0	 -3.182076E-10	 9.980701E-3	 1.380237E-5	 1.749070E-3
-6.800000E+0	 -2.963885E-10	 9.981045E-3	 1.377102E-5	 1.705297E-3
-6.600000E+0	 -2.835587E-10	 9.981154E-3	 1.373716E-5	 1.704481E-3
-6.400000E+0	 -2.655378E-10	 9.980931E-3	 1.370128E-5	 1.665202E-3
-6.200000E+0	 -2.551980E-10	 9.980932E-3	 1.366565E-5	 1.662012E-3
-6.000000E+0	 -2.411444E-10	 9.980937E-3	 1.363265E-5	 1.593770E-3
-5.800000E+0	 -2.251071E-10	 9.980933E-3	 1.359834E-5	 1.603290E-3
-5.600000E+0	 -2.140498E-10	 9.980816E-3	 1.356197E-5	 1.595496E-3
-5.400000E+0	 -2.016843E-10	 9.980694E-3	 1.352688E-5	 1.558435E-3
-5.200000E+0	 -1.877995E-10	 9.981045E-3	 1.349011E-5	 1.501299E-3
-5.000000E+0	 -1.725229E-10	 9.981051E-3	 1.345524E-5	 1.521363E-3
-4.800000E+0	 -1.626057E-10	 9.981744E-3	 1.341746E-5	 1.487234E-3
-4.600000E+0	 -1.526885E-10	 9.981164E-3	 1.338280E-5	 1.495832E-3
-4.400000E+0	 -1.451346E-10	 9.981505E-3	 1.334464E-5	 1.445360E-3
-4.200000E+0	 -1.242451E-10	 9.981280E-3	 1.330860E-5	 1.425505E-3
-4.000000E+0	 -1.185058E-10	 9.981045E-3	 1.327082E-5	 1.301004E-3
-3.800000E+0	 -1.040310E-10	 9.981617E-3	 1.323376E-5	 1.419735E-3
-3.600000E+0	 -1.372852E-10	 9.982089E-3	 1.319792E-5	 1.370169E-3
-3.400000E+0	 -8.162237E-11	 9.981857E-3	 1.316013E-5	 1.334529E-3
-3.200000E+0	 -7.157859E-11	 9.981741E-3	 1.312286E-5	 1.290530E-3
-3.000000E+0	 -5.853849E-11	 9.981968E-3	 1.308526E-5	 1.296248E-3
-2.800000E+0	 -4.516088E-11	 9.981387E-3	 1.304582E-5	 1.243907E-3
-2.600000E+0	 -3.777574E-11	 9.981855E-3	 1.300914E-5	 1.269847E-3
-2.400000E+0	 -2.912459E-11	 9.981625E-3	 1.297010E-5	 1.070820E-3
-2.200000E+0	 -1.178006E-11	 9.981846E-3	 1.292991E-5	 1.204714E-3
-2.000000E+0	 -1.314227E-12	 9.981853E-3	 1.289002E-5	 1.167247E-3
-1.800000E+0	 1.303406E-11	 9.981855E-3	 1.285153E-5	 1.169017E-3
-1.600000E+0	 2.531450E-11	 9.981392E-3	 1.281155E-5	 1.139904E-3
-1.400000E+0	 3.219322E-11	 9.981502E-3	 1.277367E-5	 1.117837E-3
-1.200000E+0	 3.928302E-11	 9.981387E-3	 1.273171E-5	 1.099106E-3
-9.999999E-1	 5.164774E-11	 9.981511E-3	 1.269091E-5	 1.076583E-3
-7.999998E-1	 6.667117E-11	 9.981046E-3	 1.264993E-5	 1.015009E-3
-5.999998E-1	 7.675716E-11	 9.981505E-3	 1.261023E-5	 1.018531E-3
-3.999999E-1	 8.802484E-11	 9.981266E-3	 1.256872E-5	 9.988880E-4
-1.999999E-1	 9.384840E-11	 9.981276E-3	 1.252639E-5	 1.115209E-3
1.490116E-7	 1.039346E-10	 9.980923E-3	 1.248635E-5	 9.932440E-4
2.000002E-1	 1.126280E-10	 9.981271E-3	 1.244415E-5	 1.070200E-3
4.000002E-1	 1.189158E-10	 9.981628E-3	 1.240328E-5	 1.093767E-3
6.000001E-1	 1.329687E-10	 9.981047E-3	 1.236302E-5	 1.078590E-3
8.000002E-1	 1.424639E-10	 9.980929E-3	 1.232259E-5	 1.037780E-3
1.000000E+0	 1.519589E-10	 9.981969E-3	 1.227955E-5	 1.035330E-3
1.200000E+0	 1.594708E-10	 9.981735E-3	 1.223854E-5	 9.305107E-4
1.400000E+0	 1.768154E-10	 9.981395E-3	 1.219750E-5	 9.260440E-4
1.600000E+0	 1.947084E-10	 9.981394E-3	 1.215333E-5	 8.617714E-4
1.800000E+0	 2.216748E-10	 9.981388E-3	 1.211009E-5	 7.887695E-4
2.000000E+0	 1.985911E-10	 9.981163E-3	 1.206888E-5	 7.874005E-4
2.200000E+0	 2.084660E-10	 9.981391E-3	 1.202633E-5	 7.655863E-4
2.400000E+0	 2.228142E-10	 9.980351E-3	 1.198475E-5	 7.441166E-4
2.600000E+0	 2.303260E-10	 9.981390E-3	 1.194070E-5	 6.358849E-4
2.800000E+0	 2.418891E-10	 9.981276E-3	 1.190105E-5	 6.610337E-4
3.000000E+0	 2.518061E-10	 9.981395E-3	 1.185864E-5	 6.816738E-4
3.200000E+0	 2.694460E-10	 9.981163E-3	 1.181472E-5	 6.440400E-4
3.400000E+0	 2.806293E-10	 9.981044E-3	 1.177331E-5	 6.687560E-4
3.600000E+0	 2.923188E-10	 9.981848E-3	 1.173205E-5	 6.292847E-4
3.800000E+0	 3.035444E-10	 9.981276E-3	 1.169035E-5	 6.342017E-4
4.000000E+0	 3.129973E-10	 9.981506E-3	 1.164927E-5	 6.290566E-4
4.200000E+0	 3.215219E-10	 9.981844E-3	 1.160787E-5	 5.695482E-4
4.400000E+0	 3.290337E-10	 9.981742E-3	 1.156741E-5	 5.767185E-4
4.600000E+0	 3.403861E-10	 9.981391E-3	 1.152557E-5	 5.428647E-4
4.800000E+0	 3.479818E-10	 9.981391E-3	 1.148718E-5	 4.070593E-4
5.000000E+0	 3.589120E-10	 9.981385E-3	 1.144699E-5	 5.298428E-4
5.200000E+0	 3.708546E-10	 9.981848E-3	 1.141033E-5	 8.406223E-4
5.400000E+0	 3.797591E-10	 9.981037E-3	 1.137326E-5	 5.181593E-4
5.600000E+0	 3.850338E-10	 9.981618E-3	 1.133667E-5	 4.140979E-4
5.800000E+0	 3.944873E-10	 9.981736E-3	 1.130043E-5	 4.376183E-4
6.000000E+0	 4.059658E-10	 9.981498E-3	 1.126404E-5	 4.059761E-4
6.200000E+0	 4.176134E-10	 9.981852E-3	 1.123059E-5	 4.127705E-4
6.400000E+0	 4.275723E-10	 9.981853E-3	 1.119863E-5	 3.755311E-4
6.600000E+0	 4.333961E-10	 9.981735E-3	 1.116457E-5	 3.691982E-4
6.800000E+0	 4.494745E-10	 9.981506E-3	 1.112849E-5	 3.252559E-4
7.000000E+0	 4.561424E-10	 9.981271E-3	 1.109287E-5	 3.334388E-4
7.200000E+0	 4.664815E-10	 9.981386E-3	 1.105781E-5	 3.020249E-4
7.400000E+0	 4.769897E-10	 9.981730E-3	 1.101928E-5	 3.088962E-4
7.600000E+0	 4.864847E-10	 9.981508E-3	 1.098166E-5	 -1.723362E-4
7.800000E+0	 5.044199E-10	 9.981504E-3	 1.094355E-5	 7.092999E-5
8.000000E+0	 5.017612E-10	 9.980579E-3	 1.090408E-5	 6.161758E-4
8.200000E+0	 5.119739E-10	 9.981506E-3	 1.086282E-5	 2.918026E-4
8.400001E+0	 5.205406E-10	 9.981276E-3	 1.082209E-5	 2.215864E-4
8.600000E+0	 4.861052E-10	 9.981738E-3	 1.077963E-5	 1.938000E-4
8.800000E+0	 5.420636E-10	 9.981494E-3	 1.073722E-5	 1.515634E-4
9.000000E+0	 5.523601E-10	 9.981967E-3	 1.069460E-5	 1.236019E-4
9.200001E+0	 5.650206E-10	 9.981968E-3	 1.065020E-5	 1.254991E-4
9.400001E+0	 5.727432E-10	 9.982191E-3	 1.060654E-5	 9.428577E-5
9.600000E+0	 5.900035E-10	 9.981739E-3	 1.056198E-5	 6.058490E-5
9.800000E+0	 5.996673E-10	 9.981961E-3	 1.051654E-5	 5.066124E-5
1.000000E+1	 6.071790E-10	 9.981153E-3	 1.047079E-5	 3.885073E-5
9.800000E+0	 4.914643E-10	 9.981502E-3	 1.052563E-5	 9.913954E-5
9.600000E+0	 4.430177E-10	 9.981626E-3	 1.057820E-5	 1.508649E-4
9.400001E+0	 4.006059E-10	 9.981382E-3	 1.062884E-5	 2.167042E-4
9.200001E+0	 3.686600E-10	 9.981277E-3	 1.067762E-5	 2.334516E-4
9.000000E+0	 3.327891E-10	 9.980930E-3	 1.072612E-5	 6.237369E-4
8.800000E+0	 3.073003E-10	 9.981497E-3	 1.077039E-5	 1.266702E-3
8.600000E+0	 2.875504E-10	 9.981507E-3	 1.081989E-5	 5.209923E-4
8.400001E+0	 2.839208E-10	 9.981157E-3	 1.086626E-5	 2.832569E-3
8.200000E+0	 2.542115E-10	 9.981393E-3	 1.090875E-5	 7.461877E-4
8.000000E+0	 2.283845E-10	 9.982317E-3	 1.095202E-5	 5.348487E-4
7.800000E+0	 2.106181E-10	 9.981504E-3	 1.099299E-5	 4.960423E-4
7.600000E+0	 2.319718E-10	 9.981741E-3	 1.103512E-5	 5.295204E-4
7.400000E+0	 1.779969E-10	 9.981043E-3	 1.107354E-5	 5.219477E-4
7.200000E+0	 1.641551E-10	 9.981502E-3	 1.111203E-5	 5.459955E-4
7.000000E+0	 1.449535E-10	 9.981504E-3	 1.114878E-5	 5.666231E-4
6.800000E+0	 1.330531E-10	 9.981505E-3	 1.118472E-5	 5.690308E-4
6.600000E+0	 1.156241E-10	 9.981851E-3	 1.122166E-5	 6.065722E-4
6.400000E+0	 1.052849E-10	 9.981154E-3	 1.125610E-5	 6.007393E-4
6.200000E+0	 9.292009E-11	 9.981387E-3	 1.129941E-5	 6.524883E-4
6.000000E+0	 8.228540E-11	 9.981730E-3	 1.133836E-5	 6.481028E-4
5.800000E+0	 6.911868E-11	 9.981390E-3	 1.137621E-5	 7.175916E-4
5.600000E+0	 5.181650E-11	 9.981621E-3	 1.141438E-5	 7.513024E-4
5.400000E+0	 4.493786E-11	 9.981039E-3	 1.145242E-5	 7.675207E-4
5.200000E+0	 3.269957E-11	 9.981157E-3	 1.149193E-5	 7.798215E-4
5.000000E+0	 2.755121E-11	 9.981043E-3	 1.153064E-5	 7.877313E-4
4.800000E+0	 1.514409E-11	 9.981032E-3	 1.157174E-5	 8.200847E-4
4.600000E+0	 -2.453662E-12	 9.980923E-3	 1.161176E-5	 8.575123E-4
4.400000E+0	 -1.275058E-11	 9.981040E-3	 1.165260E-5	 8.553944E-4
4.200000E+0	 -2.338525E-11	 9.981158E-3	 1.169675E-5	 8.718701E-4
4.000000E+0	 -3.553903E-11	 9.980575E-3	 1.174052E-5	 8.559496E-4
3.800000E+0	 -4.410587E-11	 9.981039E-3	 1.178275E-5	 9.201695E-4
3.600000E+0	 -5.410745E-11	 9.981274E-3	 1.182351E-5	 9.662730E-4
3.400000E+0	 -6.626129E-11	 9.981156E-3	 1.186584E-5	 8.877479E-4
3.200000E+0	 -7.959677E-11	 9.981043E-3	 1.190960E-5	 9.744695E-4
3.000000E+0	 -9.111755E-11	 9.980693E-3	 1.195326E-5	 1.020676E-3
2.800000E+0	 -1.003173E-10	 9.980924E-3	 1.199436E-5	 1.031087E-3
2.600000E+0	 -1.132730E-10	 9.981502E-3	 1.203964E-5	 1.074477E-3
2.400000E+0	 -1.268194E-10	 9.981270E-3	 1.208338E-5	 1.070511E-3
2.200000E+0	 -1.354706E-10	 9.980922E-3	 1.212558E-5	 1.106847E-3
2.000000E+0	 -1.487216E-10	 9.981724E-3	 1.216802E-5	 1.105569E-3
1.800000E+0	 -1.574994E-10	 9.981725E-3	 1.221000E-5	 1.129531E-3
1.600000E+0	 -1.671212E-10	 9.981270E-3	 1.225227E-5	 1.208965E-3
1.400000E+0	 -1.784732E-10	 9.981264E-3	 1.229326E-5	 1.228424E-3
1.200000E+0	 -1.909646E-10	 9.981040E-3	 1.233554E-5	 1.260962E-3
1.000000E+0	 -2.026971E-10	 9.981500E-3	 1.237973E-5	 1.307225E-3
8.000002E-1	 -2.105891E-10	 9.981385E-3	 1.242080E-5	 1.373280E-3
6.000001E-1	 -2.202115E-10	 9.980807E-3	 1.246165E-5	 1.446763E-3
4.000002E-1	 -2.305513E-10	 9.980808E-3	 1.250269E-5	 1.420979E-3
2.000002E-1	 -2.354047E-10	 9.980805E-3	 1.254337E-5	 1.440634E-3
1.490116E-7	 -2.421572E-10	 9.981032E-3	 1.258605E-5	 1.401484E-3
-1.999999E-1	 -2.553246E-10	 9.981268E-3	 1.262670E-5	 1.370242E-3
-3.999999E-1	 -2.914506E-10	 9.981498E-3	 1.266628E-5	 1.439857E-3
-5.999998E-1	 -2.726279E-10	 9.980919E-3	 1.270512E-5	 1.435896E-3
-7.999998E-1	 -2.823347E-10	 9.981043E-3	 1.274692E-5	 1.407268E-3
-9.999999E-1	 -2.964728E-10	 9.981029E-3	 1.278773E-5	 1.424102E-3
-1.200000E+0	 -3.068548E-10	 9.980465E-3	 1.282607E-5	 1.425325E-3
-1.400000E+0	 -3.163083E-10	 9.980575E-3	 1.286633E-5	 1.445697E-3
-1.600000E+0	 -3.290115E-10	 9.980462E-3	 1.290441E-5	 1.450240E-3
-1.800000E+0	 -3.401531E-10	 9.981381E-3	 1.294379E-5	 1.473688E-3
-2.000000E+0	 -3.478342E-10	 9.980223E-3	 1.298126E-5	 1.476441E-3
-2.200000E+0	 -3.572455E-10	 9.980692E-3	 1.302048E-5	 1.441971E-3
-2.400000E+0	 -3.731138E-10	 9.980808E-3	 1.305823E-5	 1.547105E-3
-2.600000E+0	 -3.844244E-10	 9.980228E-3	 1.309652E-5	 1.366807E-3
-2.800000E+0	 -3.924430E-10	 9.980581E-3	 1.313437E-5	 1.568643E-3
-3.000000E+0	 -4.035425E-10	 9.980461E-3	 1.317226E-5	 1.567578E-3
-3.200000E+0	 -4.107170E-10	 9.981157E-3	 1.320931E-5	 1.590544E-3
-3.400000E+0	 -4.201707E-10	 9.980923E-3	 1.324203E-5	 1.633875E-3
-3.600000E+0	 -4.319030E-10	 9.980349E-3	 1.327901E-5	 1.626044E-3
-3.800000E+0	 -4.492908E-10	 9.980464E-3	 1.331647E-5	 1.649364E-3
-4.000000E+0	 -4.538486E-10	 9.981155E-3	 1.335104E-5	 1.671718E-3
-4.200000E+0	 -4.639354E-10	 9.980926E-3	 1.338609E-5	 1.695211E-3
-4.400000E+0	 -4.749504E-10	 9.980577E-3	 1.342258E-5	 1.718994E-3
-4.600000E+0	 -4.870206E-10	 9.980345E-3	 1.345799E-5	 1.727423E-3
-4.800000E+0	 -5.006101E-10	 9.980801E-3	 1.349297E-5	 1.752007E-3
-5.000000E+0	 -5.080800E-10	 9.980803E-3	 1.352654E-5	 1.768975E-3
-5.200000E+0	 -5.120048E-10	 9.980693E-3	 1.356030E-5	 1.774297E-3
-5.400000E+0	 -5.226823E-10	 9.980344E-3	 1.359509E-5	 1.828523E-3
-5.600000E+0	 -5.356808E-10	 9.980572E-3	 1.362993E-5	 1.791617E-3
-5.800000E+0	 -5.467804E-10	 9.980449E-3	 1.366175E-5	 1.816079E-3
-6.000000E+0	 -5.501143E-10	 9.980232E-3	 1.369612E-5	 1.860220E-3
-6.200000E+0	 -5.577955E-10	 9.980810E-3	 1.372996E-5	 1.874856E-3
-6.400000E+0	 -5.692747E-10	 9.980807E-3	 1.376146E-5	 1.917474E-3
-6.600000E+0	 -5.750566E-10	 9.980689E-3	 1.379564E-5	 1.876306E-3
-6.800000E+0	 -5.837502E-10	 9.980810E-3	 1.382685E-5	 1.900449E-3
-7.000000E+0	 -5.957781E-10	 9.980463E-3	 1.385767E-5	 1.929936E-3
-7.200000E+0	 -6.081861E-10	 9.981271E-3	 1.389141E-5	 1.941758E-3
-7.400000E+0	 -6.151917E-10	 9.980917E-3	 1.392241E-5	 2.008961E-3
-7.600000E+0	 -6.294561E-10	 9.981381E-3	 1.395324E-5	 1.987612E-3
-7.800000E+0	 -6.392056E-10	 9.981040E-3	 1.398473E-5	 1.856658E-3
-8.000000E+0	 -6.578593E-10	 9.981033E-3	 1.401434E-5	 2.132584E-3
-8.200000E+0	 -6.650339E-10	 9.980805E-3	 1.404417E-5	 1.800708E-3
-8.400000E+0	 -6.742764E-10	 9.981494E-3	 1.407455E-5	 2.125525E-3
-8.600000E+0	 -6.883302E-10	 9.981378E-3	 1.410506E-5	 2.204996E-3
-8.800000E+0	 -6.850804E-10	 9.980692E-3	 1.413394E-5	 2.067698E-3
-9.000000E+0	 -7.025949E-10	 9.980689E-3	 1.416345E-5	 2.116521E-3
-9.200000E+0	 -7.155511E-10	 9.980568E-3	 1.419126E-5	 2.120121E-3
-9.400000E+0	 -7.251735E-10	 9.981036E-3	 1.422149E-5	 2.166006E-3
-9.600000E+0	 -7.315038E-10	 9.981266E-3	 1.424956E-5	 2.102874E-3
-9.800000E+0	 -7.390583E-10	 9.980458E-3	 1.427809E-5	 2.014270E-3
-1.000000E+1	 -7.458530E-10	 9.980806E-3	 1.430656E-5	 2.126537E-3
-9.800000E+0	 -6.312289E-10	 9.981148E-3	 1.427261E-5	 2.195298E-3
-9.600000E+0	 -5.758583E-10	 9.981148E-3	 1.423746E-5	 2.124027E-3
-9.400000E+0	 -5.346679E-10	 9.980690E-3	 1.420438E-5	 2.079938E-3
-9.200000E+0	 -5.014962E-10	 9.980343E-3	 1.417155E-5	 2.042145E-3
-9.000000E+0	 -4.725872E-10	 9.981036E-3	 1.414111E-5	 2.014990E-3
-8.800000E+0	 -4.489952E-10	 9.979878E-3	 1.410593E-5	 1.944977E-3
-8.600000E+0	 -4.278094E-10	 9.980226E-3	 1.407509E-5	 1.952729E-3
-8.400000E+0	 -4.065810E-10	 9.979651E-3	 1.404262E-5	 1.888925E-3
-8.200000E+0	 -3.718478E-10	 9.980458E-3	 1.400871E-5	 1.867553E-3
-8.000000E+0	 -3.695687E-10	 9.979767E-3	 1.397641E-5	 1.845835E-3
-7.800000E+0	 -3.509993E-10	 9.980223E-3	 1.394524E-5	 1.830804E-3
-7.600000E+0	 -3.387604E-10	 9.980689E-3	 1.391109E-5	 1.816881E-3
-7.400000E+0	 -3.263105E-10	 9.980339E-3	 1.387863E-5	 1.779093E-3
-7.200000E+0	 -3.152532E-10	 9.980687E-3	 1.384459E-5	 1.753821E-3
-7.000000E+0	 -2.988784E-10	 9.980805E-3	 1.381205E-5	 1.727122E-3
-6.800000E+0	 -2.809420E-10	 9.980686E-3	 1.377912E-5	 1.689695E-3
-6.600000E+0	 -2.670149E-10	 9.980692E-3	 1.374307E-5	 1.643004E-3
-6.400000E+0	 -2.520327E-10	 9.980341E-3	 1.370786E-5	 1.618633E-3
-6.200000E+0	 -2.421150E-10	 9.980692E-3	 1.367413E-5	 1.559587E-3
-6.000000E+0	 -2.293274E-10	 9.980564E-3	 1.364092E-5	 1.628823E-3
-5.800000E+0	 -2.159067E-10	 9.980689E-3	 1.360626E-5	 1.551150E-3
-5.600000E+0	 -2.053137E-10	 9.980689E-3	 1.357036E-5	 2.575654E-3
-5.400000E+0	 -1.880950E-10	 9.981271E-3	 1.353641E-5	 1.608779E-3
-5.200000E+0	 -1.729449E-10	 9.980806E-3	 1.350028E-5	 1.479435E-3
-5.000000E+0	 -1.641671E-10	 9.981153E-3	 1.346489E-5	 1.526362E-3
-4.800000E+0	 -1.393953E-10	 9.980687E-3	 1.342962E-5	 1.428394E-3
-4.600000E+0	 -1.260176E-10	 9.980230E-3	 1.339229E-5	 1.517667E-3
-4.400000E+0	 -1.224728E-10	 9.981033E-3	 1.335445E-5	 1.432151E-3
-4.200000E+0	 -1.163537E-10	 9.980922E-3	 1.331867E-5	 1.406422E-3
-4.000000E+0	 -1.044109E-10	 9.980690E-3	 1.328359E-5	 1.359381E-3
-3.800000E+0	 -8.892319E-11	 9.981037E-3	 1.324620E-5	 1.346177E-3
-3.600000E+0	 -7.588322E-11	 9.980920E-3	 1.320861E-5	 1.343791E-3
-3.400000E+0	 -6.883565E-11	 9.980571E-3	 1.317115E-5	 1.325619E-3
-3.200000E+0	 -6.098638E-11	 9.981150E-3	 1.313405E-5	 1.310901E-3
-3.000000E+0	 -4.862145E-11	 9.980575E-3	 1.309680E-5	 1.336461E-3
-2.800000E+0	 -4.051892E-11	 9.980568E-3	 1.305654E-5	 1.270223E-3
-2.600000E+0	 -2.777437E-11	 9.980224E-3	 1.301944E-5	 1.329554E-3
-2.400000E+0	 -1.684439E-11	 9.980685E-3	 1.298186E-5	 1.150872E-3
-2.200000E+0	 -7.897780E-12	 9.980227E-3	 1.294123E-5	 1.185410E-3
-2.000000E+0	 3.665165E-12	 9.980219E-3	 1.290310E-5	 1.220412E-3
-1.800000E+0	 1.362452E-11	 9.980228E-3	 1.286475E-5	 -1.424495E-2
-1.600000E+0	 2.645349E-11	 9.980689E-3	 1.282575E-5	 4.205621E-3
-1.400000E+0	 4.696307E-11	 9.980923E-3	 1.278789E-5	 3.450135E-3
-1.200000E+0	 4.075967E-11	 9.980805E-3	 1.274401E-5	 1.316110E-3
-9.999999E-1	 5.071893E-11	 9.980799E-3	 1.270690E-5	 6.415581E-4
-7.999998E-1	 5.468589E-11	 9.980343E-3	 1.266502E-5	 -1.464676E-3
-5.999998E-1	 6.709286E-11	 9.980916E-3	 1.262621E-5	 -2.133411E-3
-3.999999E-1	 8.296033E-11	 9.980920E-3	 1.258401E-5	 1.184892E-3
-1.999999E-1	 9.220230E-11	 9.981266E-3	 1.254227E-5	 1.534337E-3
1.490116E-7	 1.092515E-10	 9.980806E-3	 1.250199E-5	 1.182088E-3
2.000002E-1	 1.140628E-10	 9.980911E-3	 1.246285E-5	 5.797509E-4
4.000002E-1	 1.297190E-10	 9.981263E-3	 1.242024E-5	 4.301415E-3
6.000001E-1	 1.549127E-10	 9.980561E-3	 1.237794E-5	 2.161896E-3
8.000002E-1	 1.495111E-10	 9.980568E-3	 1.233783E-5	 1.103824E-3
1.000000E+0	 1.563053E-10	 9.981382E-3	 1.229496E-5	 1.108350E-3
1.200000E+0	 1.660537E-10	 9.981153E-3	 1.225294E-5	 9.545258E-4
1.400000E+0	 1.776169E-10	 9.981150E-3	 1.221145E-5	 8.740660E-4
1.600000E+0	 1.874075E-10	 9.981497E-3	 1.216867E-5	 8.399978E-4
1.800000E+0	 2.003206E-10	 9.981614E-3	 1.212575E-5	 8.308146E-4
2.000000E+0	 2.067354E-10	 9.980807E-3	 1.208440E-5	 7.715262E-4
2.200000E+0	 2.239953E-10	 9.981257E-3	 1.204223E-5	 7.071212E-4
2.400000E+0	 2.345457E-10	 9.981609E-3	 1.199888E-5	 7.793832E-4
2.600000E+0	 2.406645E-10	 9.981384E-3	 1.195803E-5	 7.452468E-4
2.800000E+0	 2.523966E-10	 9.980915E-3	 1.191486E-5	 7.016441E-4
3.000000E+0	 2.602881E-10	 9.981153E-3	 1.187229E-5	 7.076379E-4
3.200000E+0	 2.724839E-10	 9.980805E-3	 1.183050E-5	 6.995384E-4
3.400000E+0	 2.810506E-10	 9.981377E-3	 1.178827E-5	 7.211671E-4
3.600000E+0	 2.847223E-10	 9.981384E-3	 1.174795E-5	 6.498473E-4
3.800000E+0	 3.000411E-10	 9.980808E-3	 1.170583E-5	 6.293018E-4
4.000000E+0	 3.084392E-10	 9.981380E-3	 1.166424E-5	 6.202027E-4
4.200000E+0	 3.189469E-10	 9.981154E-3	 1.162359E-5	 6.289532E-4
4.400000E+0	 3.268386E-10	 9.981731E-3	 1.158200E-5	 6.250420E-4
4.600000E+0	 3.388236E-10	 9.981962E-3	 1.154168E-5	 5.625160E-4
4.800000E+0	 3.454069E-10	 9.981963E-3	 1.150176E-5	 5.227879E-4
5.000000E+0	 3.525389E-10	 9.981376E-3	 1.146395E-5	 6.092533E-4
5.200000E+0	 3.631311E-10	 9.981143E-3	 1.142430E-5	 4.504115E-4
5.400000E+0	 3.763405E-10	 9.980801E-3	 1.138702E-5	 -5.743565E-5
5.600000E+0	 3.753272E-10	 9.980804E-3	 1.135045E-5	 2.062340E-3
5.800000E+0	 3.996771E-10	 9.981029E-3	 1.131470E-5	 -1.059831E-3
6.000000E+0	 4.012806E-10	 9.981035E-3	 1.127815E-5	 5.016379E-4
6.200000E+0	 4.142363E-10	 9.981497E-3	 1.124318E-5	 5.793309E-4
6.400000E+0	 4.224235E-10	 9.981380E-3	 1.121329E-5	 4.017715E-4
6.600000E+0	 4.324252E-10	 9.980922E-3	 1.117769E-5	 2.287398E-4
6.800000E+0	 4.456336E-10	 9.981382E-3	 1.114274E-5	 4.579738E-4
7.000000E+0	 4.556351E-10	 9.981725E-3	 1.110851E-5	 4.164409E-4
7.200000E+0	 4.675781E-10	 9.981603E-3	 1.107056E-5	 3.459830E-4
7.400000E+0	 4.740772E-10	 9.981730E-3	 1.103338E-5	 3.794539E-4
7.600000E+0	 4.887627E-10	 9.982069E-3	 1.099474E-5	 4.603441E-4
7.800000E+0	 4.987646E-10	 9.981146E-3	 1.095394E-5	 8.358742E-4
8.000000E+0	 5.050100E-10	 9.981145E-3	 1.091473E-5	 2.533084E-4
8.200000E+0	 5.178814E-10	 9.981141E-3	 1.087361E-5	 2.732872E-4
8.400001E+0	 5.262372E-10	 9.981257E-3	 1.083264E-5	 2.093558E-4
8.600000E+0	 5.406697E-10	 9.981614E-3	 1.079112E-5	 2.477571E-4
8.800000E+0	 5.645974E-10	 9.981614E-3	 1.074839E-5	 6.996375E-5
9.000000E+0	 5.567902E-10	 9.981730E-3	 1.070453E-5	 6.516900E-5
9.200001E+0	 5.594911E-10	 9.981729E-3	 1.066193E-5	 7.954163E-5
9.400001E+0	 5.938003E-10	 9.981960E-3	 1.061760E-5	 1.834123E-4
9.600000E+0	 5.777218E-10	 9.981036E-3	 1.057295E-5	 2.004980E-4
9.800000E+0	 5.910998E-10	 9.981035E-3	 1.052713E-5	 1.388065E-4
1.000000E+1	 6.006795E-10	 9.981960E-3	 1.048074E-5	 1.202773E-4
9.800000E+0	 4.848383E-10	 9.981730E-3	 1.053652E-5	 1.385081E-4
9.600000E+0	 4.329735E-10	 9.981844E-3	 1.058820E-5	 -6.420478E-4
9.400001E+0	 3.894643E-10	 9.981832E-3	 1.063894E-5	 2.563644E-4
9.200001E+0	 3.581093E-10	 9.981723E-3	 1.068642E-5	 3.241518E-4
9.000000E+0	 3.296659E-10	 9.981376E-3	 1.073419E-5	 5.755047E-4
8.800000E+0	 3.021510E-10	 9.981151E-3	 1.078311E-5	 3.037150E-4
8.600000E+0	 2.821902E-10	 9.981033E-3	 1.082806E-5	 3.354746E-4
8.400001E+0	 2.567852E-10	 9.981153E-3	 1.087229E-5	 6.627328E-4
8.200000E+0	 2.421418E-10	 9.981381E-3	 1.091718E-5	 5.505049E-4
8.000000E+0	 2.256412E-10	 9.981378E-3	 1.095955E-5	 4.740299E-4
7.800000E+0	 2.080011E-10	 9.981717E-3	 1.100247E-5	 5.950186E-4
7.600000E+0	 1.890953E-10	 9.981036E-3	 1.104236E-5	 5.620923E-4
7.400000E+0	 1.748315E-10	 9.981384E-3	 1.108281E-5	 6.257611E-4
7.200000E+0	 1.605253E-10	 9.981497E-3	 1.112115E-5	 6.148945E-4
7.000000E+0	 1.466415E-10	 9.981846E-3	 1.115907E-5	 6.639546E-4
6.800000E+0	 1.321247E-10	 9.981617E-3	 1.119494E-5	 6.553551E-4
6.600000E+0	 1.170586E-10	 9.981377E-3	 1.123060E-5	 7.079192E-4
6.400000E+0	 1.076900E-10	 9.982306E-3	 1.126670E-5	 6.373411E-4
6.200000E+0	 9.152726E-11	 9.981732E-3	 1.130735E-5	 6.900412E-4
6.000000E+0	 8.085038E-11	 9.981840E-3	 1.134633E-5	 6.923780E-4
5.800000E+0	 6.869669E-11	 9.981952E-3	 1.138393E-5	 7.387613E-4
5.600000E+0	 5.861059E-11	 9.981151E-3	 1.142151E-5	 7.506083E-4
5.400000E+0	 4.371381E-11	 9.981382E-3	 1.145972E-5	 7.726941E-4
5.200000E+0	 2.864795E-11	 9.981614E-3	 1.149975E-5	 7.624507E-4
5.000000E+0	 1.923731E-11	 9.981494E-3	 1.153960E-5	 8.146015E-4
4.800000E+0	 5.226583E-12	 9.980918E-3	 1.158024E-5	 8.101076E-4
4.600000E+0	 -2.496003E-12	 9.981497E-3	 1.162091E-5	 8.348386E-4
4.400000E+0	 -1.490306E-11	 9.981713E-3	 1.166028E-5	 8.474239E-4
4.200000E+0	 -2.621292E-11	 9.981727E-3	 1.170457E-5	 8.691032E-4
4.000000E+0	 -3.710066E-11	 9.981381E-3	 1.174710E-5	 9.165491E-4
3.800000E+0	 -5.018294E-11	 9.981030E-3	 1.178853E-5	 8.799600E-4
3.600000E+0	 -5.769464E-11	 9.981496E-3	 1.183149E-5	 9.586933E-4
3.400000E+0	 -2.448262E-11	 9.981497E-3	 1.187538E-5	 8.468048E-4
3.200000E+0	 -8.229768E-11	 9.980918E-3	 1.191659E-5	 1.090755E-3
3.000000E+0	 -8.955623E-11	 9.981267E-3	 1.195958E-5	 1.065339E-3
2.800000E+0	 -1.067741E-10	 9.981267E-3	 1.200213E-5	 1.077424E-3
2.600000E+0	 -1.153830E-10	 9.980799E-3	 1.204523E-5	 1.118273E-3
2.400000E+0	 -1.250892E-10	 9.981029E-3	 1.208885E-5	 1.121836E-3
2.200000E+0	 -1.346266E-10	 9.981725E-3	 1.213134E-5	 1.164014E-3
2.000000E+0	 -1.428557E-10	 9.981036E-3	 1.217266E-5	 1.149349E-3
1.800000E+0	 -1.589342E-10	 9.980922E-3	 1.221643E-5	 1.139701E-3
1.600000E+0	 -1.724807E-10	 9.980692E-3	 1.225817E-5	 1.179075E-3
1.400000E+0	 -1.780512E-10	 9.981151E-3	 1.229986E-5	 1.139316E-3
1.200000E+0	 -1.892766E-10	 9.981609E-3	 1.234317E-5	 1.367300E-3
1.000000E+0	 -1.972529E-10	 9.981494E-3	 1.238493E-5	 1.169570E-3
8.000002E-1	 -2.083101E-10	 9.981031E-3	 1.242658E-5	 1.493149E-3
6.000001E-1	 -2.199583E-10	 9.981372E-3	 1.246835E-5	 1.499187E-3
4.000002E-1	 -2.271328E-10	 9.981145E-3	 1.250916E-5	 1.470438E-3
2.000002E-1	 -2.378102E-10	 9.981614E-3	 1.255008E-5	 1.482945E-3
1.490116E-7	 -2.512309E-10	 9.981493E-3	 1.259001E-5	 1.476606E-3
-1.999999E-1	 -2.559998E-10	 9.981264E-3	 1.263196E-5	 1.421701E-3
-3.999999E-1	 -2.676479E-10	 9.981142E-3	 1.267285E-5	 1.392131E-3
-5.999998E-1	 -2.808153E-10	 9.980802E-3	 1.271209E-5	 1.394099E-3
-7.999998E-1	 -2.928432E-10	 9.980802E-3	 1.275037E-5	 1.371501E-3
-9.999999E-1	 -3.004398E-10	 9.981491E-3	 1.279150E-5	 1.425363E-3
-1.200000E+0	 -3.095136E-10	 9.980919E-3	 1.283188E-5	 1.446524E-3
-1.400000E+0	 -3.209084E-10	 9.980569E-3	 1.286950E-5	 1.496996E-3
-1.600000E+0	 -3.299399E-10	 9.980918E-3	 1.290909E-5	 1.479096E-3
-1.800000E+0	 -3.405330E-10	 9.980456E-3	 1.294894E-5	 1.509544E-3
-2.000000E+0	 -3.460193E-10	 9.981036E-3	 1.298635E-5	 1.539924E-3
-2.200000E+0	 -3.582161E-10	 9.980567E-3	 1.302398E-5	 1.567267E-3
-2.400000E+0	 -3.681339E-10	 9.980221E-3	 1.306096E-5	 1.582424E-3
-2.600000E+0	 -3.754350E-10	 9.980684E-3	 1.309857E-5	 1.592816E-3
-2.800000E+0	 -3.870409E-10	 9.980790E-3	 1.313447E-5	 1.588603E-3
-3.000000E+0	 -4.013478E-10	 9.980687E-3	 1.317142E-5	 1.623122E-3
-3.200000E+0	 -4.040908E-10	 9.980911E-3	 1.320931E-5	 1.636420E-3
-3.400000E+0	 -4.168786E-10	 9.981370E-3	 1.324448E-5	 1.660897E-3
-3.600000E+0	 -4.258257E-10	 9.980689E-3	 1.328108E-5	 1.694960E-3
-3.800000E+0	 -4.353636E-10	 9.980801E-3	 1.331585E-5	 1.678319E-3
-4.000000E+0	 -4.470540E-10	 9.980920E-3	 1.335330E-5	 1.723024E-3
-4.200000E+0	 -4.574782E-10	 9.980911E-3	 1.339108E-5	 1.723502E-3
-4.400000E+0	 -4.649481E-10	 9.980917E-3	 1.342681E-5	 1.765503E-3
-4.600000E+0	 -4.738951E-10	 9.981031E-3	 1.346167E-5	 1.752629E-3
-4.800000E+0	 -4.838974E-10	 9.980447E-3	 1.349523E-5	 1.779612E-3
-5.000000E+0	 -4.982041E-10	 9.981032E-3	 1.352929E-5	 1.783836E-3
-5.200000E+0	 -5.031843E-10	 9.980688E-3	 1.356426E-5	 1.810268E-3
-5.400000E+0	 -5.202344E-10	 9.981032E-3	 1.359724E-5	 1.854237E-3
-5.600000E+0	 -5.221755E-10	 9.980688E-3	 1.363061E-5	 1.858111E-3
-5.800000E+0	 -5.369046E-10	 9.980338E-3	 1.366330E-5	 1.870444E-3
-6.000000E+0	 -5.488902E-10	 9.979879E-3	 1.369600E-5	 1.908788E-3
-6.200000E+0	 -5.582172E-10	 9.980335E-3	 1.373058E-5	 1.925372E-3
-6.400000E+0	 -5.764068E-10	 9.980451E-3	 1.376364E-5	 1.934476E-3
-6.600000E+0	 -5.835393E-10	 9.980801E-3	 1.379353E-5	 1.918306E-3
-6.800000E+0	 -5.895321E-10	 9.980918E-3	 1.382749E-5	 1.910874E-3
-7.000000E+0	 -5.950186E-10	 9.980916E-3	 1.385797E-5	 1.939837E-3
-7.200000E+0	 -6.104228E-10	 9.980457E-3	 1.388886E-5	 1.938337E-3
-7.400000E+0	 -6.149384E-10	 9.980340E-3	 1.392213E-5	 1.859939E-3
-7.600000E+0	 -6.265022E-10	 9.980454E-3	 1.395102E-5	 2.068029E-3
-7.800000E+0	 -6.348585E-10	 9.980458E-3	 1.398291E-5	 2.767962E-3
-8.000000E+0	 -6.427503E-10	 9.980682E-3	 1.401395E-5	 1.826105E-3
-8.200000E+0	 -6.493339E-10	 9.980451E-3	 1.404284E-5	 2.118778E-3
-8.400000E+0	 -6.573945E-10	 9.980682E-3	 1.407146E-5	 2.070669E-3
-8.600000E+0	 -6.675235E-10	 9.981260E-3	 1.410094E-5	 2.104914E-3
-8.800000E+0	 -6.784543E-10	 9.980796E-3	 1.413079E-5	 2.358658E-3
-9.000000E+0	 -6.861774E-10	 9.981031E-3	 1.416072E-5	 2.536508E-3
-9.200000E+0	 -6.954619E-10	 9.980915E-3	 1.418783E-5	 2.287013E-3
-9.400000E+0	 -7.082918E-10	 9.980912E-3	 1.421850E-5	 2.223323E-3
-9.600000E+0	 -7.181252E-10	 9.980684E-3	 1.424642E-5	 2.192556E-3
-9.800000E+0	 -7.255531E-10	 9.980800E-3	 1.427630E-5	 2.225111E-3
-1.000000E+1	 -7.344156E-10	 9.981145E-3	 1.430103E-5	 2.232841E-3
