-1.000000E+1	 -1.113060E-9	 9.982161E-3	 8.762004E-6	 -7.177796E-4
-9.800000E+0	 -9.154648E-10	 9.981692E-3	 8.738813E-6	 -5.861731E-4
-9.600000E+0	 -7.960304E-10	 9.982044E-3	 8.711946E-6	 -5.204094E-4
-9.400000E+0	 -7.085012E-10	 9.981584E-3	 8.691136E-6	 -4.659082E-4
-9.200000E+0	 -6.452386E-10	 9.981469E-3	 8.668688E-6	 -4.328449E-4
-9.000000E+0	 -5.863233E-10	 9.981701E-3	 8.648196E-6	 -3.913537E-4
-8.800000E+0	 -5.453442E-10	 9.982045E-3	 8.626328E-6	 -3.601550E-4
-8.600000E+0	 -5.047868E-10	 9.981584E-3	 8.603340E-6	 -3.281889E-4
-8.400000E+0	 -4.683234E-10	 9.981925E-3	 8.579843E-6	 -3.013735E-4
-8.200000E+0	 -4.505137E-10	 9.981813E-3	 8.559015E-6	 -2.816350E-4
-8.000000E+0	 -4.123199E-10	 9.981577E-3	 8.538950E-6	 -2.554852E-4
-7.800000E+0	 -3.902899E-10	 9.981814E-3	 8.518925E-6	 -2.371375E-4
-7.600000E+0	 -3.657277E-10	 9.982623E-3	 8.499049E-6	 -2.146918E-4
-7.400000E+0	 -3.423049E-10	 9.982280E-3	 8.474994E-6	 -1.904146E-4
-7.200000E+0	 -3.117076E-10	 9.981815E-3	 8.456273E-6	 -1.781532E-4
-7.000000E+0	 -3.051241E-10	 9.982048E-3	 8.433321E-6	 -1.573678E-4
-6.800000E+0	 -2.922943E-10	 9.981349E-3	 8.413893E-6	 -1.387938E-4
-6.600000E+0	 -2.779030E-10	 9.981698E-3	 8.391990E-6	 -1.206601E-4
-6.400000E+0	 -2.606419E-10	 9.981584E-3	 8.370243E-6	 -1.121693E-4
-6.200000E+0	 -2.440561E-10	 9.982278E-3	 8.347880E-6	 -9.358433E-5
-6.000000E+0	 -2.312264E-10	 9.982046E-3	 8.326254E-6	 1.309654E-3
-5.800000E+0	 -2.143451E-10	 9.981931E-3	 8.304562E-6	 -3.539100E-4
-5.600000E+0	 -2.053981E-10	 9.982162E-3	 8.282741E-6	 6.648911E-4
-5.400000E+0	 -2.181434E-10	 9.982278E-3	 8.259100E-6	 2.153784E-4
-5.200000E+0	 -1.827355E-10	 9.982854E-3	 8.239168E-6	 1.362150E-3
-5.000000E+0	 -1.645470E-10	 9.982266E-3	 8.216431E-6	 -2.021547E-3
-4.800000E+0	 -1.503254E-10	 9.982385E-3	 8.194489E-6	 -1.296981E-3
-4.600000E+0	 -1.423495E-10	 9.981817E-3	 8.172685E-6	 -1.766212E-4
-4.400000E+0	 -1.355552E-10	 9.982276E-3	 8.147507E-6	 7.079916E-5
-4.200000E+0	 -1.213758E-10	 9.981924E-3	 8.125327E-6	 9.460314E-5
-4.000000E+0	 -1.105303E-10	 9.981470E-3	 8.101416E-6	 4.255180E-4
-3.800000E+0	 -9.892507E-11	 9.981590E-3	 8.079587E-6	 8.056968E-4
-3.600000E+0	 -1.070698E-10	 9.981241E-3	 8.055184E-6	 4.500354E-2
-3.400000E+0	 -8.883918E-11	 9.981584E-3	 8.032943E-6	 1.928240E-2
-3.200000E+0	 -6.963799E-11	 9.982164E-3	 8.010484E-6	 -2.061601E-2
-3.000000E+0	 -5.727324E-11	 9.982505E-3	 7.986702E-6	 2.299180E-3
-2.800000E+0	 -4.933946E-11	 9.982049E-3	 7.961860E-6	 7.290223E-4
-2.600000E+0	 -4.444420E-11	 9.981817E-3	 7.939590E-6	 -1.018829E-4
-2.400000E+0	 -3.591967E-11	 9.982388E-3	 7.914717E-6	 1.498890E-3
-2.200000E+0	 -2.275308E-11	 9.981577E-3	 7.893388E-6	 -1.803856E-4
-2.000000E+0	 -3.840943E-11	 9.981470E-3	 7.870864E-6	 -8.469375E-5
-1.800000E+0	 -5.555140E-13	 9.982388E-3	 7.845709E-6	 7.554866E-5
-1.600000E+0	 5.732401E-12	 9.982048E-3	 7.822095E-6	 2.537592E-4
-1.400000E+0	 1.737951E-11	 9.982279E-3	 7.798446E-6	 2.698356E-4
-1.200000E+0	 2.552443E-11	 9.982157E-3	 7.769464E-6	 2.340608E-4
-9.999999E-1	 3.383784E-11	 9.981935E-3	 7.744925E-6	 5.157518E-4
-7.999998E-1	 4.058984E-11	 9.982050E-3	 7.724937E-6	 3.424921E-4
-5.999998E-1	 5.206860E-11	 9.982630E-3	 7.700535E-6	 4.386972E-4
-3.999999E-1	 5.924242E-11	 9.982169E-3	 7.675996E-6	 3.593960E-4
-1.999999E-1	 6.831569E-11	 9.982501E-3	 7.650816E-6	 2.826239E-4
1.490116E-7	 7.646050E-11	 9.981928E-3	 7.626675E-6	 3.497570E-4
2.000002E-1	 8.473192E-11	 9.981935E-3	 7.601252E-6	 4.643162E-4
4.000002E-1	 9.173726E-11	 9.982161E-3	 7.576769E-6	 3.710647E-4
6.000001E-1	 1.019497E-10	 9.981820E-3	 7.552300E-6	 3.930904E-4
8.000002E-1	 1.136392E-10	 9.981819E-3	 7.528297E-6	 3.878597E-4
1.000000E+0	 1.193785E-10	 9.982396E-3	 7.502575E-6	 4.444504E-4
1.200000E+0	 1.284939E-10	 9.982279E-3	 7.477359E-6	 5.052280E-4
1.400000E+0	 1.366385E-10	 9.982743E-3	 7.453722E-6	 4.420730E-4
1.600000E+0	 1.497629E-10	 9.982275E-3	 7.428488E-6	 5.714920E-4
1.800000E+0	 1.539407E-10	 9.982396E-3	 7.405317E-6	 4.531216E-4
2.000000E+0	 1.649553E-10	 9.982048E-3	 7.381660E-6	 5.537982E-4
2.200000E+0	 1.713277E-10	 9.981701E-3	 7.356688E-6	 4.808468E-4
2.400000E+0	 1.782908E-10	 9.982280E-3	 7.334397E-6	 5.292065E-4
2.600000E+0	 1.872372E-10	 9.981936E-3	 7.310124E-6	 5.288586E-4
2.800000E+0	 1.977452E-10	 9.981815E-3	 7.285535E-6	 5.533984E-4
3.000000E+0	 2.052988E-10	 9.982052E-3	 7.261574E-6	 5.413821E-4
3.200000E+0	 2.126838E-10	 9.981818E-3	 7.237250E-6	 5.698170E-4
3.400000E+0	 2.207866E-10	 9.981818E-3	 7.216385E-6	 6.074031E-4
3.600000E+0	 2.287203E-10	 9.981587E-3	 7.194140E-6	 6.464341E-4
3.800000E+0	 2.382154E-10	 9.982046E-3	 7.171686E-6	 6.352310E-4
4.000000E+0	 2.461911E-10	 9.981583E-3	 7.149415E-6	 6.499652E-4
4.200000E+0	 2.537030E-10	 9.981814E-3	 7.127630E-6	 6.431266E-4
4.400000E+0	 2.599910E-10	 9.981466E-3	 7.106876E-6	 6.505175E-4
4.600000E+0	 2.702457E-10	 9.981579E-3	 7.089599E-6	 7.104932E-4
4.800000E+0	 2.822306E-10	 9.982160E-3	 7.067283E-6	 6.917777E-4
5.000000E+0	 2.889829E-10	 9.982164E-3	 7.050069E-6	 7.479045E-4
5.200000E+0	 2.979714E-10	 9.982513E-3	 7.031731E-6	 7.193747E-4
5.400000E+0	 3.026557E-10	 9.982397E-3	 7.012769E-6	 7.370311E-4
5.600000E+0	 3.134167E-10	 9.982279E-3	 6.993529E-6	 7.545500E-4
5.800000E+0	 3.195357E-10	 9.981933E-3	 6.973907E-6	 7.583211E-4
6.000000E+0	 3.284825E-10	 9.982283E-3	 6.953838E-6	 7.761581E-4
6.200000E+0	 3.367115E-10	 9.982383E-3	 6.932235E-6	 7.946153E-4
6.400000E+0	 3.466287E-10	 9.982392E-3	 6.911419E-6	 8.026130E-4
6.600000E+0	 3.514817E-10	 9.982382E-3	 6.887493E-6	 8.198905E-4
6.800000E+0	 3.598797E-10	 9.982388E-3	 6.865548E-6	 8.322589E-4
7.000000E+0	 3.690794E-10	 9.981817E-3	 6.840929E-6	 8.496041E-4
7.200000E+0	 3.797140E-10	 9.981697E-3	 6.816776E-6	 8.612875E-4
7.400000E+0	 3.868458E-10	 9.982509E-3	 6.792091E-6	 8.919358E-4
7.600000E+0	 3.713581E-10	 9.982049E-3	 6.766136E-6	 7.187140E-4
7.800000E+0	 3.997592E-10	 9.982512E-3	 6.739983E-6	 9.112194E-4
8.000000E+0	 3.875211E-10	 9.981817E-3	 6.716592E-6	 9.230884E-4
8.200000E+0	 4.171881E-10	 9.982166E-3	 6.691308E-6	 9.377132E-4
8.400001E+0	 4.304814E-10	 9.982278E-3	 6.665615E-6	 9.599289E-4
8.600000E+0	 4.356718E-10	 9.982049E-3	 6.639184E-6	 9.631946E-4
8.800000E+0	 4.393436E-10	 9.982623E-3	 6.612501E-6	 9.639622E-4
9.000000E+0	 4.498512E-10	 9.983084E-3	 6.587099E-6	 1.014013E-3
9.200001E+0	 4.331399E-10	 9.982967E-3	 6.556965E-6	 1.123941E-3
9.400001E+0	 4.652544E-10	 9.983091E-3	 6.533373E-6	 1.012295E-3
9.600000E+0	 4.507374E-10	 9.982739E-3	 6.505551E-6	 1.085670E-3
9.800000E+0	 4.829785E-10	 9.982271E-3	 6.478625E-6	 1.021553E-3
1.000000E+1	 4.906593E-10	 9.982739E-3	 6.452329E-6	 1.056936E-3
9.800000E+0	 4.041483E-10	 9.982739E-3	 6.486004E-6	 1.004594E-3
9.600000E+0	 3.613567E-10	 9.982858E-3	 6.517035E-6	 9.770228E-4
9.400001E+0	 3.237557E-10	 9.982973E-3	 6.547234E-6	 9.444253E-4
9.200001E+0	 2.973383E-10	 9.982398E-3	 6.577617E-6	 9.290187E-4
9.000000E+0	 2.718072E-10	 9.982515E-3	 6.605190E-6	 9.038784E-4
8.800000E+0	 2.488075E-10	 9.982281E-3	 6.634924E-6	 8.831198E-4
8.600000E+0	 2.281718E-10	 9.982280E-3	 6.664040E-6	 8.599802E-4
8.400001E+0	 2.106163E-10	 9.982283E-3	 6.693097E-6	 8.485481E-4
8.200000E+0	 1.978294E-10	 9.982164E-3	 6.720948E-6	 8.273873E-4
8.000000E+0	 1.786705E-10	 9.982504E-3	 6.749352E-6	 8.169062E-4
7.800000E+0	 1.655460E-10	 9.982165E-3	 6.778922E-6	 8.003028E-4
7.600000E+0	 1.497629E-10	 9.982278E-3	 6.803917E-6	 7.789966E-4
7.400000E+0	 1.364698E-10	 9.983202E-3	 6.830750E-6	 -8.101062E-4
7.200000E+0	 1.281141E-10	 9.982397E-3	 6.857476E-6	 1.979589E-3
7.000000E+0	 1.100099E-10	 9.982392E-3	 6.883643E-6	 4.581799E-4
6.800000E+0	 9.983969E-11	 9.981813E-3	 6.907749E-6	 1.097435E-3
6.600000E+0	 8.827683E-11	 9.982395E-3	 6.931299E-6	 6.497882E-4
6.400000E+0	 7.164952E-11	 9.981698E-3	 6.957199E-6	 6.135196E-4
6.200000E+0	 8.722170E-11	 9.982627E-3	 6.978445E-6	 6.808409E-4
6.000000E+0	 5.088696E-11	 9.982389E-3	 7.001025E-6	 6.693561E-4
5.800000E+0	 4.561196E-11	 9.982399E-3	 7.021597E-6	 6.434892E-4
5.600000E+0	 3.101032E-11	 9.982394E-3	 7.041975E-6	 6.357635E-4
5.400000E+0	 2.193726E-11	 9.982509E-3	 7.063234E-6	 6.163719E-4
5.200000E+0	 -2.243511E-12	 9.982631E-3	 7.083876E-6	 6.169369E-4
5.000000E+0	 1.132497E-12	 9.982974E-3	 7.101510E-6	 5.858788E-4
4.800000E+0	 -1.503038E-11	 9.982164E-3	 7.122456E-6	 5.636240E-4
4.600000E+0	 -3.140414E-11	 9.982513E-3	 7.143065E-6	 5.502652E-4
4.400000E+0	 -2.933635E-11	 9.983091E-3	 7.162728E-6	 5.300684E-4
4.200000E+0	 -3.718560E-11	 9.982975E-3	 7.184033E-6	 5.179620E-4
4.000000E+0	 -4.811561E-11	 9.983544E-3	 7.205311E-6	 4.723850E-4
3.800000E+0	 -5.777952E-11	 9.982510E-3	 7.229044E-6	 5.079847E-4
3.600000E+0	 -6.516464E-11	 9.982510E-3	 7.250802E-6	 4.884155E-4
3.400000E+0	 -7.449099E-11	 9.982862E-3	 7.273798E-6	 4.622868E-4
3.200000E+0	 -8.352193E-11	 9.983092E-3	 7.296610E-6	 4.631964E-4
3.000000E+0	 -9.069601E-11	 9.982851E-3	 7.320098E-6	 4.339932E-4
2.800000E+0	 -8.145402E-11	 9.982972E-3	 7.343506E-6	 4.099451E-4
2.600000E+0	 -1.077872E-10	 9.983090E-3	 7.368863E-6	 5.111184E-4
2.400000E+0	 -1.207428E-10	 9.982282E-3	 7.390659E-6	 2.642382E-4
2.200000E+0	 -1.296893E-10	 9.982513E-3	 7.414975E-6	 3.089672E-4
2.000000E+0	 -1.350488E-10	 9.982513E-3	 7.439805E-6	 3.996181E-4
1.800000E+0	 -1.491016E-10	 9.982499E-3	 7.465001E-6	 2.533859E-4
1.600000E+0	 -1.522666E-10	 9.982396E-3	 7.489044E-6	 3.401930E-4
1.400000E+0	 -1.629434E-10	 9.982393E-3	 7.513848E-6	 3.423805E-4
1.200000E+0	 -1.706239E-10	 9.981927E-3	 7.538245E-6	 3.719346E-4
1.000000E+0	 -1.788108E-10	 9.982510E-3	 7.564047E-6	 2.627622E-4
8.000002E-1	 -1.896986E-10	 9.982276E-3	 7.589118E-6	 -5.656528E-4
6.000001E-1	 -1.984768E-10	 9.982502E-3	 7.613942E-6	 1.444853E-4
4.000002E-1	 -2.044696E-10	 9.982161E-3	 7.638050E-6	 2.844485E-4
2.000002E-1	 -2.109267E-10	 9.982282E-3	 7.662434E-6	 2.332280E-4
1.490116E-7	 -2.217307E-10	 9.982280E-3	 7.686630E-6	 2.676159E-4
-1.999999E-1	 -2.340117E-10	 9.982505E-3	 7.710817E-6	 2.473673E-4
-3.999999E-1	 -2.394137E-10	 9.982394E-3	 7.732458E-6	 2.148914E-4
-5.999998E-1	 -2.455754E-10	 9.982398E-3	 7.759441E-6	 1.924550E-4
-7.999998E-1	 -2.561684E-10	 9.982630E-3	 7.784744E-6	 1.855364E-4
-9.999999E-1	 -2.634273E-10	 9.981696E-3	 7.806922E-6	 1.590815E-4
-1.200000E+0	 -2.738937E-10	 9.982394E-3	 7.828995E-6	 1.625507E-4
-1.400000E+0	 -2.816591E-10	 9.982048E-3	 7.853850E-6	 1.464726E-4
-1.600000E+0	 -2.946576E-10	 9.981581E-3	 7.876974E-6	 1.469533E-4
-1.800000E+0	 -2.981183E-10	 9.981588E-3	 7.899729E-6	 1.145301E-4
-2.000000E+0	 -3.079093E-10	 9.981469E-3	 7.922493E-6	 1.014896E-4
-2.200000E+0	 -3.128893E-10	 9.981819E-3	 7.944343E-6	 9.257582E-5
-2.400000E+0	 -3.222584E-10	 9.981701E-3	 7.967620E-6	 9.420368E-5
-2.600000E+0	 -3.316697E-10	 9.981823E-3	 7.991332E-6	 6.062239E-5
-2.800000E+0	 -3.396883E-10	 9.982054E-3	 8.014114E-6	 3.773348E-5
-3.000000E+0	 -3.493950E-10	 9.981928E-3	 8.037557E-6	 -4.392030E-4
-3.200000E+0	 -3.547970E-10	 9.981820E-3	 8.061174E-6	 -3.990829E-4
-3.400000E+0	 -3.656854E-10	 9.981590E-3	 8.081188E-6	 -4.449075E-6
-3.600000E+0	 -3.748857E-10	 9.981701E-3	 8.102829E-6	 -7.138074E-6
-3.800000E+0	 -3.826933E-10	 9.981588E-3	 8.125815E-6	 1.876293E-4
-4.000000E+0	 -3.889815E-10	 9.981817E-3	 8.146631E-6	 -1.057202E-4
-4.200000E+0	 -3.940036E-10	 9.981924E-3	 8.168542E-6	 -5.725914E-4
-4.400000E+0	 -4.056096E-10	 9.982169E-3	 8.191129E-6	 -2.083762E-6
-4.600000E+0	 -4.124464E-10	 9.982165E-3	 8.213869E-6	 -8.700843E-5
-4.800000E+0	 -4.202539E-10	 9.982856E-3	 8.234570E-6	 -2.005523E-4
-5.000000E+0	 -4.303827E-10	 9.982399E-3	 8.255375E-6	 -3.452680E-5
-5.200000E+0	 -4.350253E-10	 9.981814E-3	 8.277402E-6	 -1.498090E-4
-5.400000E+0	 -4.468841E-10	 9.982164E-3	 8.295966E-6	 -1.353907E-4
-5.600000E+0	 -4.504291E-10	 9.981695E-3	 8.318941E-6	 -2.133320E-4
-5.800000E+0	 -4.609801E-10	 9.981702E-3	 8.338108E-6	 -1.283029E-4
-6.000000E+0	 -4.721216E-10	 9.981931E-3	 8.360047E-6	 -1.623798E-4
-6.200000E+0	 -4.761730E-10	 9.982401E-3	 8.379924E-6	 2.702341E-4
-6.400000E+0	 -4.846983E-10	 9.982168E-3	 8.399728E-6	 -2.013973E-4
-6.600000E+0	 -4.926323E-10	 9.982509E-3	 8.421412E-6	 -5.290037E-4
-6.800000E+0	 -5.170679E-10	 9.982168E-3	 8.441497E-6	 -2.814889E-4
-7.000000E+0	 -5.141136E-10	 9.982397E-3	 8.461342E-6	 -2.437340E-4
-7.200000E+0	 -5.182495E-10	 9.981817E-3	 8.480362E-6	 -2.732620E-4
-7.400000E+0	 -5.265635E-10	 9.982394E-3	 8.498880E-6	 -2.730151E-4
-7.600000E+0	 -5.105263E-10	 9.981007E-3	 8.517894E-6	 -2.917113E-4
-7.800000E+0	 -5.187559E-10	 9.981818E-3	 8.539031E-6	 -3.100953E-4
-8.000000E+0	 -5.484248E-10	 9.981818E-3	 8.557321E-6	 -3.342105E-4
-8.200000E+0	 -5.591865E-10	 9.981818E-3	 8.577364E-6	 -3.314329E-4
-8.400000E+0	 -5.671630E-10	 9.981584E-3	 8.597734E-6	 -3.490718E-4
-8.600000E+0	 -5.722272E-10	 9.981930E-3	 8.616094E-6	 -3.602007E-4
-8.800000E+0	 -5.818916E-10	 9.981581E-3	 8.634428E-6	 -3.668633E-4
-9.000000E+0	 -5.861120E-10	 9.981823E-3	 8.652111E-6	 -3.868480E-4
-9.200000E+0	 -5.997856E-10	 9.981588E-3	 8.672150E-6	 -4.188521E-4
-9.400000E+0	 -6.107166E-10	 9.981697E-3	 8.691830E-6	 -3.903591E-4
-9.600000E+0	 -6.176800E-10	 9.981819E-3	 8.707440E-6	 -4.308234E-4
-9.800000E+0	 -6.241371E-10	 9.982280E-3	 8.726901E-6	 -4.350865E-4
-1.000000E+1	 -6.334217E-10	 9.982397E-3	 8.745082E-6	 -4.221975E-4
-9.800000E+0	 -5.465255E-10	 9.981934E-3	 8.721354E-6	 -4.363221E-4
-9.600000E+0	 -5.030985E-10	 9.981937E-3	 8.701437E-6	 -7.191039E-4
-9.400000E+0	 -4.798868E-10	 9.982274E-3	 8.680173E-6	 -3.558270E-4
-9.200000E+0	 -4.408912E-10	 9.982166E-3	 8.660450E-6	 -2.595839E-4
-9.000000E+0	 -4.098720E-10	 9.982387E-3	 8.637012E-6	 -3.068454E-4
-8.800000E+0	 -3.906695E-10	 9.981359E-3	 8.617135E-6	 -2.547420E-4
-8.600000E+0	 -3.738306E-10	 9.981472E-3	 8.596078E-6	 -2.942586E-4
-8.400000E+0	 -3.535309E-10	 9.981469E-3	 8.575866E-6	 -2.468177E-4
-8.200000E+0	 -3.363542E-10	 9.982164E-3	 8.554721E-6	 -3.107538E-4
-8.000000E+0	 -3.177848E-10	 9.981936E-3	 8.532921E-6	 -1.208333E-4
-7.800000E+0	 -3.040689E-10	 9.981700E-3	 8.511416E-6	 -2.092610E-4
-7.600000E+0	 -2.890445E-10	 9.981576E-3	 8.489556E-6	 -1.813839E-4
-7.400000E+0	 -2.969366E-10	 9.981469E-3	 8.468729E-6	 -1.574414E-4
-7.200000E+0	 -2.661283E-10	 9.981469E-3	 8.448204E-6	 -1.182905E-4
-7.000000E+0	 -2.378100E-10	 9.981357E-3	 8.427098E-6	 -9.040486E-5
-6.800000E+0	 -2.246427E-10	 9.981817E-3	 8.406737E-6	 3.361516E-5
-6.600000E+0	 -2.279767E-10	 9.981936E-3	 8.385431E-6	 -9.991290E-5
-6.400000E+0	 -2.171305E-10	 9.981817E-3	 8.362016E-6	 1.247191E-5
-6.200000E+0	 -2.071284E-10	 9.982399E-3	 8.342562E-6	 -5.222452E-5
-6.000000E+0	 -1.969575E-10	 9.982164E-3	 8.319732E-6	 -2.305942E-5
-5.800000E+0	 -1.846345E-10	 9.982054E-3	 8.297629E-6	 -4.180524E-5
-5.600000E+0	 -1.733670E-10	 9.982038E-3	 8.277971E-6	 -3.166519E-5
-5.400000E+0	 -1.643782E-10	 9.982169E-3	 8.254985E-6	 -1.950609E-6
-5.200000E+0	 -1.541235E-10	 9.981702E-3	 8.232297E-6	 -1.129698E-5
-5.000000E+0	 -1.644204E-10	 9.982048E-3	 8.208941E-6	 -5.344244E-6
-4.800000E+0	 -1.328122E-10	 9.981242E-3	 8.187408E-6	 -6.727153E-5
-4.600000E+0	 -1.213759E-10	 9.981469E-3	 8.164448E-6	 7.849339E-5
-4.400000E+0	 -1.134844E-10	 9.981588E-3	 8.141226E-6	 3.899866E-5
-4.200000E+0	 -1.033984E-10	 9.981940E-3	 8.118996E-6	 5.970847E-5
-4.000000E+0	 -9.588676E-11	 9.981817E-3	 8.094928E-6	 7.788058E-5
-3.800000E+0	 -8.651819E-11	 9.981589E-3	 8.074480E-6	 2.804672E-5
-3.600000E+0	 -7.465985E-11	 9.981358E-3	 8.051067E-6	 1.385197E-4
-3.400000E+0	 -6.676823E-11	 9.981346E-3	 8.028699E-6	 1.374308E-4
-3.200000E+0	 -5.782179E-11	 9.981590E-3	 8.006479E-6	 1.287161E-4
-3.000000E+0	 -7.183240E-11	 9.981935E-3	 7.982642E-6	 1.749782E-4
-2.800000E+0	 -4.149013E-11	 9.981936E-3	 7.958763E-6	 1.554640E-4
-2.600000E+0	 -3.153086E-11	 9.981577E-3	 7.936731E-6	 2.545407E-4
-2.400000E+0	 -2.190913E-11	 9.981819E-3	 7.912559E-6	 2.024002E-4
-2.200000E+0	 -1.085257E-11	 9.982046E-3	 7.889666E-6	 2.209487E-4
-2.000000E+0	 -2.370326E-12	 9.981815E-3	 7.866264E-6	 2.248565E-4
-1.800000E+0	 3.706604E-12	 9.981694E-3	 7.842124E-6	 2.373078E-4
-1.600000E+0	 1.400353E-11	 9.982045E-3	 7.818325E-6	 2.533554E-4
-1.400000E+0	 1.957406E-11	 9.981818E-3	 7.795378E-6	 2.562355E-4
-1.200000E+0	 3.075715E-11	 9.981936E-3	 7.769152E-6	 2.811302E-4
-9.999999E-1	 4.096969E-11	 9.982513E-3	 7.747009E-6	 2.917377E-4
-7.999998E-1	 5.126666E-11	 9.982168E-3	 7.722957E-6	 3.119167E-4
-5.999998E-1	 5.869386E-11	 9.981245E-3	 7.699621E-6	 3.262712E-4
-3.999999E-1	 6.548825E-11	 9.981246E-3	 7.674500E-6	 2.616530E-4
-1.999999E-1	 5.033815E-11	 9.981704E-3	 7.649810E-6	 3.664304E-4
1.490116E-7	 7.890799E-11	 9.981821E-3	 7.625442E-6	 3.639043E-4
2.000002E-1	 8.937384E-11	 9.981590E-3	 7.600823E-6	 3.754948E-4
4.000002E-1	 9.684326E-11	 9.981818E-3	 7.573610E-6	 3.949200E-4
6.000001E-1	 1.027092E-10	 9.982169E-3	 7.551623E-6	 4.380929E-4
8.000002E-1	 1.116980E-10	 9.982395E-3	 7.528296E-6	 4.032361E-4
1.000000E+0	 1.216151E-10	 9.982499E-3	 7.502913E-6	 4.344241E-4
1.200000E+0	 1.310679E-10	 9.982271E-3	 7.479679E-6	 4.376671E-4
1.400000E+0	 1.384109E-10	 9.982399E-3	 7.454601E-6	 4.570616E-4
1.600000E+0	 1.442768E-10	 9.982281E-3	 7.429571E-6	 4.721393E-4
1.800000E+0	 1.556288E-10	 9.982051E-3	 7.405411E-6	 4.640254E-4
2.000000E+0	 1.646597E-10	 9.982389E-3	 7.380816E-6	 4.709673E-4
2.200000E+0	 1.714960E-10	 9.982169E-3	 7.356262E-6	 5.156378E-4
2.400000E+0	 1.827637E-10	 9.981817E-3	 7.332591E-6	 5.329104E-4
2.600000E+0	 1.871947E-10	 9.982052E-3	 7.310711E-6	 5.404174E-4
2.800000E+0	 1.982515E-10	 9.981930E-3	 7.287043E-6	 5.557887E-4
3.000000E+0	 2.041171E-10	 9.982281E-3	 7.263923E-6	 5.661303E-4
3.200000E+0	 2.159756E-10	 9.981468E-3	 7.240777E-6	 5.121519E-4
3.400000E+0	 2.212085E-10	 9.982402E-3	 7.219200E-6	 6.030648E-4
3.600000E+0	 2.304504E-10	 9.982279E-3	 7.198363E-6	 6.112829E-4
3.800000E+0	 2.396078E-10	 9.982040E-3	 7.175022E-6	 6.199296E-4
4.000000E+0	 2.460646E-10	 9.982161E-3	 7.153987E-6	 6.212555E-4
4.200000E+0	 2.540825E-10	 9.981935E-3	 7.133017E-6	 6.306372E-4
4.400000E+0	 2.649281E-10	 9.982506E-3	 7.111290E-6	 6.763632E-4
4.600000E+0	 2.729041E-10	 9.981709E-3	 7.091538E-6	 6.826519E-4
4.800000E+0	 2.806269E-10	 9.982171E-3	 7.072513E-6	 6.947725E-4
5.000000E+0	 2.867881E-10	 9.982159E-3	 7.053886E-6	 7.081548E-4
5.200000E+0	 2.932868E-10	 9.982165E-3	 7.035771E-6	 7.138593E-4
5.400000E+0	 3.029932E-10	 9.982169E-3	 7.015728E-6	 7.868315E-4
5.600000E+0	 3.112224E-10	 9.982401E-3	 6.996882E-6	 7.351111E-4
5.800000E+0	 3.217723E-10	 9.982624E-3	 6.976558E-6	 7.614424E-4
6.000000E+0	 3.254017E-10	 9.982399E-3	 6.957242E-6	 7.759080E-4
6.200000E+0	 3.366272E-10	 9.982515E-3	 6.936848E-6	 7.981945E-4
6.400000E+0	 3.460800E-10	 9.982858E-3	 6.913432E-6	 8.211600E-4
6.600000E+0	 3.559974E-10	 9.982632E-3	 6.893395E-6	 7.650147E-4
6.800000E+0	 3.620318E-10	 9.982519E-3	 6.868455E-6	 8.806746E-4
7.000000E+0	 3.694169E-10	 9.982863E-3	 6.844573E-6	 4.225181E-4
7.200000E+0	 3.783215E-10	 9.982512E-3	 6.820343E-6	 9.171397E-4
7.400000E+0	 3.860440E-10	 9.982398E-3	 6.795797E-6	 1.039236E-3
7.600000E+0	 3.943997E-10	 9.982401E-3	 6.770026E-6	 9.085691E-4
7.800000E+0	 4.012361E-10	 9.982285E-3	 6.745101E-6	 9.053170E-4
8.000000E+0	 4.111110E-10	 9.982515E-3	 6.718171E-6	 9.165553E-4
8.200000E+0	 4.194243E-10	 9.981938E-3	 6.691643E-6	 9.312826E-4
8.400001E+0	 4.243199E-10	 9.982052E-3	 6.666845E-6	 9.415007E-4
8.600000E+0	 4.343636E-10	 9.982281E-3	 6.638381E-6	 9.240342E-4
8.800000E+0	 4.384149E-10	 9.982285E-3	 6.612684E-6	 9.508625E-4
9.000000E+0	 4.536912E-10	 9.982051E-3	 6.584998E-6	 1.043187E-3
9.200001E+0	 4.600635E-10	 9.981815E-3	 6.559673E-6	 1.016402E-3
9.400001E+0	 4.717111E-10	 9.982169E-3	 6.533404E-6	 1.655519E-3
9.600000E+0	 4.772391E-10	 9.982286E-3	 6.503280E-6	 9.595938E-4
9.800000E+0	 4.847509E-10	 9.982397E-3	 6.478198E-6	 9.975238E-4
1.000000E+1	 4.931066E-10	 9.982169E-3	 6.450980E-6	 1.076911E-3
9.800000E+0	 4.095074E-10	 9.982400E-3	 6.485559E-6	 9.725172E-4
9.600000E+0	 3.627068E-10	 9.982630E-3	 6.514454E-6	 9.683711E-4
9.400001E+0	 3.133744E-10	 9.983090E-3	 6.544241E-6	 9.462868E-4
9.200001E+0	 2.956506E-10	 9.982285E-3	 6.574679E-6	 9.221986E-4
9.000000E+0	 2.747190E-10	 9.982161E-3	 6.606424E-6	 9.039869E-4
8.800000E+0	 2.516348E-10	 9.982170E-3	 6.634124E-6	 9.402478E-4
8.600000E+0	 2.359786E-10	 9.981939E-3	 6.664148E-6	 8.593584E-4
8.400001E+0	 2.144564E-10	 9.982285E-3	 6.691938E-6	 8.514540E-4
8.200000E+0	 1.943688E-10	 9.982282E-3	 6.719863E-6	 8.304717E-4
8.000000E+0	 1.829744E-10	 9.982515E-3	 6.750112E-6	 8.056113E-4
7.800000E+0	 1.651238E-10	 9.982629E-3	 6.777541E-6	 7.957840E-4
7.600000E+0	 1.531388E-10	 9.982968E-3	 6.805584E-6	 7.800320E-4
7.400000E+0	 1.373138E-10	 9.982630E-3	 6.832525E-6	 7.637096E-4
7.200000E+0	 1.260461E-10	 9.982747E-3	 6.859358E-6	 -1.815320E-4
7.000000E+0	 1.124577E-10	 9.982740E-3	 6.884214E-6	 7.578089E-4
6.800000E+0	 1.003881E-10	 9.982393E-3	 6.909496E-6	 7.962705E-4
6.600000E+0	 8.802337E-11	 9.982515E-3	 6.934129E-6	 7.222637E-4
6.400000E+0	 7.814852E-11	 9.982281E-3	 6.957230E-6	 7.086223E-4
6.200000E+0	 6.329376E-11	 9.982860E-3	 6.980928E-6	 7.620225E-4
6.000000E+0	 5.358769E-11	 9.982630E-3	 7.002988E-6	 7.347055E-4
5.800000E+0	 4.426129E-11	 9.982400E-3	 7.021642E-6	 6.469939E-4
5.600000E+0	 3.451305E-11	 9.982515E-3	 7.043937E-6	 6.351589E-4
5.400000E+0	 2.501800E-11	 9.982627E-3	 7.064179E-6	 6.389503E-4
5.200000E+0	 1.539623E-11	 9.981590E-3	 7.086096E-6	 6.182060E-4
5.000000E+0	 2.398456E-12	 9.982164E-3	 7.103241E-6	 5.843153E-4
4.800000E+0	 -1.009297E-11	 9.982397E-3	 7.125561E-6	 5.559247E-4
4.600000E+0	 -1.802655E-11	 9.982393E-3	 7.146153E-6	 5.563339E-4
4.400000E+0	 -2.494752E-11	 9.982164E-3	 7.165067E-6	 5.495557E-4
4.200000E+0	 -3.452705E-11	 9.982855E-3	 7.187730E-6	 5.367561E-4
4.000000E+0	 -4.600559E-11	 9.982051E-3	 7.208410E-6	 4.591027E-4
3.800000E+0	 -5.528970E-11	 9.982166E-3	 7.228917E-6	 5.147948E-4
3.600000E+0	 -6.491149E-11	 9.981818E-3	 7.252278E-6	 4.615607E-4
3.400000E+0	 -7.664330E-11	 9.982515E-3	 7.275406E-6	 4.641511E-4
3.200000E+0	 -8.461912E-11	 9.982632E-3	 7.298982E-6	 4.578659E-4
3.000000E+0	 -9.124461E-11	 9.982498E-3	 7.323301E-6	 4.434101E-4
2.800000E+0	 -9.884069E-11	 9.982389E-3	 7.345933E-6	 4.339757E-4
2.600000E+0	 -1.099395E-10	 9.982622E-3	 7.370496E-6	 4.150958E-4
2.400000E+0	 -1.205741E-10	 9.982055E-3	 7.394361E-6	 3.921010E-4
2.200000E+0	 -1.249207E-10	 9.982742E-3	 7.417485E-6	 4.068802E-4
2.000000E+0	 -1.350066E-10	 9.982399E-3	 7.443742E-6	 4.054994E-4
1.800000E+0	 -1.204897E-10	 9.982282E-3	 7.467346E-6	 4.060958E-4
1.600000E+0	 -1.518025E-10	 9.982748E-3	 7.492551E-6	 3.507399E-4
1.400000E+0	 -1.652223E-10	 9.982050E-3	 7.516628E-6	 3.311997E-4
1.200000E+0	 -1.734936E-10	 9.982170E-3	 7.540793E-6	 3.222109E-4
1.000000E+0	 -1.796971E-10	 9.982160E-3	 7.565827E-6	 3.179949E-4
8.000002E-1	 -1.629012E-10	 9.982169E-3	 7.589940E-6	 2.960446E-4
6.000001E-1	 -1.962822E-10	 9.982624E-3	 7.614768E-6	 2.835954E-4
4.000002E-1	 -2.064109E-10	 9.982972E-3	 7.639764E-6	 2.699413E-4
2.000002E-1	 -2.137543E-10	 9.982156E-3	 7.662964E-6	 2.589980E-4
1.490116E-7	 -2.202958E-10	 9.982516E-3	 7.685031E-6	 2.394689E-4
-1.999999E-1	 -2.292850E-10	 9.982513E-3	 7.711446E-6	 2.297371E-4
-3.999999E-1	 -2.398780E-10	 9.982168E-3	 7.732866E-6	 2.157826E-4
-5.999998E-1	 -2.492892E-10	 9.982281E-3	 7.759586E-6	 2.005771E-4
-7.999998E-1	 -2.576876E-10	 9.982629E-3	 7.782848E-6	 1.748035E-4
-9.999999E-1	 -2.654530E-10	 9.982398E-3	 7.807163E-6	 1.708886E-4
-1.200000E+0	 -2.725854E-10	 9.982280E-3	 7.829426E-6	 1.094406E-4
-1.400000E+0	 -2.838957E-10	 9.982398E-3	 7.852834E-6	 1.355172E-4
-1.600000E+0	 -2.871032E-10	 9.982166E-3	 7.878079E-6	 1.325857E-4
-1.800000E+0	 -3.008192E-10	 9.981928E-3	 7.901168E-6	 1.020275E-4
-2.000000E+0	 -3.090067E-10	 9.981820E-3	 7.925159E-6	 1.060792E-4
-2.200000E+0	 -3.315430E-10	 9.981696E-3	 7.949059E-6	 1.368478E-4
-2.400000E+0	 -3.402791E-10	 9.982050E-3	 7.971313E-6	 7.638587E-5
-2.600000E+0	 -3.323026E-10	 9.981704E-3	 7.992253E-6	 7.263059E-5
-2.800000E+0	 -3.410387E-10	 9.982048E-3	 8.015927E-6	 8.435665E-5
-3.000000E+0	 -3.507876E-10	 9.981936E-3	 8.039673E-6	 1.684305E-6
-3.200000E+0	 -3.579201E-10	 9.981589E-3	 8.060752E-6	 3.196624E-5
-3.400000E+0	 -3.676689E-10	 9.981706E-3	 8.083063E-6	 4.895231E-6
-3.600000E+0	 -3.819759E-10	 9.981235E-3	 8.106301E-6	 -6.905057E-6
-3.800000E+0	 -3.948478E-10	 9.981702E-3	 8.128901E-6	 -3.157976E-5
-4.000000E+0	 -3.941722E-10	 9.981698E-3	 8.149707E-6	 -5.889318E-5
-4.200000E+0	 -4.015157E-10	 9.981927E-3	 8.171302E-6	 -4.132047E-5
-4.400000E+0	 -4.126995E-10	 9.981472E-3	 8.191879E-6	 -6.327394E-5
-4.600000E+0	 -4.150629E-10	 9.981466E-3	 8.215767E-6	 -8.375970E-5
-4.800000E+0	 -4.225328E-10	 9.981357E-3	 8.237130E-6	 -1.013570E-4
-5.000000E+0	 -4.344340E-10	 9.982156E-3	 8.257823E-6	 -1.267686E-4
-5.200000E+0	 -4.440563E-10	 9.981126E-3	 8.278196E-6	 -1.390227E-4
-5.400000E+0	 -4.528768E-10	 9.981817E-3	 8.301098E-6	 -9.372331E-5
-5.600000E+0	 -4.583209E-10	 9.981702E-3	 8.320460E-6	 -1.314100E-4
-5.800000E+0	 -4.677745E-10	 9.981474E-3	 8.341653E-6	 -1.809356E-4
-6.000000E+0	 -4.751178E-10	 9.982276E-3	 8.363129E-6	 -1.724843E-4
-6.200000E+0	 -4.860062E-10	 9.981932E-3	 8.382804E-6	 -1.886946E-4
-6.400000E+0	 -4.884964E-10	 9.981931E-3	 8.404138E-6	 -1.677693E-4
-6.600000E+0	 -5.025075E-10	 9.981817E-3	 8.423967E-6	 -2.168837E-4
-6.800000E+0	 -5.044911E-10	 9.981694E-3	 8.444223E-6	 -2.351784E-4
-7.000000E+0	 -5.187980E-10	 9.981002E-3	 8.464739E-6	 -2.572261E-4
-7.200000E+0	 -5.231450E-10	 9.981356E-3	 8.483906E-6	 -2.483478E-4
-7.400000E+0	 -5.301508E-10	 9.981344E-3	 8.504175E-6	 -2.854500E-4
-7.600000E+0	 -5.402792E-10	 9.981587E-3	 8.521992E-6	 -2.819301E-4
-7.800000E+0	 -5.493954E-10	 9.981236E-3	 8.542572E-6	 -3.039592E-4
-8.000000E+0	 -5.556832E-10	 9.981470E-3	 8.562571E-6	 -3.227379E-4
-8.200000E+0	 -5.637444E-10	 9.981472E-3	 8.581029E-6	 -3.361317E-4
-8.400000E+0	 -5.723537E-10	 9.981815E-3	 8.598952E-6	 -3.472205E-4
-8.600000E+0	 -5.809210E-10	 9.981349E-3	 8.619584E-6	 -3.773626E-4
-8.800000E+0	 -5.900789E-10	 9.981590E-3	 8.636681E-6	 -3.671940E-4
-9.000000E+0	 -5.951855E-10	 9.981933E-3	 8.656691E-6	 -3.902711E-4
-9.200000E+0	 -6.038794E-10	 9.981924E-3	 8.674906E-6	 -4.176468E-4
-9.400000E+0	 -6.119403E-10	 9.981354E-3	 8.693021E-6	 -4.147343E-4
-9.600000E+0	 -6.203806E-10	 9.981934E-3	 8.712231E-6	 -4.511816E-4
-9.800000E+0	 -6.319867E-10	 9.981815E-3	 8.730493E-6	 -4.517474E-4
-1.000000E+1	 -6.126156E-10	 9.981698E-3	 8.748673E-6	 -4.223673E-4
