-2.500000E+1	 -3.019163E-9	 1.000001E-2	 4.260678E-6
-2.480000E+1	 -2.657637E-9	 9.999841E-3	 4.238752E-6
-2.460000E+1	 -2.430192E-9	 9.999842E-3	 4.218677E-6
-2.440000E+1	 -2.267619E-9	 1.000001E-2	 4.199243E-6
-2.420000E+1	 -2.149445E-9	 9.999926E-3	 4.181089E-6
-2.400000E+1	 -2.037981E-9	 1.000006E-2	 4.161878E-6
-2.380000E+1	 -1.943231E-9	 1.000003E-2	 4.143260E-6
-2.360000E+1	 -1.846877E-9	 9.999993E-3	 4.124074E-6
-2.340000E+1	 -1.763861E-9	 1.000002E-2	 4.106343E-6
-2.320000E+1	 -1.679450E-9	 1.000003E-2	 4.087195E-6
-2.300000E+1	 -1.609094E-9	 9.999969E-3	 4.067939E-6
-2.280000E+1	 -1.555282E-9	 1.000001E-2	 4.049978E-6
-2.260000E+1	 -1.504805E-9	 9.999877E-3	 4.031120E-6
-2.240000E+1	 -1.436687E-9	 9.999976E-3	 4.012381E-6
-2.220000E+1	 -1.411700E-9	 9.999941E-3	 3.994490E-6
-2.200000E+1	 -1.358650E-9	 1.000002E-2	 3.974817E-6
-2.180000E+1	 -1.316655E-9	 1.000006E-2	 3.955377E-6
-2.160000E+1	 -1.277996E-9	 9.999783E-3	 3.937432E-6
-2.140000E+1	 -1.227392E-9	 1.000001E-2	 3.917237E-6
-2.120000E+1	 -1.204433E-9	 1.000011E-2	 3.898400E-6
-2.100000E+1	 -1.157458E-9	 1.000012E-2	 3.878644E-6
-2.080000E+1	 -1.137369E-9	 9.999976E-3	 3.859227E-6
-2.060000E+1	 -1.102676E-9	 1.000002E-2	 3.840521E-6
-2.040000E+1	 -1.068743E-9	 9.999944E-3	 3.819042E-6
-2.020000E+1	 -1.043251E-9	 1.000000E-2	 3.798932E-6
-2.000000E+1	 -1.014890E-9	 9.999913E-3	 3.779419E-6
-1.980000E+1	 -9.811676E-10	 1.000023E-2	 3.759081E-6
-1.960000E+1	 -9.400180E-10	 9.999989E-3	 3.739304E-6
-1.940000E+1	 -9.329271E-10	 9.999998E-3	 3.718005E-6
-1.920000E+1	 -8.919887E-10	 1.000010E-2	 3.697437E-6
-1.900000E+1	 -8.887810E-10	 9.999979E-3	 3.677321E-6
-1.880000E+1	 -8.609676E-10	 9.999912E-3	 3.657035E-6
-1.860000E+1	 -8.410895E-10	 1.000006E-2	 3.635261E-6
-1.840000E+1	 -8.162725E-10	 1.000006E-2	 3.613547E-6
-1.820000E+1	 -7.871092E-10	 9.999936E-3	 3.592002E-6
-1.800000E+1	 -7.779509E-10	 9.999967E-3	 3.569200E-6
-1.780000E+1	 -7.580720E-10	 9.999876E-3	 3.546878E-6
-1.760000E+1	 -7.267138E-10	 9.999995E-3	 3.525510E-6
-1.740000E+1	 -7.086077E-10	 1.000009E-2	 3.504103E-6
-1.720000E+1	 -6.946379E-10	 1.000006E-2	 3.480855E-6
-1.700000E+1	 -6.767012E-10	 9.999959E-3	 3.457144E-6
-1.680000E+1	 -6.617183E-10	 1.000007E-2	 3.434889E-6
-1.660000E+1	 -6.345805E-10	 9.999937E-3	 3.411277E-6
-1.640000E+1	 -6.222141E-10	 9.999959E-3	 3.388660E-6
-1.620000E+1	 -6.079914E-10	 9.999882E-3	 3.364738E-6
-1.600000E+1	 -5.839766E-10	 1.000019E-2	 3.341120E-6
-1.580000E+1	 -5.658286E-10	 9.999868E-3	 3.317301E-6
-1.560000E+1	 -5.752825E-10	 1.000014E-2	 3.291847E-6
-1.540000E+1	 -5.494531E-10	 1.000003E-2	 3.268660E-6
-1.520000E+1	 -5.070794E-10	 1.000009E-2	 3.244171E-6
-1.500000E+1	 -4.987228E-10	 1.000002E-2	 3.219564E-6
-1.480000E+1	 -4.928141E-10	 9.999939E-3	 3.194020E-6
-1.460000E+1	 -4.706563E-10	 1.000018E-2	 3.168875E-6
-1.440000E+1	 -4.612448E-10	 1.000006E-2	 3.143100E-6
-1.420000E+1	 -4.444472E-10	 1.000003E-2	 3.116826E-6
-1.400000E+1	 -4.438985E-10	 1.000012E-2	 3.091821E-6
-1.380000E+1	 -4.278606E-10	 1.000010E-2	 3.065628E-6
-1.360000E+1	 -4.122871E-10	 1.000000E-2	 3.038957E-6
-1.340000E+1	 -3.942233E-10	 1.000009E-2	 3.012729E-6
-1.320000E+1	 -3.768771E-10	 1.000020E-2	 2.985600E-6
-1.300000E+1	 -3.636669E-10	 1.000006E-2	 2.958768E-6
-1.280000E+1	 -3.640468E-10	 1.000017E-2	 2.931797E-6
-1.260000E+1	 -3.454345E-10	 1.000002E-2	 2.903703E-6
-1.240000E+1	 -3.283415E-10	 1.000004E-2	 2.876832E-6
-1.220000E+1	 -3.173260E-10	 1.000006E-2	 2.848323E-6
-1.200000E+1	 -2.977429E-10	 1.000002E-2	 2.820172E-6
-1.180000E+1	 -2.893865E-10	 1.000010E-2	 2.792052E-6
-1.160000E+1	 -2.806922E-10	 1.000001E-2	 2.763475E-6
-1.140000E+1	 -2.562555E-10	 1.000007E-2	 2.735264E-6
-1.120000E+1	 -2.464218E-10	 9.999939E-3	 2.706371E-6
-1.100000E+1	 -2.334227E-10	 9.999882E-3	 2.677379E-6
-1.080000E+1	 -2.373478E-10	 9.999982E-3	 2.648715E-6
-1.060000E+1	 -2.059051E-10	 1.000024E-2	 2.618879E-6
-1.040000E+1	 -1.880948E-10	 1.000004E-2	 2.589093E-6
-1.020000E+1	 -1.957760E-10	 9.999987E-3	 2.559872E-6
-1.000000E+1	 -1.822287E-10	 1.000012E-2	 2.529900E-6
-9.800000E+0	 -1.672891E-10	 1.000009E-2	 2.500832E-6
-9.599999E+0	 -1.499861E-10	 9.999933E-3	 2.470741E-6
-9.400000E+0	 -1.413346E-10	 1.000004E-2	 2.439910E-6
-8.900000E+0	 8.731746E-11	 9.999854E-3	 2.360071E-6
-8.400000E+0	 1.778836E-10	 9.999921E-3	 2.281283E-6
-7.900000E+0	 2.441834E-10	 1.000017E-2	 2.204023E-6
-7.400000E+0	 7.427683E-11	 1.000013E-2	 2.126116E-6
-6.900000E+0	 3.470305E-10	 1.000007E-2	 2.053882E-6
-6.400000E+0	 4.008804E-10	 9.999860E-3	 1.983430E-6
-5.900000E+0	 4.586557E-10	 1.000016E-2	 1.918380E-6
-5.400000E+0	 5.003514E-10	 9.999889E-3	 1.858482E-6
-4.900000E+0	 5.398105E-10	 1.000005E-2	 1.806576E-6
-4.400000E+0	 5.991894E-10	 9.999950E-3	 1.763742E-6
-3.900000E+0	 6.107527E-10	 1.000007E-2	 1.731718E-6
-3.400000E+0	 6.683581E-10	 1.000010E-2	 1.712618E-6
-2.900000E+0	 6.928786E-10	 9.999982E-3	 1.708042E-6
-2.400000E+0	 7.382880E-10	 1.000003E-2	 1.718064E-6
-1.900000E+0	 7.690534E-10	 1.000010E-2	 1.744167E-6
-1.400000E+0	 8.046298E-10	 9.999856E-3	 1.785439E-6
-8.999997E-1	 8.394468E-10	 9.999897E-3	 1.841545E-6
-3.999998E-1	 8.782726E-10	 9.999966E-3	 1.909646E-6
1.000002E-1	 9.065488E-10	 1.000006E-2	 1.988436E-6
6.000003E-1	 9.263412E-10	 1.000004E-2	 2.078515E-6
1.100000E+0	 9.702319E-10	 1.000007E-2	 2.172656E-6
1.600000E+0	 9.989710E-10	 1.000004E-2	 2.270915E-6
2.100000E+0	 1.039191E-9	 9.999966E-3	 2.370314E-6
2.600000E+0	 1.080845E-9	 9.999968E-3	 2.472739E-6
3.100000E+0	 1.105996E-9	 9.999925E-3	 2.571638E-6
3.600000E+0	 1.131149E-9	 1.000001E-2	 2.668384E-6
4.100000E+0	 1.175124E-9	 9.999929E-3	 2.762384E-6
4.600000E+0	 1.196942E-9	 1.000010E-2	 2.850700E-6
5.100000E+0	 1.209687E-9	 9.999971E-3	 2.936042E-6
5.600000E+0	 1.286285E-9	 9.999855E-3	 3.031091E-6
6.100000E+0	 1.275607E-9	 9.999892E-3	 3.107132E-6
6.600000E+0	 1.328613E-9	 9.999909E-3	 3.181707E-6
7.100000E+0	 1.365414E-9	 9.999938E-3	 3.253185E-6
7.600000E+0	 1.392170E-9	 9.999951E-3	 3.320901E-6
8.100000E+0	 1.425593E-9	 9.999936E-3	 3.386805E-6
8.600000E+0	 1.443994E-9	 9.999888E-3	 3.449877E-6
9.100000E+0	 1.481216E-9	 9.999695E-3	 3.513684E-6
9.600000E+0	 1.504427E-9	 9.999882E-3	 3.575101E-6
1.010000E+1	 1.532534E-9	 9.999996E-3	 3.636670E-6
1.060000E+1	 1.568365E-9	 1.000003E-2	 3.697423E-6
1.110000E+1	 1.582966E-9	 9.999861E-3	 3.756208E-6
1.160000E+1	 1.615334E-9	 9.999955E-3	 3.809759E-6
1.210000E+1	 1.623522E-9	 9.999818E-3	 3.872984E-6
1.260000E+1	 1.686742E-9	 9.999843E-3	 3.924284E-6
1.310000E+1	 1.730294E-9	 9.999910E-3	 3.975118E-6
1.360000E+1	 1.738101E-9	 9.999895E-3	 4.024665E-6
1.410000E+1	 1.775577E-9	 9.999899E-3	 4.072822E-6
1.460000E+1	 1.806510E-9	 9.999751E-3	 4.118235E-6
1.510000E+1	 1.824193E-9	 9.999827E-3	 4.164476E-6
1.560000E+1	 1.847278E-9	 9.999958E-3	 4.207394E-6
1.610000E+1	 1.888299E-9	 9.999824E-3	 4.250894E-6
1.660000E+1	 1.898765E-9	 9.999920E-3	 4.292281E-6
1.710000E+1	 1.945145E-9	 9.999810E-3	 4.333591E-6
1.760000E+1	 1.956582E-9	 9.999915E-3	 4.372455E-6
1.810000E+1	 1.989245E-9	 9.999961E-3	 4.411017E-6
1.860000E+1	 2.014356E-9	 9.999952E-3	 4.447483E-6
1.910000E+1	 2.045544E-9	 9.999863E-3	 4.483717E-6
1.960000E+1	 2.051073E-9	 9.999800E-3	 4.518092E-6
2.010000E+1	 2.093401E-9	 9.999894E-3	 4.551664E-6
2.060000E+1	 2.119186E-9	 9.999952E-3	 4.584926E-6
2.110000E+1	 2.134420E-9	 1.000004E-2	 4.617197E-6
2.160000E+1	 2.165016E-9	 9.999962E-3	 4.647443E-6
2.210000E+1	 2.198611E-9	 9.999783E-3	 4.677180E-6
2.260000E+1	 2.229080E-9	 9.999979E-3	 4.706118E-6
2.310000E+1	 2.253726E-9	 9.999798E-3	 4.734739E-6
2.360000E+1	 2.279849E-9	 9.999929E-3	 4.763346E-6
2.410000E+1	 2.301879E-9	 9.999874E-3	 4.790474E-6
2.460000E+1	 2.340663E-9	 1.000008E-2	 4.816739E-6
2.510000E+1	 2.357542E-9	 9.999797E-3	 4.842603E-6
2.460000E+1	 1.634788E-9	 9.999961E-3	 4.791195E-6
2.410000E+1	 1.435255E-9	 9.999719E-3	 4.743045E-6
2.360000E+1	 1.271511E-9	 9.999711E-3	 4.697067E-6
2.310000E+1	 1.145369E-9	 9.999939E-3	 4.651034E-6
2.260000E+1	 1.041593E-9	 9.999725E-3	 4.605352E-6
2.210000E+1	 9.389999E-10	 9.999910E-3	 4.558594E-6
2.160000E+1	 8.317637E-10	 9.999804E-3	 4.511928E-6
2.110000E+1	 7.628898E-10	 9.999899E-3	 4.464359E-6
2.060000E+1	 6.773458E-10	 9.999924E-3	 4.416071E-6
2.010000E+1	 6.060663E-10	 9.999839E-3	 4.365928E-6
1.960000E+1	 5.307777E-10	 9.999842E-3	 4.315873E-6
1.910000E+1	 4.764213E-10	 9.999949E-3	 4.265458E-6
1.860000E+1	 4.103746E-10	 9.999843E-3	 4.212483E-6
1.810000E+1	 3.523045E-10	 1.000000E-2	 4.158178E-6
1.760000E+1	 2.873973E-10	 9.999936E-3	 4.103223E-6
1.710000E+1	 2.389912E-10	 1.000001E-2	 4.046098E-6
1.660000E+1	 1.775449E-10	 9.999880E-3	 3.987402E-6
1.610000E+1	 1.388454E-10	 9.999956E-3	 3.928128E-6
1.560000E+1	 9.111475E-11	 9.999895E-3	 3.866517E-6
1.510000E+1	 3.861525E-11	 9.999922E-3	 3.803586E-6
1.460000E+1	 -1.983191E-12	 9.999776E-3	 3.738963E-6
1.410000E+1	 -5.190831E-11	 9.999979E-3	 3.672673E-6
1.360000E+1	 -9.989225E-11	 9.999900E-3	 3.603860E-6
1.310000E+1	 -1.419257E-10	 9.999862E-3	 3.534191E-6
1.260000E+1	 -1.948474E-10	 9.999899E-3	 3.461521E-6
1.210000E+1	 -2.246018E-10	 9.999909E-3	 3.387496E-6
1.160000E+1	 -2.666377E-10	 9.999922E-3	 3.310540E-6
1.110000E+1	 -3.127674E-10	 1.000001E-2	 3.232449E-6
1.060000E+1	 -3.624422E-10	 9.999726E-3	 3.151256E-6
1.010000E+1	 -3.837135E-10	 9.999908E-3	 3.068942E-6
9.600000E+0	 -4.311515E-10	 9.999919E-3	 2.985441E-6
9.100000E+0	 -4.509456E-10	 9.999915E-3	 2.902241E-6
8.600000E+0	 -5.057273E-10	 9.999817E-3	 2.817460E-6
8.100000E+0	 -5.355237E-10	 9.999888E-3	 2.733538E-6
7.600000E+0	 -5.655734E-10	 9.999860E-3	 2.648678E-6
7.100000E+0	 -6.061741E-10	 9.999861E-3	 2.563425E-6
6.600000E+0	 -6.367727E-10	 9.999729E-3	 2.476691E-6
6.100000E+0	 -6.742504E-10	 9.999812E-3	 2.387941E-6
5.600000E+0	 -7.287367E-10	 9.999743E-3	 2.299456E-6
5.100000E+0	 -7.408494E-10	 9.999914E-3	 2.209991E-6
4.600000E+0	 -7.807328E-10	 9.999975E-3	 2.123467E-6
4.100000E+0	 -8.087987E-10	 9.999949E-3	 2.039685E-6
3.600000E+0	 -8.469515E-10	 9.999868E-3	 1.962520E-6
3.100000E+0	 -8.900843E-10	 9.999833E-3	 1.891635E-6
2.600000E+0	 -9.116939E-10	 9.999892E-3	 1.830390E-6
2.100000E+0	 -9.573167E-10	 1.000001E-2	 1.779280E-6
1.600000E+0	 -9.634790E-10	 9.999901E-3	 1.740248E-6
1.100000E+0	 -1.011001E-9	 9.999855E-3	 1.713527E-6
6.000003E-1	 -1.040925E-9	 9.999817E-3	 1.699552E-6
1.000002E-1	 -1.065656E-9	 1.000001E-2	 1.697519E-6
-3.999998E-1	 -1.103175E-9	 1.000018E-2	 1.707602E-6
-8.999997E-1	 -1.115035E-9	 9.999804E-3	 1.732537E-6
-1.400000E+0	 -1.161882E-9	 9.999741E-3	 1.764417E-6
-1.900000E+0	 -1.219491E-9	 9.999818E-3	 1.805461E-6
-2.400000E+0	 -1.232996E-9	 9.999989E-3	 1.854513E-6
-2.900000E+0	 -1.276341E-9	 9.999923E-3	 1.909602E-6
-3.400000E+0	 -1.289129E-9	 9.999848E-3	 1.969155E-6
-3.900000E+0	 -1.336736E-9	 9.999910E-3	 2.032836E-6
-4.400000E+0	 -1.349565E-9	 9.999797E-3	 2.098042E-6
-4.900000E+0	 -1.394556E-9	 1.000001E-2	 2.165934E-6
-5.400000E+0	 -1.409834E-9	 9.999755E-3	 2.233908E-6
-5.900000E+0	 -1.430557E-9	 9.999949E-3	 2.302302E-6
-6.400000E+0	 -1.474829E-9	 9.999963E-3	 2.370243E-6
-6.900000E+0	 -1.505048E-9	 9.999921E-3	 2.437816E-6
-7.400000E+0	 -1.525516E-9	 9.999962E-3	 2.504574E-6
-7.900000E+0	 -1.565864E-9	 9.999955E-3	 2.570130E-6
-8.400000E+0	 -1.586502E-9	 9.999881E-3	 2.634403E-6
-8.900000E+0	 -1.612711E-9	 9.999994E-3	 2.698302E-6
-9.400000E+0	 -1.656731E-9	 9.999863E-3	 2.758449E-6
-9.900000E+0	 -1.637950E-9	 9.999869E-3	 2.826239E-6
-1.040000E+1	 -1.681969E-9	 9.999909E-3	 2.883379E-6
-1.090000E+1	 -1.749538E-9	 9.999959E-3	 2.942115E-6
-1.140000E+1	 -1.762917E-9	 9.999959E-3	 2.999657E-6
-1.190000E+1	 -1.787565E-9	 1.000015E-2	 3.054976E-6
-1.240000E+1	 -1.824619E-9	 1.000008E-2	 3.108402E-6
-1.290000E+1	 -1.837915E-9	 9.999779E-3	 3.162121E-6
-1.340000E+1	 -1.884255E-9	 9.999870E-3	 3.214402E-6
-1.390000E+1	 -1.913881E-9	 9.999787E-3	 3.265014E-6
-1.440000E+1	 -1.931989E-9	 9.999885E-3	 3.315683E-6
-1.490000E+1	 -1.956551E-9	 9.999907E-3	 3.363831E-6
-1.540000E+1	 -1.982295E-9	 9.999862E-3	 3.412146E-6
-1.590000E+1	 -2.014540E-9	 1.000004E-2	 3.458312E-6
-1.640000E+1	 -2.042817E-9	 9.999895E-3	 3.503897E-6
-1.690000E+1	 -2.062612E-9	 1.000011E-2	 3.547888E-6
-1.740000E+1	 -2.084809E-9	 9.999943E-3	 3.592050E-6
-1.790000E+1	 -2.117182E-9	 9.999895E-3	 3.634803E-6
-1.840000E+1	 -2.156094E-9	 9.999979E-3	 3.676006E-6
-1.890000E+1	 -2.159387E-9	 9.999881E-3	 3.719177E-6
-1.940000E+1	 -2.200154E-9	 1.000001E-2	 3.758797E-6
-1.990000E+1	 -2.230713E-9	 9.999941E-3	 3.798442E-6
-2.040000E+1	 -2.265994E-9	 1.000002E-2	 3.837506E-6
-2.090000E+1	 -2.274562E-9	 9.999862E-3	 3.875656E-6
-2.140000E+1	 -2.304146E-9	 9.999844E-3	 3.912810E-6
-2.190000E+1	 -2.338122E-9	 1.000000E-2	 3.950706E-6
-2.240000E+1	 -2.356187E-9	 9.999964E-3	 3.986430E-6
-2.290000E+1	 -2.386320E-9	 1.000002E-2	 4.022073E-6
-2.340000E+1	 -2.410630E-9	 9.999915E-3	 4.057118E-6
-2.390000E+1	 -2.431901E-9	 1.000014E-2	 4.091525E-6
-2.440000E+1	 -2.464946E-9	 9.999773E-3	 4.124816E-6
-2.490000E+1	 -2.498962E-9	 9.999730E-3	 4.158579E-6
-2.540000E+1	 -2.514199E-9	 9.999870E-3	 4.191128E-6
-2.490000E+1	 -1.809593E-9	 9.999785E-3	 4.141242E-6
-2.440000E+1	 -1.586289E-9	 9.999835E-3	 4.094427E-6
-2.390000E+1	 -1.443680E-9	 1.000003E-2	 4.049369E-6
-2.340000E+1	 -1.293179E-9	 9.999783E-3	 4.005457E-6
-2.290000E+1	 -1.193323E-9	 9.999842E-3	 3.960513E-6
-2.240000E+1	 -1.094100E-9	 1.000001E-2	 3.915120E-6
-2.190000E+1	 -9.928087E-10	 9.999849E-3	 3.869195E-6
-2.140000E+1	 -9.096237E-10	 9.999791E-3	 3.821824E-6
-2.090000E+1	 -8.371160E-10	 9.999904E-3	 3.774203E-6
-2.040000E+1	 -7.731758E-10	 9.999946E-3	 3.725888E-6
-1.990000E+1	 -6.956043E-10	 9.999776E-3	 3.676898E-6
-1.940000E+1	 -6.368135E-10	 9.999840E-3	 3.627517E-6
-1.890000E+1	 -5.670493E-10	 9.999829E-3	 3.576819E-6
-1.840000E+1	 -5.116770E-10	 9.999822E-3	 3.523484E-6
-1.790000E+1	 -4.311506E-10	 9.999845E-3	 3.469721E-6
-1.740000E+1	 -4.040553E-10	 9.999957E-3	 3.417985E-6
-1.690000E+1	 -3.272852E-10	 9.999673E-3	 3.361881E-6
-1.640000E+1	 -3.013295E-10	 9.999873E-3	 3.306173E-6
-1.590000E+1	 -2.376850E-10	 9.999773E-3	 3.248937E-6
-1.540000E+1	 -1.980550E-10	 9.999816E-3	 3.190740E-6
-1.490000E+1	 -1.547131E-10	 9.999726E-3	 3.131002E-6
-1.440000E+1	 -9.664310E-11	 9.999670E-3	 3.070131E-6
-1.390000E+1	 -5.043187E-11	 9.999824E-3	 3.008520E-6
-1.340000E+1	 -1.591073E-11	 9.999717E-3	 2.945677E-6
-1.290000E+1	 2.903433E-11	 9.999739E-3	 2.881454E-6
-1.240000E+1	 7.435946E-11	 9.999814E-3	 2.815333E-6
-1.190000E+1	 1.131007E-10	 9.999778E-3	 2.748076E-6
-1.140000E+1	 1.480440E-10	 9.999751E-3	 2.681262E-6
-1.090000E+1	 2.031598E-10	 9.999812E-3	 2.612163E-6
-1.040000E+1	 2.422810E-10	 9.999819E-3	 2.542690E-6
-9.900000E+0	 2.689104E-10	 9.999885E-3	 2.472654E-6
-9.400000E+0	 3.166405E-10	 9.999942E-3	 2.400357E-6
-8.900000E+0	 3.428481E-10	 9.999816E-3	 2.329432E-6
-8.400000E+0	 3.872446E-10	 9.999979E-3	 2.257771E-6
-7.900000E+0	 4.076286E-10	 9.999855E-3	 2.186437E-6
-7.400000E+0	 4.617736E-10	 9.999778E-3	 2.115501E-6
-6.900000E+0	 4.885297E-10	 9.999728E-3	 2.047554E-6
-6.400000E+0	 5.281153E-10	 9.999847E-3	 1.981604E-6
-5.900000E+0	 5.441940E-10	 9.999915E-3	 1.920297E-6
-5.400000E+0	 5.921776E-10	 9.999776E-3	 1.863433E-6
-4.900000E+0	 6.253479E-10	 9.999837E-3	 1.813238E-6
-4.400000E+0	 6.424402E-10	 9.999917E-3	 1.770949E-6
-3.900000E+0	 7.003834E-10	 9.999760E-3	 1.738817E-6
-3.400000E+0	 7.129167E-10	 9.999704E-3	 1.716532E-6
-2.900000E+0	 7.539374E-10	 9.999845E-3	 1.707343E-6
-2.400000E+0	 7.875729E-10	 1.000011E-2	 1.710696E-6
-1.900000E+0	 8.150461E-10	 9.999905E-3	 1.727961E-6
-1.400000E+0	 8.448828E-10	 9.999759E-3	 1.758933E-6
-8.999997E-1	 8.677136E-10	 1.000001E-2	 1.803343E-6
-3.999998E-1	 9.217328E-10	 9.999881E-3	 1.859857E-6
1.000002E-1	 9.251517E-10	 9.999944E-3	 1.926482E-6
6.000003E-1	 9.648632E-10	 9.999926E-3	 2.005672E-6
1.100000E+0	 1.004576E-9	 1.000007E-2	 2.090165E-6
1.600000E+0	 1.026606E-9	 9.999892E-3	 2.181170E-6
2.100000E+0	 1.070200E-9	 9.999779E-3	 2.272885E-6
2.600000E+0	 1.075897E-9	 9.999889E-3	 2.379755E-6
3.100000E+0	 1.109953E-9	 9.999974E-3	 2.472785E-6
3.600000E+0	 1.168235E-9	 9.999915E-3	 2.568680E-6
4.100000E+0	 1.207229E-9	 9.999995E-3	 2.662885E-6
4.600000E+0	 1.241160E-9	 9.999989E-3	 2.754332E-6
5.100000E+0	 1.250318E-9	 1.000012E-2	 2.843100E-6
5.600000E+0	 1.280703E-9	 1.000001E-2	 2.929752E-6
6.100000E+0	 1.310878E-9	 9.999915E-3	 3.011126E-6
6.600000E+0	 1.326365E-9	 9.999865E-3	 3.090690E-6
7.100000E+0	 1.369917E-9	 9.999840E-3	 3.165840E-6
7.600000E+0	 1.388571E-9	 1.000016E-2	 3.237728E-6
8.100000E+0	 1.423809E-9	 9.999863E-3	 3.307071E-6
8.600000E+0	 1.465505E-9	 9.999902E-3	 3.374941E-6
9.100000E+0	 1.482427E-9	 9.999912E-3	 3.442515E-6
9.600000E+0	 1.515598E-9	 9.999711E-3	 3.509056E-6
1.010000E+1	 1.532099E-9	 9.999800E-3	 3.575091E-6
1.060000E+1	 1.573668E-9	 9.999814E-3	 3.638299E-6
1.110000E+1	 1.590127E-9	 9.999864E-3	 3.701464E-6
1.160000E+1	 1.620385E-9	 9.999977E-3	 3.760807E-6
1.210000E+1	 1.630851E-9	 9.999969E-3	 3.827147E-6
1.260000E+1	 1.669551E-9	 9.999817E-3	 3.881742E-6
1.310000E+1	 1.735301E-9	 9.999868E-3	 3.936780E-6
1.360000E+1	 1.748975E-9	 9.999909E-3	 3.988376E-6
1.410000E+1	 1.782357E-9	 9.999981E-3	 4.040118E-6
1.460000E+1	 1.788981E-9	 9.999873E-3	 4.090545E-6
1.510000E+1	 1.817765E-9	 9.999899E-3	 4.139669E-6
1.560000E+1	 1.855914E-9	 1.000002E-2	 4.187759E-6
1.610000E+1	 1.864988E-9	 1.000000E-2	 4.234329E-6
1.660000E+1	 1.899636E-9	 9.999962E-3	 4.278716E-6
1.710000E+1	 1.940361E-9	 9.999923E-3	 4.321845E-6
1.760000E+1	 1.937955E-9	 1.000002E-2	 4.363466E-6
1.810000E+1	 1.987077E-9	 9.999854E-3	 4.406045E-6
1.860000E+1	 2.006955E-9	 9.999927E-3	 4.445785E-6
1.910000E+1	 2.036243E-9	 9.999850E-3	 4.484269E-6
1.960000E+1	 2.070299E-9	 9.999857E-3	 4.521525E-6
2.010000E+1	 2.100599E-9	 9.999750E-3	 4.557937E-6
2.060000E+1	 2.118284E-9	 9.999870E-3	 4.593917E-6
2.110000E+1	 2.136470E-9	 9.999825E-3	 4.628079E-6
2.160000E+1	 2.160526E-9	 9.999902E-3	 4.661615E-6
2.210000E+1	 2.200704E-9	 9.999835E-3	 4.695059E-6
2.260000E+1	 2.213280E-9	 9.999880E-3	 4.726217E-6
2.310000E+1	 2.250671E-9	 9.999915E-3	 4.756408E-6
2.360000E+1	 2.274640E-9	 9.999929E-3	 4.786726E-6
2.410000E+1	 2.304857E-9	 9.999811E-3	 4.815104E-6
2.460000E+1	 2.329206E-9	 9.999689E-3	 4.842553E-6
2.510000E+1	 2.352503E-9	 9.999811E-3	 4.870528E-6
2.460000E+1	 1.628149E-9	 9.999832E-3	 4.820371E-6
2.410000E+1	 1.419334E-9	 9.999962E-3	 4.770833E-6
2.360000E+1	 1.267239E-9	 9.999823E-3	 4.724859E-6
2.310000E+1	 1.146330E-9	 9.999855E-3	 4.678160E-6
2.260000E+1	 1.007528E-9	 9.999867E-3	 4.631855E-6
2.210000E+1	 9.328300E-10	 9.999881E-3	 4.585751E-6
2.160000E+1	 8.303641E-10	 9.999951E-3	 4.538159E-6
2.110000E+1	 7.598019E-10	 9.999937E-3	 4.488697E-6
2.060000E+1	 6.737104E-10	 9.999806E-3	 4.439659E-6
2.010000E+1	 6.019672E-10	 9.999865E-3	 4.390022E-6
1.960000E+1	 5.363426E-10	 9.999892E-3	 4.338248E-6
1.910000E+1	 4.719852E-10	 9.999881E-3	 4.286352E-6
1.860000E+1	 4.012967E-10	 9.999797E-3	 4.232508E-6
1.810000E+1	 3.481223E-10	 9.999886E-3	 4.177809E-6
1.760000E+1	 2.902635E-10	 9.999989E-3	 4.120942E-6
1.710000E+1	 2.419846E-10	 9.999795E-3	 4.064435E-6
1.660000E+1	 1.680469E-10	 9.999894E-3	 4.004830E-6
1.610000E+1	 1.396450E-10	 9.999933E-3	 3.943807E-6
1.560000E+1	 7.967624E-11	 9.999983E-3	 3.881337E-6
1.510000E+1	 4.443768E-11	 9.999814E-3	 3.818174E-6
1.460000E+1	 -1.755696E-11	 1.000007E-2	 3.751604E-6
1.410000E+1	 -6.828366E-11	 9.999995E-3	 3.684585E-6
1.360000E+1	 -9.837367E-11	 9.999814E-3	 3.615037E-6
1.310000E+1	 -1.394783E-10	 9.999879E-3	 3.543765E-6
1.260000E+1	 -1.822288E-10	 1.000003E-2	 3.469876E-6
1.210000E+1	 -2.451973E-10	 1.000016E-2	 3.394361E-6
1.160000E+1	 -2.721237E-10	 9.999754E-3	 3.316049E-6
1.110000E+1	 -3.092636E-10	 9.999975E-3	 3.236991E-6
1.060000E+1	 -3.592336E-10	 9.999912E-3	 3.157243E-6
1.010000E+1	 -3.737518E-10	 9.999936E-3	 3.065326E-6
9.600000E+0	 -4.231732E-10	 1.000001E-2	 2.984178E-6
9.100000E+0	 -4.963135E-10	 9.999904E-3	 2.900540E-6
8.600000E+0	 -5.137017E-10	 1.000003E-2	 2.815539E-6
8.100000E+0	 -5.616881E-10	 9.999822E-3	 2.732249E-6
7.600000E+0	 -5.938053E-10	 9.999841E-3	 2.647374E-6
7.100000E+0	 -6.227998E-10	 9.999959E-3	 2.562579E-6
6.600000E+0	 -6.495153E-10	 9.999860E-3	 2.477022E-6
6.100000E+0	 -6.956445E-10	 9.999923E-3	 2.389258E-6
5.600000E+0	 -7.183082E-10	 9.999994E-3	 2.301454E-6
5.100000E+0	 -7.412676E-10	 9.999920E-3	 2.213228E-6
4.600000E+0	 -7.932635E-10	 9.999930E-3	 2.127382E-6
4.100000E+0	 -8.280820E-10	 9.999800E-3	 2.045295E-6
3.600000E+0	 -8.490998E-10	 1.000006E-2	 1.968687E-6
3.100000E+0	 -8.826944E-10	 9.999875E-3	 1.899062E-6
2.600000E+0	 -9.140519E-10	 9.999918E-3	 1.838666E-6
2.100000E+0	 -9.578183E-10	 9.999830E-3	 1.787926E-6
1.600000E+0	 -9.751220E-10	 1.000000E-2	 1.749282E-6
1.100000E+0	 -1.012768E-9	 9.999912E-3	 1.721778E-6
6.000003E-1	 -1.037247E-9	 1.000000E-2	 1.705586E-6
1.000002E-1	 -1.068140E-9	 9.999898E-3	 1.701777E-6
-3.999998E-1	 -1.112581E-9	 9.999919E-3	 1.709426E-6
-8.999997E-1	 -1.123048E-9	 9.999827E-3	 1.728183E-6
-1.400000E+0	 -1.160652E-9	 9.999956E-3	 1.756524E-6
-1.900000E+0	 -1.192896E-9	 9.999950E-3	 1.794089E-6
-2.400000E+0	 -1.221679E-9	 1.000003E-2	 1.838623E-6
-2.900000E+0	 -1.263589E-9	 9.999883E-3	 1.890337E-6
-3.400000E+0	 -1.278867E-9	 9.999983E-3	 1.944856E-6
-3.900000E+0	 -1.297183E-9	 9.999755E-3	 2.012344E-6
-4.400000E+0	 -1.326177E-9	 9.999851E-3	 2.072296E-6
-4.900000E+0	 -1.399486E-9	 9.999844E-3	 2.136313E-6
-5.400000E+0	 -1.430295E-9	 9.999964E-3	 2.200917E-6
-5.900000E+0	 -1.447556E-9	 9.999732E-3	 2.266801E-6
-6.400000E+0	 -1.475960E-9	 9.999968E-3	 2.332041E-6
-6.900000E+0	 -1.499636E-9	 9.999942E-3	 2.397871E-6
-7.400000E+0	 -1.533991E-9	 9.999760E-3	 2.461659E-6
-7.900000E+0	 -1.549480E-9	 9.999825E-3	 2.526471E-6
-8.400000E+0	 -1.585733E-9	 9.999989E-3	 2.589536E-6
-8.900000E+0	 -1.627726E-9	 1.000001E-2	 2.651772E-6
-9.400000E+0	 -1.651403E-9	 1.000001E-2	 2.712327E-6
-9.900000E+0	 -1.668792E-9	 9.999962E-3	 2.771903E-6
-1.040000E+1	 -1.682212E-9	 1.000004E-2	 2.830472E-6
-1.090000E+1	 -1.731634E-9	 9.999917E-3	 2.888402E-6
-1.140000E+1	 -1.747545E-9	 9.999973E-3	 2.945585E-6
-1.190000E+1	 -1.787089E-9	 9.999934E-3	 3.000694E-6
-1.240000E+1	 -1.813172E-9	 1.000000E-2	 3.055286E-6
-1.290000E+1	 -1.832924E-9	 1.000010E-2	 3.107433E-6
-1.340000E+1	 -1.857824E-9	 9.999925E-3	 3.159778E-6
-1.390000E+1	 -1.894035E-9	 1.000004E-2	 3.210785E-6
-1.440000E+1	 -1.914842E-9	 9.999864E-3	 3.260357E-6
-1.490000E+1	 -1.941683E-9	 9.999904E-3	 3.309180E-6
-1.540000E+1	 -1.969286E-9	 9.999920E-3	 3.357596E-6
-1.590000E+1	 -2.002966E-9	 9.999851E-3	 3.404243E-6
-1.640000E+1	 -2.029889E-9	 9.999996E-3	 3.449210E-6
-1.690000E+1	 -2.042214E-9	 9.999899E-3	 3.493705E-6
-1.740000E+1	 -2.073656E-9	 1.000003E-2	 3.537004E-6
-1.790000E+1	 -2.108263E-9	 9.999915E-3	 3.580529E-6
-1.840000E+1	 -2.132024E-9	 9.999910E-3	 3.622372E-6
-1.890000E+1	 -2.169249E-9	 9.999974E-3	 3.663291E-6
-1.940000E+1	 -2.180011E-9	 1.000007E-2	 3.703553E-6
-1.990000E+1	 -2.216392E-9	 9.999925E-3	 3.743922E-6
-2.040000E+1	 -2.233441E-9	 1.000007E-2	 3.781289E-6
-2.090000E+1	 -2.265559E-9	 1.000006E-2	 3.821085E-6
-2.140000E+1	 -2.288350E-9	 9.999990E-3	 3.858333E-6
-2.190000E+1	 -2.316836E-9	 9.999758E-3	 3.895493E-6
-2.240000E+1	 -2.328992E-9	 9.999921E-3	 3.930919E-6
-2.290000E+1	 -2.368158E-9	 1.000003E-2	 3.965756E-6
-2.340000E+1	 -2.402005E-9	 9.999841E-3	 4.001799E-6
-2.390000E+1	 -2.422264E-9	 9.999865E-3	 4.035612E-6
-2.440000E+1	 -2.438935E-9	 9.999874E-3	 4.068425E-6
-2.490000E+1	 -2.470629E-9	 9.999792E-3	 4.102069E-6
-2.540000E+1	 -2.509543E-9	 9.999993E-3	 4.134161E-6
