1.000000E+0	 4.100658E+0	 2.999910E-1	 7.474524E-5
2.000000E+0	 4.601635E+0	 2.999909E-1	 7.473243E-5
3.000000E+0	 5.001541E+0	 2.999908E-1	 7.474142E-5
4.000000E+0	 5.399986E+0	 2.999913E-1	 7.474963E-5
5.000000E+0	 5.801358E+0	 2.999916E-1	 7.477104E-5
6.000000E+0	 6.101659E+0	 2.999913E-1	 7.476686E-5
7.000000E+0	 6.401467E+0	 2.999913E-1	 7.474987E-5
8.000000E+0	 6.799910E+0	 2.999912E-1	 7.476732E-5
9.000000E+0	 7.199819E+0	 2.999915E-1	 7.476116E-5
1.000000E+1	 7.599729E+0	 2.999910E-1	 7.475750E-5
1.100000E+1	 8.001592E+0	 2.999908E-1	 7.477073E-5
1.200000E+1	 8.400035E+0	 2.999906E-1	 7.475887E-5
1.300000E+1	 8.799945E+0	 2.999907E-1	 7.476936E-5
1.400000E+1	 9.200343E+0	 2.999914E-1	 7.476845E-5
1.500000E+1	 9.600252E+0	 2.999914E-1	 7.476464E-5
1.600000E+1	 1.000163E+1	 2.999907E-1	 7.477144E-5
1.700000E+1	 1.030001E+1	 2.999911E-1	 7.477166E-5
1.800000E+1	 1.060126E+1	 2.999909E-1	 7.477708E-5
1.900000E+1	 1.100018E+1	 2.999910E-1	 7.478948E-5
2.000000E+1	 1.140155E+1	 2.999913E-1	 7.479023E-5
2.100000E+1	 1.180000E+1	 2.999907E-1	 7.481089E-5
2.200000E+1	 1.220137E+1	 2.999906E-1	 7.480058E-5
2.300000E+1	 1.260128E+1	 2.999909E-1	 7.478343E-5
2.400000E+1	 1.300021E+1	 2.999911E-1	 7.481623E-5
2.500000E+1	 1.340012E+1	 2.999910E-1	 7.481177E-5
2.600000E+1	 1.380150E+1	 2.999902E-1	 7.482224E-5
2.700000E+1	 1.419994E+1	 2.999909E-1	 7.480291E-5
2.800000E+1	 1.460034E+1	 2.999908E-1	 7.480874E-5
2.900000E+1	 1.500025E+1	 2.999908E-1	 7.481685E-5
3.000000E+1	 1.540016E+1	 2.999910E-1	 7.482101E-5
3.100000E+1	 1.580008E+1	 2.999910E-1	 7.482955E-5
3.200000E+1	 1.619998E+1	 2.999904E-1	 7.482386E-5
3.300000E+1	 1.660135E+1	 2.999908E-1	 7.483074E-5
3.400000E+1	 1.699980E+1	 2.999907E-1	 7.482238E-5
3.500000E+1	 1.740166E+1	 2.999907E-1	 7.482299E-5
3.600000E+1	 1.780157E+1	 2.999911E-1	 7.481904E-5
3.700000E+1	 1.820001E+1	 2.999910E-1	 7.482775E-5
3.800000E+1	 1.860138E+1	 2.999913E-1	 7.482868E-5
3.900000E+1	 1.890025E+1	 2.999908E-1	 7.482376E-5
4.000000E+1	 1.920053E+1	 2.999907E-1	 7.482431E-5
4.100000E+1	 1.959995E+1	 2.999907E-1	 7.482115E-5
4.200000E+1	 1.989980E+1	 2.999909E-1	 7.482557E-5
4.300000E+1	 2.020104E+1	 2.999907E-1	 7.481127E-5
4.400000E+1	 2.059995E+1	 2.999909E-1	 7.480648E-5
4.500000E+1	 2.099986E+1	 2.999907E-1	 7.487789E-5
4.600000E+1	 2.140026E+1	 2.999905E-1	 7.488945E-5
4.700000E+1	 2.180164E+1	 2.999905E-1	 7.486890E-5
4.800000E+1	 2.220154E+1	 2.999905E-1	 7.489427E-5
4.900000E+1	 2.259999E+1	 2.999904E-1	 7.488578E-5
5.000000E+1	 2.300136E+1	 2.999904E-1	 7.489407E-5
5.100000E+1	 2.340128E+1	 2.999908E-1	 7.489009E-5
5.200000E+1	 2.380021E+1	 2.999908E-1	 7.491326E-5
5.300000E+1	 2.420158E+1	 2.999909E-1	 7.492254E-5
5.400000E+1	 2.460002E+1	 2.999910E-1	 7.493041E-5
5.500000E+1	 2.499993E+1	 2.999907E-1	 7.491795E-5
5.600000E+1	 2.539987E+1	 2.999909E-1	 7.491250E-5
5.700000E+1	 2.579975E+1	 2.999908E-1	 7.492620E-5
5.800000E+1	 2.620016E+1	 2.999907E-1	 7.493408E-5
5.900000E+1	 2.660006E+1	 2.999908E-1	 7.493825E-5
6.000000E+1	 2.700144E+1	 2.999907E-1	 7.493803E-5
6.100000E+1	 2.739988E+1	 2.999904E-1	 7.495420E-5
6.200000E+1	 2.779979E+1	 2.999906E-1	 7.494144E-5
6.300000E+1	 2.819973E+1	 2.999908E-1	 7.494390E-5
6.400000E+1	 2.850049E+1	 2.999914E-1	 7.494576E-5
6.500000E+1	 2.880128E+1	 2.999903E-1	 7.495379E-5
6.600000E+1	 2.910060E+1	 2.999916E-1	 7.496066E-5
6.700000E+1	 2.939991E+1	 2.999900E-1	 7.493946E-5
6.800000E+1	 2.980081E+1	 2.999904E-1	 7.493030E-5
6.900000E+1	 3.010110E+1	 2.999907E-1	 7.493130E-5
7.000000E+1	 3.039994E+1	 2.999905E-1	 7.493620E-5
7.100000E+1	 3.080130E+1	 2.999911E-1	 7.492969E-5
7.200000E+1	 3.120024E+1	 2.999907E-1	 7.486983E-5
7.300000E+1	 3.160018E+1	 2.999903E-1	 7.489082E-5
7.400000E+1	 3.200008E+1	 2.999908E-1	 7.489651E-5
7.500000E+1	 3.239997E+1	 2.999909E-1	 7.490796E-5
7.600000E+1	 3.279987E+1	 2.999907E-1	 7.491365E-5
7.700000E+1	 3.319978E+1	 2.999907E-1	 7.490984E-5
7.800000E+1	 3.359972E+1	 2.999907E-1	 7.491335E-5
7.900000E+1	 3.400155E+1	 2.999911E-1	 7.492006E-5
8.000000E+1	 3.440000E+1	 2.999907E-1	 7.491531E-5
8.100000E+1	 3.480138E+1	 2.999908E-1	 7.491650E-5
8.200000E+1	 3.520128E+1	 2.999906E-1	 7.491608E-5
8.300000E+1	 3.560021E+1	 2.999912E-1	 7.491157E-5
8.400000E+1	 3.600013E+1	 2.999913E-1	 7.490693E-5
8.500000E+1	 3.640003E+1	 2.999907E-1	 7.490821E-5
8.600000E+1	 3.679995E+1	 2.999906E-1	 7.491528E-5
8.700000E+1	 3.720131E+1	 2.999914E-1	 7.490615E-5
8.800000E+1	 3.759976E+1	 2.999910E-1	 7.491923E-5
8.900000E+1	 3.800019E+1	 2.999913E-1	 7.490384E-5
9.000000E+1	 3.829998E+1	 2.999908E-1	 7.490196E-5
9.100000E+1	 3.869987E+1	 2.999912E-1	 7.490538E-5
9.200000E+1	 3.900115E+1	 2.999910E-1	 7.490947E-5
9.300000E+1	 3.940009E+1	 2.999908E-1	 7.490774E-5
9.400000E+1	 3.980147E+1	 2.999912E-1	 7.491217E-5
9.500000E+1	 4.020137E+1	 2.999908E-1	 7.489951E-5
9.600000E+1	 4.060129E+1	 2.999911E-1	 7.490053E-5
9.700000E+1	 4.099972E+1	 2.999910E-1	 7.491034E-5
9.800000E+1	 4.140012E+1	 2.999909E-1	 7.490515E-5
9.900000E+1	 4.180151E+1	 2.999909E-1	 7.491649E-5
1.000000E+2	 4.219994E+1	 2.999909E-1	 7.490150E-5
1.010000E+2	 4.260133E+1	 2.999911E-1	 7.491294E-5
1.020000E+2	 4.300025E+1	 2.999912E-1	 7.489989E-5
1.030000E+2	 4.340162E+1	 2.999910E-1	 7.491938E-5
1.040000E+2	 4.380006E+1	 2.999907E-1	 7.492425E-5
1.050000E+2	 4.420145E+1	 2.999914E-1	 7.491633E-5
1.060000E+2	 4.459988E+1	 2.999914E-1	 7.492706E-5
1.070000E+2	 4.499979E+1	 2.999908E-1	 7.494111E-5
1.080000E+2	 4.540165E+1	 2.999916E-1	 7.494607E-5
1.090000E+2	 4.580010E+1	 2.999915E-1	 7.494829E-5
1.100000E+2	 4.620002E+1	 2.999913E-1	 7.492927E-5
1.110000E+2	 4.659991E+1	 2.999918E-1	 7.492745E-5
1.120000E+2	 4.699982E+1	 2.999912E-1	 7.492516E-5
1.130000E+2	 4.739973E+1	 2.999914E-1	 7.529793E-5
1.140000E+2	 4.780160E+1	 2.999912E-1	 7.531151E-5
1.150000E+2	 4.820150E+1	 2.999917E-1	 7.529178E-5
1.160000E+2	 4.860143E+1	 2.999916E-1	 7.528070E-5
1.170000E+2	 4.900134E+1	 2.999913E-1	 7.527175E-5
1.180000E+2	 4.939977E+1	 2.999917E-1	 7.527414E-5
1.190000E+2	 4.980164E+1	 2.999911E-1	 7.529048E-5
1.200000E+2	 5.020008E+1	 2.999910E-1	 7.527452E-5
1.210000E+2	 5.059998E+1	 2.999911E-1	 7.528379E-5
1.220000E+2	 5.100136E+1	 2.999914E-1	 7.527511E-5
1.230000E+2	 5.139980E+1	 2.999909E-1	 7.529071E-5
1.240000E+2	 5.180022E+1	 2.999917E-1	 7.529113E-5
1.250000E+2	 5.220159E+1	 2.999912E-1	 7.526769E-5
1.260000E+2	 5.260002E+1	 2.999909E-1	 7.526374E-5
1.270000E+2	 5.299993E+1	 2.999909E-1	 7.527465E-5
1.280000E+2	 5.339983E+1	 2.999909E-1	 7.525739E-5
1.290000E+2	 5.379975E+1	 2.999912E-1	 7.526195E-5
1.300000E+2	 5.420015E+1	 2.999911E-1	 7.527823E-5
1.310000E+2	 5.460153E+1	 2.999915E-1	 7.527578E-5
1.320000E+2	 5.499996E+1	 2.999912E-1	 7.527905E-5
1.330000E+2	 5.539987E+1	 2.999910E-1	 7.527374E-5
1.340000E+2	 5.579978E+1	 2.999911E-1	 7.526518E-5
1.350000E+2	 5.620166E+1	 2.999911E-1	 7.527335E-5
1.360000E+2	 5.650000E+1	 2.999911E-1	 7.527998E-5
1.370000E+2	 5.679983E+1	 2.999915E-1	 7.528159E-5
1.380000E+2	 5.720020E+1	 2.999918E-1	 7.528065E-5
1.390000E+2	 5.760158E+1	 2.999918E-1	 7.526534E-5
1.400000E+2	 5.800002E+1	 2.999920E-1	 7.528599E-5
1.410000E+2	 5.840139E+1	 2.999915E-1	 7.529067E-5
1.420000E+2	 5.879984E+1	 2.999908E-1	 7.529712E-5
1.430000E+2	 5.920023E+1	 2.999907E-1	 7.529562E-5
1.440000E+2	 5.960014E+1	 2.999910E-1	 7.529979E-5
1.450000E+2	 6.000005E+1	 2.999910E-1	 7.531420E-5
1.460000E+2	 6.040142E+1	 2.999910E-1	 7.530597E-5
1.470000E+2	 6.079987E+1	 2.999911E-1	 7.492391E-5
1.480000E+2	 6.119978E+1	 2.999910E-1	 7.494468E-5
1.490000E+2	 6.160164E+1	 2.999913E-1	 7.494802E-5
1.500000E+2	 6.200008E+1	 2.999907E-1	 7.495132E-5
1.510000E+2	 6.239999E+1	 2.999911E-1	 7.496359E-5
1.520000E+2	 6.280137E+1	 2.999908E-1	 7.495347E-5
1.530000E+2	 6.309974E+1	 2.999905E-1	 7.495880E-5
1.540000E+2	 6.340100E+1	 2.999912E-1	 7.496223E-5
1.550000E+2	 6.380140E+1	 2.999902E-1	 7.496887E-5
1.560000E+2	 6.409974E+1	 2.999906E-1	 7.498008E-5
1.570000E+2	 6.440149E+1	 2.999903E-1	 7.497464E-5
1.580000E+2	 6.480140E+1	 2.999908E-1	 7.497437E-5
1.590000E+2	 6.519984E+1	 2.999910E-1	 7.495670E-5
1.600000E+2	 6.560024E+1	 2.999901E-1	 7.497295E-5
1.610000E+2	 6.600162E+1	 2.999909E-1	 7.498215E-5
1.620000E+2	 6.640006E+1	 2.999907E-1	 7.496200E-5
1.630000E+2	 6.679997E+1	 2.999896E-1	 7.495937E-5
1.640000E+2	 6.720135E+1	 2.999910E-1	 7.496134E-5
1.650000E+2	 6.759978E+1	 2.999909E-1	 7.496438E-5
1.660000E+2	 6.800166E+1	 2.999911E-1	 7.495625E-5
1.670000E+2	 6.840156E+1	 2.999911E-1	 7.496577E-5
1.680000E+2	 6.880000E+1	 2.999908E-1	 7.496560E-5
1.690000E+2	 6.919991E+1	 2.999911E-1	 7.498357E-5
1.700000E+2	 6.959982E+1	 2.999910E-1	 7.498287E-5
1.710000E+2	 7.000022E+1	 2.999910E-1	 7.499675E-5
1.720000E+2	 7.030102E+1	 2.999910E-1	 7.498766E-5
1.730000E+2	 7.069994E+1	 2.999913E-1	 7.499374E-5
1.740000E+2	 7.099979E+1	 2.999908E-1	 7.500612E-5
1.750000E+2	 7.140161E+1	 2.999912E-1	 7.500308E-5
1.760000E+2	 7.180152E+1	 2.999910E-1	 7.501482E-5
1.770000E+2	 7.220143E+1	 2.999914E-1	 7.607810E-5
1.780000E+2	 7.259987E+1	 2.999916E-1	 7.602922E-5
1.790000E+2	 7.299979E+1	 2.999912E-1	 7.597827E-5
1.800000E+2	 7.340164E+1	 2.999914E-1	 7.595200E-5
1.810000E+2	 7.380009E+1	 2.999913E-1	 7.594920E-5
1.820000E+2	 7.420000E+1	 2.999920E-1	 7.593272E-5
1.830000E+2	 7.459991E+1	 2.999920E-1	 7.589688E-5
1.840000E+2	 7.499982E+1	 2.999912E-1	 7.589410E-5
1.850000E+2	 7.539973E+1	 2.999916E-1	 7.586934E-5
1.860000E+2	 7.580013E+1	 2.999912E-1	 7.586388E-5
1.870000E+2	 7.609997E+1	 2.999911E-1	 7.585115E-5
1.880000E+2	 7.640122E+1	 2.999909E-1	 7.584006E-5
1.890000E+2	 7.680161E+1	 2.999917E-1	 7.584087E-5
1.900000E+2	 7.739781E+1	 2.999910E-1	 7.582884E-5
1.910000E+2	 7.759997E+1	 2.999914E-1	 7.580335E-5
1.920000E+2	 7.800134E+1	 2.999914E-1	 7.579783E-5
1.930000E+2	 7.840027E+1	 2.999912E-1	 7.576947E-5
1.940000E+2	 7.870106E+1	 2.999918E-1	 7.576433E-5
1.950000E+2	 7.900087E+1	 2.999910E-1	 7.575477E-5
1.960000E+2	 7.939980E+1	 2.999910E-1	 7.573410E-5
1.970000E+2	 7.980019E+1	 2.999915E-1	 7.572879E-5
1.980000E+2	 8.010004E+1	 2.999917E-1	 7.572562E-5
1.990000E+2	 8.040129E+1	 2.999910E-1	 7.570354E-5
2.000000E+2	 8.079972E+1	 2.999909E-1	 7.569725E-5
2.010000E+2	 8.120158E+1	 2.999913E-1	 7.473868E-5
2.020000E+2	 8.160149E+1	 2.999913E-1	 7.476756E-5
2.030000E+2	 8.199994E+1	 2.999916E-1	 7.478053E-5
2.040000E+2	 8.240131E+1	 2.999911E-1	 7.479053E-5
2.050000E+2	 8.270113E+1	 2.999912E-1	 7.479652E-5
2.060000E+2	 8.300095E+1	 2.999912E-1	 7.479425E-5
2.070000E+2	 8.340035E+1	 2.999909E-1	 7.481728E-5
2.080000E+2	 8.380026E+1	 2.999907E-1	 7.483180E-5
2.090000E+2	 8.420164E+1	 2.999907E-1	 7.484435E-5
2.100000E+2	 8.460008E+1	 2.999910E-1	 7.483806E-5
2.110000E+2	 8.499999E+1	 2.999910E-1	 7.483574E-5
2.120000E+2	 8.540136E+1	 2.999915E-1	 7.486901E-5
2.130000E+2	 8.579980E+1	 2.999915E-1	 7.486316E-5
2.140000E+2	 8.619971E+1	 2.999907E-1	 7.486772E-5
2.150000E+2	 8.660012E+1	 2.999909E-1	 7.488322E-5
2.160000E+2	 8.700003E+1	 2.999911E-1	 7.489420E-5
2.170000E+2	 8.740140E+1	 2.999905E-1	 7.488559E-5
2.180000E+2	 8.780130E+1	 2.999905E-1	 7.489029E-5
2.190000E+2	 8.819975E+1	 2.999904E-1	 7.487347E-5
2.200000E+2	 8.860015E+1	 2.999908E-1	 7.487633E-5
2.210000E+2	 8.900006E+1	 2.999910E-1	 7.490057E-5
2.220000E+2	 8.940143E+1	 2.999901E-1	 7.489754E-5
2.230000E+2	 8.980134E+1	 2.999909E-1	 7.488834E-5
2.240000E+2	 9.019978E+1	 2.999913E-1	 7.488360E-5
2.250000E+2	 9.060165E+1	 2.999910E-1	 7.488671E-5
2.260000E+2	 9.090000E+1	 2.999911E-1	 7.488458E-5
2.270000E+2	 9.119981E+1	 2.999911E-1	 7.493181E-5
2.280000E+2	 9.160167E+1	 2.999909E-1	 7.622129E-5
2.290000E+2	 9.200157E+1	 2.999912E-1	 7.602714E-5
2.300000E+2	 9.240002E+1	 2.999907E-1	 7.588195E-5
2.310000E+2	 9.280139E+1	 2.999910E-1	 7.575265E-5
2.320000E+2	 9.319984E+1	 2.999908E-1	 7.565229E-5
2.330000E+2	 9.360023E+1	 2.999908E-1	 7.553856E-5
2.340000E+2	 9.400014E+1	 2.999913E-1	 7.544250E-5
2.350000E+2	 9.440152E+1	 2.999906E-1	 7.534667E-5
2.360000E+2	 9.470085E+1	 2.999908E-1	 7.533098E-5
2.370000E+2	 9.500066E+1	 2.999909E-1	 7.524138E-5
2.380000E+2	 9.540154E+1	 2.999907E-1	 7.518580E-5
2.390000E+2	 9.580145E+1	 2.999906E-1	 7.511620E-5
2.400000E+2	 9.619989E+1	 2.999904E-1	 7.507302E-5
2.410000E+2	 9.659979E+1	 2.999903E-1	 7.499711E-5
2.420000E+2	 9.700166E+1	 2.999912E-1	 7.495252E-5
2.430000E+2	 9.740010E+1	 2.999908E-1	 7.489751E-5
2.440000E+2	 9.780002E+1	 2.999912E-1	 7.483938E-5
2.450000E+2	 9.820139E+1	 2.999909E-1	 7.479777E-5
2.460000E+2	 9.860032E+1	 2.999907E-1	 7.474617E-5
2.470000E+2	 9.899974E+1	 2.999917E-1	 7.470408E-5
2.480000E+2	 9.940160E+1	 2.999906E-1	 7.463497E-5
2.490000E+2	 9.980005E+1	 2.999911E-1	 7.460820E-5
2.500000E+2	 1.002014E+2	 2.999909E-1	 7.456696E-5
2.510000E+2	 1.005999E+2	 2.999914E-1	 7.453046E-5
2.520000E+2	 1.009998E+2	 2.999918E-1	 7.449536E-5
2.530000E+2	 1.014016E+2	 2.999909E-1	 7.368906E-5
2.540000E+2	 1.018001E+2	 2.999917E-1	 7.376084E-5
2.550000E+2	 1.022015E+2	 2.999910E-1	 7.379030E-5
2.560000E+2	 1.024998E+2	 2.999913E-1	 7.379672E-5
2.570000E+2	 1.028016E+2	 2.999916E-1	 7.381445E-5
2.580000E+2	 1.032000E+2	 2.999912E-1	 7.383441E-5
2.590000E+2	 1.035999E+2	 2.999909E-1	 7.384289E-5
2.600000E+2	 1.039998E+2	 2.999905E-1	 7.386080E-5
2.610000E+2	 1.043997E+2	 2.999904E-1	 7.386978E-5
2.620000E+2	 1.048001E+2	 2.999905E-1	 7.388189E-5
2.630000E+2	 1.052015E+2	 2.999912E-1	 7.388898E-5
2.640000E+2	 1.056000E+2	 2.999908E-1	 7.390064E-5
2.650000E+2	 1.060013E+2	 2.999908E-1	 7.390903E-5
2.660000E+2	 1.063011E+2	 2.999908E-1	 7.391072E-5
2.670000E+2	 1.066000E+2	 2.999910E-1	 7.389847E-5
2.680000E+2	 1.069999E+2	 2.999915E-1	 7.392203E-5
2.690000E+2	 1.073998E+2	 2.999904E-1	 7.393341E-5
2.700000E+2	 1.078017E+2	 2.999908E-1	 7.392395E-5
2.710000E+2	 1.082001E+2	 2.999908E-1	 7.394874E-5
2.720000E+2	 1.086000E+2	 2.999901E-1	 7.396250E-5
2.730000E+2	 1.090014E+2	 2.999900E-1	 7.395979E-5
2.740000E+2	 1.093998E+2	 2.999904E-1	 7.397093E-5
2.750000E+2	 1.097997E+2	 2.999901E-1	 7.398897E-5
2.760000E+2	 1.101010E+2	 2.999904E-1	 7.398371E-5
2.770000E+2	 1.103999E+2	 2.999905E-1	 7.399792E-5
2.780000E+2	 1.107998E+2	 2.999909E-1	 7.400092E-5
