-2.500000E+1	 -2.333161E-9	 1.000109E-2	 8.328318E-6
-2.480000E+1	 -2.152029E-9	 1.000100E-2	 8.299344E-6
-2.460000E+1	 -1.980940E-9	 1.000096E-2	 8.272404E-6
-2.440000E+1	 -1.880666E-9	 1.000099E-2	 8.244276E-6
-2.420000E+1	 -1.807192E-9	 1.000109E-2	 8.218685E-6
-2.400000E+1	 -1.723294E-9	 1.000087E-2	 8.193376E-6
-2.380000E+1	 -1.661129E-9	 1.000093E-2	 8.168924E-6
-2.360000E+1	 -1.607785E-9	 1.000097E-2	 8.145060E-6
-2.340000E+1	 -1.529753E-9	 1.000093E-2	 8.118318E-6
-2.320000E+1	 -1.482866E-9	 1.000091E-2	 8.095401E-6
-2.300000E+1	 -1.417325E-9	 1.000089E-2	 8.070093E-6
-2.280000E+1	 -1.381327E-9	 1.000095E-2	 8.044135E-6
-2.260000E+1	 -1.335199E-9	 1.000103E-2	 8.018284E-6
-2.240000E+1	 -1.309035E-9	 1.000080E-2	 7.992702E-6
-2.220000E+1	 -1.250626E-9	 1.000082E-2	 7.968563E-6
-2.200000E+1	 -1.218806E-9	 1.000103E-2	 7.943087E-6
-2.180000E+1	 -1.199899E-9	 1.000100E-2	 7.918910E-6
-2.160000E+1	 -1.157190E-9	 1.000093E-2	 7.893761E-6
-2.140000E+1	 -1.122372E-9	 1.000099E-2	 7.867920E-6
-2.120000E+1	 -1.084264E-9	 1.000100E-2	 7.841825E-6
-2.100000E+1	 -1.048687E-9	 1.000118E-2	 7.816239E-6
-2.080000E+1	 -1.033326E-9	 1.000101E-2	 7.788890E-6
-2.060000E+1	 -1.018260E-9	 1.000113E-2	 7.763175E-6
-2.040000E+1	 -9.707395E-10	 1.000111E-2	 7.736538E-6
-2.020000E+1	 -9.606953E-10	 1.000102E-2	 7.708804E-6
-2.000000E+1	 -9.285369E-10	 1.000091E-2	 7.682554E-6
-1.980000E+1	 -9.049881E-10	 1.000100E-2	 7.655611E-6
-1.960000E+1	 -8.828741E-10	 1.000100E-2	 7.628673E-6
-1.940000E+1	 -8.678075E-10	 1.000087E-2	 7.600776E-6
-1.920000E+1	 -8.445964E-10	 1.000091E-2	 7.573840E-6
-1.900000E+1	 -8.332016E-10	 1.000092E-2	 7.544685E-6
-1.880000E+1	 -8.092726E-10	 1.000091E-2	 7.517087E-6
-1.860000E+1	 -7.885090E-10	 1.000100E-2	 7.488374E-6
-1.840000E+1	 -7.777054E-10	 1.000107E-2	 7.458389E-6
-1.820000E+1	 -7.416223E-10	 1.000104E-2	 7.431304E-6
-1.800000E+1	 -7.230112E-10	 1.000101E-2	 7.404001E-6
-1.780000E+1	 -7.102238E-10	 1.000093E-2	 7.374296E-6
-1.760000E+1	 -6.794157E-10	 1.000105E-2	 7.345132E-6
-1.740000E+1	 -6.725369E-10	 1.000087E-2	 7.314162E-6
-1.720000E+1	 -6.581881E-10	 1.000092E-2	 7.280936E-6
-1.700000E+1	 -6.431215E-10	 1.000096E-2	 7.253818E-6
-1.680000E+1	 -6.073342E-10	 1.000099E-2	 7.225502E-6
-1.660000E+1	 -6.002862E-10	 1.000104E-2	 7.194046E-6
-1.640000E+1	 -5.845449E-10	 1.000097E-2	 7.165328E-6
-1.620000E+1	 -5.633168E-10	 1.000098E-2	 7.133121E-6
-1.600000E+1	 -5.495588E-10	 1.000091E-2	 7.103433E-6
-1.580000E+1	 -5.386284E-10	 1.000090E-2	 7.070890E-6
-1.560000E+1	 -5.238154E-10	 1.000108E-2	 7.039459E-6
-1.540000E+1	 -5.067234E-10	 1.000116E-2	 7.006453E-6
-1.520000E+1	 -4.963838E-10	 1.000097E-2	 6.974152E-6
-1.500000E+1	 -4.867195E-10	 1.000108E-2	 6.941539E-6
-1.480000E+1	 -4.651540E-10	 1.000088E-2	 6.909554E-6
-1.460000E+1	 -4.535061E-10	 1.000097E-2	 6.874900E-6
-1.440000E+1	 -4.462052E-10	 1.000086E-2	 6.841788E-6
-1.420000E+1	 -4.119367E-10	 1.000094E-2	 6.807664E-6
-1.400000E+1	 -3.330603E-10	 1.000094E-2	 6.772440E-6
-1.380000E+1	 -3.142380E-10	 1.000098E-2	 6.738854E-6
-1.360000E+1	 -2.899715E-10	 1.000103E-2	 6.703919E-6
-1.340000E+1	 -2.726264E-10	 1.000104E-2	 6.669738E-6
-1.320000E+1	 -2.528334E-10	 1.000091E-2	 6.634060E-6
-1.300000E+1	 -2.445195E-10	 1.000101E-2	 6.597606E-6
-1.280000E+1	 -2.356570E-10	 1.000089E-2	 6.562813E-6
-1.260000E+1	 -2.602610E-10	 1.000103E-2	 6.523750E-6
-1.240000E+1	 -2.321120E-10	 1.000091E-2	 6.487433E-6
-1.220000E+1	 -1.796972E-10	 1.000094E-2	 6.450603E-6
-1.200000E+1	 -1.969574E-10	 1.000097E-2	 6.410113E-6
-1.180000E+1	 -1.930747E-10	 1.000085E-2	 6.374427E-6
-1.160000E+1	 -1.387633E-10	 1.000091E-2	 6.336867E-6
-1.140000E+1	 -1.622686E-10	 1.000090E-2	 6.296337E-6
-1.120000E+1	 -1.420549E-10	 1.000098E-2	 6.259805E-6
-1.100000E+1	 -1.163129E-10	 1.000096E-2	 6.216511E-6
-1.080000E+1	 -1.188871E-10	 1.000101E-2	 6.178717E-6
-1.060000E+1	 -5.908975E-11	 1.000104E-2	 6.139275E-6
-1.040000E+1	 -5.275973E-11	 1.000099E-2	 6.098690E-6
-1.020000E+1	 -6.305657E-11	 1.000098E-2	 6.057735E-6
-1.000000E+1	 -3.452946E-11	 1.000094E-2	 6.015880E-6
-9.800000E+0	 -5.022775E-11	 1.000105E-2	 5.974666E-6
-9.599999E+0	 -1.098187E-11	 1.000087E-2	 5.932541E-6
-9.400000E+0	 -4.613444E-11	 1.000103E-2	 5.886282E-6
-9.200000E+0	 -2.191165E-11	 1.000102E-2	 5.844429E-6
-9.000000E+0	 2.370651E-11	 1.000093E-2	 5.800908E-6
-8.800000E+0	 3.054292E-11	 1.000105E-2	 5.756746E-6
-8.599999E+0	 3.666188E-11	 1.000092E-2	 5.712002E-6
-8.400000E+0	 5.274012E-11	 1.000086E-2	 5.666534E-6
-8.200000E+0	 5.839490E-11	 1.000092E-2	 5.622097E-6
-8.000000E+0	 8.164702E-11	 1.000092E-2	 5.577321E-6
-7.800000E+0	 6.907139E-11	 1.000095E-2	 5.529952E-6
-7.600000E+0	 8.953829E-11	 1.000097E-2	 5.483239E-6
-7.400000E+0	 1.084439E-10	 1.000110E-2	 5.436078E-6
-7.200000E+0	 1.240579E-10	 1.000098E-2	 5.387067E-6
-7.000000E+0	 1.251551E-10	 1.000097E-2	 5.339068E-6
-6.800000E+0	 1.261679E-10	 1.000108E-2	 5.289349E-6
-6.600000E+0	 1.586619E-10	 1.000097E-2	 5.240487E-6
-6.400000E+0	 1.580289E-10	 1.000102E-2	 5.190187E-6
-6.200000E+0	 1.563408E-10	 1.000119E-2	 5.140408E-6
-6.000000E+0	 1.813656E-10	 1.000106E-2	 5.089066E-6
-5.800000E+0	 1.887081E-10	 1.000089E-2	 5.036748E-6
-5.600000E+0	 2.042801E-10	 1.000106E-2	 4.985049E-6
-5.400000E+0	 2.193875E-10	 1.000086E-2	 4.931218E-6
-5.200000E+0	 2.212868E-10	 1.000087E-2	 4.877216E-6
-5.000000E+0	 2.240720E-10	 1.000088E-2	 4.825228E-6
-4.800000E+0	 2.363520E-10	 1.000075E-2	 4.771383E-6
-4.600000E+0	 2.520926E-10	 1.000081E-2	 4.715664E-6
-4.400000E+0	 2.560594E-10	 1.000074E-2	 4.659542E-6
-4.200000E+0	 2.833628E-10	 1.000101E-2	 4.603813E-6
-4.000000E+0	 2.709138E-10	 1.000096E-2	 4.548705E-6
-3.800000E+0	 2.858105E-10	 1.000108E-2	 4.491078E-6
-3.600000E+0	 3.064884E-10	 1.000092E-2	 4.433522E-6
-3.400000E+0	 3.209628E-10	 1.000090E-2	 4.375868E-6
-3.200000E+0	 3.341715E-10	 1.000104E-2	 4.315438E-6
-3.000000E+0	 3.378008E-10	 1.000103E-2	 4.257034E-6
-2.800000E+0	 3.573392E-10	 1.000086E-2	 4.197055E-6
-2.600000E+0	 4.400090E-10	 1.000098E-2	 4.138778E-6
-2.400000E+0	 4.430051E-10	 1.000092E-2	 4.090053E-6
-2.200000E+0	 4.261672E-10	 1.000104E-2	 4.044310E-6
-2.000000E+0	 4.342697E-10	 1.000102E-2	 3.992455E-6
-1.800000E+0	 4.603490E-10	 1.000092E-2	 3.933982E-6
-1.600000E+0	 4.828416E-10	 1.000100E-2	 3.872372E-6
-1.400000E+0	 4.362953E-10	 1.000097E-2	 3.812239E-6
-1.200000E+0	 4.590412E-10	 1.000095E-2	 3.746785E-6
-9.999996E-1	 5.176571E-10	 1.000100E-2	 3.685967E-6
-7.999997E-1	 5.202733E-10	 1.000107E-2	 3.621810E-6
-5.999997E-1	 5.272363E-10	 1.000096E-2	 3.560119E-6
-3.999996E-1	 5.237336E-10	 1.000109E-2	 3.498452E-6
-1.999996E-1	 5.449184E-10	 1.000111E-2	 3.434618E-6
3.725290E-7	 4.819982E-10	 1.000093E-2	 3.372202E-6
2.000004E-1	 4.768919E-10	 1.000113E-2	 3.276185E-6
4.000004E-1	 4.562563E-10	 1.000102E-2	 3.211577E-6
6.000004E-1	 4.460860E-10	 1.000093E-2	 3.155044E-6
8.000004E-1	 4.578176E-10	 1.000093E-2	 3.100095E-6
1.000000E+0	 4.409375E-10	 1.000091E-2	 3.040289E-6
1.200000E+0	 4.596744E-10	 1.000093E-2	 2.991834E-6
1.400000E+0	 4.884128E-10	 1.000107E-2	 2.944649E-6
1.600000E+0	 4.973169E-10	 1.000117E-2	 2.895289E-6
1.800000E+0	 5.027185E-10	 1.000097E-2	 2.846245E-6
2.000000E+0	 5.195988E-10	 1.000114E-2	 2.798324E-6
2.200000E+0	 5.125934E-10	 1.000090E-2	 2.752243E-6
2.400000E+0	 5.357609E-10	 1.000105E-2	 2.710289E-6
2.600000E+0	 5.517123E-10	 1.000081E-2	 2.669634E-6
2.800000E+0	 5.556373E-10	 1.000104E-2	 2.632867E-6
3.000000E+0	 5.752604E-10	 1.000099E-2	 2.597131E-6
3.200001E+0	 5.718419E-10	 1.000098E-2	 2.565251E-6
3.400000E+0	 5.815902E-10	 1.000099E-2	 2.538364E-6
3.600000E+0	 5.945034E-10	 1.000094E-2	 2.512575E-6
3.800000E+0	 6.041673E-10	 1.000114E-2	 2.490626E-6
4.000000E+0	 6.207939E-10	 1.000101E-2	 2.470953E-6
4.200000E+0	 6.125649E-10	 1.000091E-2	 2.453230E-6
4.400001E+0	 6.411339E-10	 1.000110E-2	 2.440192E-6
4.600000E+0	 6.419362E-10	 1.000094E-2	 2.427803E-6
4.800001E+0	 6.513890E-10	 1.000105E-2	 2.418264E-6
5.000000E+0	 5.675798E-10	 1.000104E-2	 2.410348E-6
5.200000E+0	 6.751475E-10	 1.000111E-2	 2.404630E-6
5.400001E+0	 6.756116E-10	 1.000094E-2	 2.401847E-6
5.600000E+0	 6.960366E-10	 1.000100E-2	 2.400358E-6
5.800001E+0	 7.071772E-10	 1.000094E-2	 2.401775E-6
6.000000E+0	 7.113129E-10	 1.000098E-2	 2.404859E-6
6.200000E+0	 7.210188E-10	 1.000091E-2	 2.410162E-6
6.400001E+0	 7.340163E-10	 1.000095E-2	 2.417659E-6
6.600000E+0	 7.454104E-10	 1.000093E-2	 2.426796E-6
6.800001E+0	 7.642738E-10	 1.000111E-2	 2.437391E-6
7.000000E+0	 7.681141E-10	 1.000083E-2	 2.451219E-6
7.200000E+0	 7.693799E-10	 1.000106E-2	 2.466694E-6
7.400001E+0	 7.955439E-10	 1.000094E-2	 2.483295E-6
7.600000E+0	 7.995105E-10	 1.000106E-2	 2.502137E-6
7.800001E+0	 8.054609E-10	 1.000104E-2	 2.523315E-6
8.000001E+0	 8.287974E-10	 1.000094E-2	 2.545921E-6
8.200001E+0	 8.125505E-10	 1.000102E-2	 2.571290E-6
8.400001E+0	 8.379122E-10	 1.000105E-2	 2.598025E-6
8.600000E+0	 8.479563E-10	 1.000087E-2	 2.629211E-6
8.800000E+0	 8.604056E-10	 1.000103E-2	 2.660671E-6
9.000001E+0	 8.696895E-10	 1.000108E-2	 2.693618E-6
9.200001E+0	 8.836153E-10	 1.000088E-2	 2.728734E-6
9.400001E+0	 8.935742E-10	 1.000094E-2	 2.764774E-6
9.600000E+0	 9.029427E-10	 1.000111E-2	 2.803406E-6
9.800000E+0	 9.021410E-10	 1.000109E-2	 2.842641E-6
1.000000E+1	 9.269123E-10	 1.000117E-2	 2.881953E-6
1.020000E+1	 9.319763E-10	 1.000103E-2	 2.923240E-6
1.040000E+1	 9.381798E-10	 1.000107E-2	 2.964559E-6
1.060000E+1	 9.674671E-10	 1.000102E-2	 3.007942E-6
1.080000E+1	 9.596601E-10	 1.000102E-2	 3.050050E-6
1.100000E+1	 9.753581E-10	 1.000097E-2	 3.092347E-6
1.120000E+1	 9.791977E-10	 1.000101E-2	 3.135253E-6
1.140000E+1	 9.999180E-10	 1.000100E-2	 3.179406E-6
1.160000E+1	 1.007810E-9	 1.000112E-2	 3.221804E-6
1.180000E+1	 1.015997E-9	 1.000110E-2	 3.265211E-6
1.200000E+1	 1.024480E-9	 1.000104E-2	 3.307145E-6
1.220000E+1	 1.033131E-9	 1.000092E-2	 3.349562E-6
1.240000E+1	 1.038531E-9	 1.000091E-2	 3.393582E-6
1.260000E+1	 1.053766E-9	 1.000109E-2	 3.435000E-6
1.280000E+1	 1.071279E-9	 1.000103E-2	 3.478307E-6
1.300000E+1	 1.077651E-9	 1.000105E-2	 3.519722E-6
1.320000E+1	 1.078875E-9	 1.000112E-2	 3.561763E-6
1.340000E+1	 1.091703E-9	 1.000094E-2	 3.603745E-6
1.360000E+1	 1.111200E-9	 1.000079E-2	 3.643639E-6
1.380000E+1	 1.127616E-9	 1.000102E-2	 3.685755E-6
1.400000E+1	 1.116854E-9	 1.000087E-2	 3.725224E-6
1.420000E+1	 1.141373E-9	 1.000078E-2	 3.765882E-6
1.440000E+1	 1.147660E-9	 1.000093E-2	 3.803455E-6
1.460000E+1	 1.157831E-9	 1.000097E-2	 3.848409E-6
1.480000E+1	 1.079760E-9	 1.000090E-2	 3.888003E-6
1.500000E+1	 1.191464E-9	 1.000096E-2	 3.924145E-6
1.520000E+1	 1.198300E-9	 1.000089E-2	 3.962276E-6
1.540000E+1	 1.210664E-9	 1.000090E-2	 4.000274E-6
1.560000E+1	 1.207796E-9	 1.000094E-2	 4.037622E-6
1.580000E+1	 1.232481E-9	 1.000094E-2	 4.075305E-6
1.600000E+1	 1.231006E-9	 1.000091E-2	 4.111973E-6
1.620000E+1	 1.243750E-9	 1.000096E-2	 4.147974E-6
1.640000E+1	 1.243159E-9	 1.000108E-2	 4.184495E-6
1.660000E+1	 1.265905E-9	 1.000082E-2	 4.219258E-6
1.680000E+1	 1.281518E-9	 1.000098E-2	 4.255554E-6
1.700000E+1	 1.282995E-9	 1.000105E-2	 4.291170E-6
1.720000E+1	 1.287384E-9	 1.000108E-2	 4.324952E-6
1.740000E+1	 1.297259E-9	 1.000083E-2	 4.360440E-6
1.760000E+1	 1.318021E-9	 1.000101E-2	 4.393296E-6
1.780000E+1	 1.328951E-9	 1.000097E-2	 4.427151E-6
1.800000E+1	 1.341780E-9	 1.000086E-2	 4.459581E-6
1.820000E+1	 1.337982E-9	 1.000102E-2	 4.492444E-6
1.840000E+1	 1.351402E-9	 1.000120E-2	 4.525697E-6
1.860000E+1	 1.362459E-9	 1.000100E-2	 4.555319E-6
1.880000E+1	 1.367860E-9	 1.000093E-2	 4.593138E-6
1.900000E+1	 1.389255E-9	 1.000109E-2	 4.623435E-6
1.920000E+1	 1.400312E-9	 1.000080E-2	 4.654060E-6
1.940000E+1	 1.420989E-9	 1.000097E-2	 4.684608E-6
1.960000E+1	 1.420525E-9	 1.000091E-2	 4.714439E-6
1.980000E+1	 1.432215E-9	 1.000099E-2	 4.745160E-6
2.000000E+1	 1.437405E-9	 1.000088E-2	 4.775153E-6
2.020000E+1	 1.452767E-9	 1.000095E-2	 4.803974E-6
2.040000E+1	 1.448166E-9	 1.000105E-2	 4.833857E-6
2.060000E+1	 1.470490E-9	 1.000092E-2	 4.863991E-6
2.080000E+1	 1.478298E-9	 1.000094E-2	 4.892830E-6
2.100000E+1	 1.489606E-9	 1.000101E-2	 4.921691E-6
2.120000E+1	 1.483572E-9	 1.000099E-2	 4.950674E-6
2.140000E+1	 1.517586E-9	 1.000092E-2	 4.978044E-6
2.160000E+1	 1.522903E-9	 1.000091E-2	 5.006142E-6
2.180000E+1	 1.523367E-9	 1.000109E-2	 5.034110E-6
2.200000E+1	 1.546745E-9	 1.000109E-2	 5.062433E-6
2.220000E+1	 1.546197E-9	 1.000108E-2	 5.089026E-6
2.240000E+1	 1.554764E-9	 1.000100E-2	 5.116767E-6
2.260000E+1	 1.565314E-9	 1.000086E-2	 5.142343E-6
2.280000E+1	 1.576454E-9	 1.000112E-2	 5.169059E-6
2.300000E+1	 1.594938E-9	 1.000089E-2	 5.196614E-6
2.320000E+1	 1.591605E-9	 1.000101E-2	 5.220167E-6
2.340000E+1	 1.605193E-9	 1.000099E-2	 5.251559E-6
2.360000E+1	 1.614983E-9	 1.000116E-2	 5.275615E-6
2.380000E+1	 1.648026E-9	 1.000103E-2	 5.299090E-6
2.400000E+1	 1.657732E-9	 1.000093E-2	 5.324266E-6
2.420000E+1	 1.652751E-9	 1.000097E-2	 5.347231E-6
2.440000E+1	 1.653807E-9	 1.000096E-2	 5.376832E-6
2.460000E+1	 1.669505E-9	 1.000094E-2	 5.400654E-6
2.480000E+1	 1.700481E-9	 1.000104E-2	 5.423184E-6
2.500000E+1	 1.714490E-9	 1.000098E-2	 5.447854E-6
2.480000E+1	 1.404616E-9	 1.000105E-2	 5.409126E-6
2.460000E+1	 1.308906E-9	 1.000114E-2	 5.373167E-6
2.440000E+1	 1.235984E-9	 1.000076E-2	 5.338140E-6
2.420000E+1	 1.193869E-9	 1.000099E-2	 5.303850E-6
2.400000E+1	 1.138883E-9	 1.000094E-2	 5.271191E-6
2.380000E+1	 1.098751E-9	 1.000091E-2	 5.237783E-6
2.360000E+1	 1.071742E-9	 1.000099E-2	 5.206055E-6
2.340000E+1	 1.021230E-9	 1.000107E-2	 5.172159E-6
2.320000E+1	 1.007894E-9	 1.000110E-2	 5.139564E-6
2.300000E+1	 9.713496E-10	 1.000096E-2	 5.106652E-6
2.280000E+1	 9.517269E-10	 1.000099E-2	 5.073026E-6
2.260000E+1	 9.050527E-10	 1.000097E-2	 5.040296E-6
2.240000E+1	 8.898610E-10	 1.000090E-2	 5.007053E-6
2.220000E+1	 8.666506E-10	 1.000096E-2	 4.972496E-6
2.200000E+1	 8.349171E-10	 1.000099E-2	 4.940217E-6
2.180000E+1	 8.163908E-10	 1.000095E-2	 4.905579E-6
2.160000E+1	 7.787488E-10	 1.000088E-2	 4.871782E-6
2.140000E+1	 7.840660E-10	 1.000102E-2	 4.833435E-6
2.120000E+1	 7.499261E-10	 1.000110E-2	 4.800092E-6
2.100000E+1	 7.267579E-10	 1.000096E-2	 4.764793E-6
2.080000E+1	 7.107225E-10	 1.000104E-2	 4.729827E-6
2.060000E+1	 6.887785E-10	 1.000110E-2	 4.692957E-6
2.040000E+1	 6.870478E-10	 1.000089E-2	 4.658065E-6
2.020000E+1	 6.603776E-10	 1.000096E-2	 4.621409E-6
2.000000E+1	 6.432871E-10	 1.000109E-2	 4.584675E-6
1.980000E+1	 6.180510E-10	 1.000122E-2	 4.547240E-6
1.960000E+1	 6.132401E-10	 1.000085E-2	 4.509749E-6
1.940000E+1	 6.048004E-10	 1.000096E-2	 4.472232E-6
1.920000E+1	 5.736143E-10	 1.000080E-2	 4.432852E-6
1.900000E+1	 5.650054E-10	 1.000115E-2	 4.394927E-6
1.880000E+1	 5.511639E-10	 1.000102E-2	 4.354988E-6
1.860000E+1	 5.252112E-10	 1.000091E-2	 4.314797E-6
1.840000E+1	 5.098503E-10	 1.000097E-2	 4.277420E-6
1.820000E+1	 5.178260E-10	 1.000116E-2	 4.231105E-6
1.800000E+1	 4.831801E-10	 1.000105E-2	 4.192414E-6
1.780000E+1	 4.619112E-10	 1.000121E-2	 4.150482E-6
1.760000E+1	 4.520786E-10	 1.000098E-2	 4.109912E-6
1.740000E+1	 4.397137E-10	 1.000103E-2	 4.068496E-6
1.720000E+1	 4.234247E-10	 1.000109E-2	 4.025931E-6
1.700000E+1	 4.210616E-10	 1.000096E-2	 3.983118E-6
1.680000E+1	 3.973871E-10	 1.000101E-2	 3.939682E-6
1.660000E+1	 3.887784E-10	 1.000098E-2	 3.895956E-6
1.640000E+1	 3.778910E-10	 1.000108E-2	 3.852468E-6
1.620000E+1	 3.534150E-10	 1.000099E-2	 3.807983E-6
1.600000E+1	 3.409660E-10	 1.000114E-2	 3.763013E-6
1.580000E+1	 3.401220E-10	 1.000096E-2	 3.718459E-6
1.560000E+1	 3.123966E-10	 1.000098E-2	 3.673673E-6
1.540000E+1	 3.172496E-10	 1.000100E-2	 3.628220E-6
1.520000E+1	 3.054335E-10	 1.000094E-2	 3.582569E-6
1.500000E+1	 2.831943E-10	 1.000090E-2	 3.536388E-6
1.480000E+1	 2.672008E-10	 1.000097E-2	 3.489864E-6
1.460000E+1	 2.869499E-10	 1.000102E-2	 3.442541E-6
1.440000E+1	 2.465225E-10	 1.000104E-2	 3.397049E-6
1.420000E+1	 2.436528E-10	 1.000101E-2	 3.349956E-6
1.400000E+1	 2.189237E-10	 1.000098E-2	 3.302705E-6
1.380000E+1	 2.092177E-10	 1.000106E-2	 3.255942E-6
1.360000E+1	 2.070234E-10	 1.000097E-2	 3.208081E-6
1.340000E+1	 1.862608E-10	 1.000093E-2	 3.162713E-6
1.320000E+1	 1.749512E-10	 1.000107E-2	 3.115643E-6
1.300000E+1	 1.617006E-10	 1.000098E-2	 3.068566E-6
1.280000E+1	 1.630085E-10	 1.000111E-2	 3.023526E-6
1.260000E+1	 1.320762E-10	 1.000112E-2	 2.977501E-6
1.240000E+1	 1.273497E-10	 1.000096E-2	 2.932780E-6
1.220000E+1	 1.286158E-10	 1.000107E-2	 2.887572E-6
1.200000E+1	 1.070093E-10	 1.000096E-2	 2.843058E-6
1.180000E+1	 9.367415E-11	 1.000092E-2	 2.801035E-6
1.160000E+1	 7.945256E-11	 1.000106E-2	 2.759311E-6
1.140000E+1	 6.687706E-11	 1.000110E-2	 2.718808E-6
1.120000E+1	 4.801384E-11	 1.000104E-2	 2.678042E-6
1.100000E+1	 5.658038E-11	 1.000108E-2	 2.639987E-6
1.080000E+1	 3.126048E-11	 1.000109E-2	 2.602655E-6
1.060000E+1	 2.906599E-11	 1.000106E-2	 2.566761E-6
1.040000E+1	 9.949472E-12	 1.000104E-2	 2.532644E-6
1.020000E+1	 6.404571E-12	 1.000108E-2	 2.501018E-6
1.000000E+1	 -9.673498E-12	 1.000097E-2	 2.470459E-6
9.800000E+0	 -2.153173E-11	 1.000103E-2	 2.443122E-6
9.600000E+0	 -2.933877E-11	 1.000086E-2	 2.417673E-6
9.400001E+0	 -3.756778E-11	 1.000097E-2	 2.393948E-6
9.200001E+0	 -5.921627E-11	 1.000110E-2	 2.373659E-6
9.000001E+0	 -5.723291E-11	 1.000098E-2	 2.354899E-6
8.800000E+0	 -6.626366E-11	 1.000092E-2	 2.339099E-6
8.600000E+0	 -8.736364E-11	 1.000118E-2	 2.326102E-6
8.400001E+0	 -9.487523E-11	 1.000097E-2	 2.315563E-6
8.200001E+0	 -1.123883E-10	 1.000117E-2	 2.307560E-6
8.000001E+0	 -1.289307E-10	 1.000103E-2	 2.302074E-6
7.800001E+0	 -1.350496E-10	 1.000104E-2	 2.299011E-6
7.600000E+0	 -1.519718E-10	 1.000099E-2	 2.298292E-6
7.400001E+0	 -1.504948E-10	 1.000096E-2	 2.300068E-6
7.200000E+0	 -1.542506E-10	 1.000110E-2	 2.304220E-6
7.000000E+0	 -1.823136E-10	 1.000102E-2	 2.310457E-6
6.800001E+0	 -1.888546E-10	 1.000097E-2	 2.319036E-6
6.600000E+0	 -2.024015E-10	 1.000093E-2	 2.329280E-6
6.400001E+0	 -2.069172E-10	 1.000093E-2	 2.341954E-6
6.200000E+0	 -2.242624E-10	 1.000099E-2	 2.356064E-6
6.000000E+0	 -2.292845E-10	 1.000112E-2	 2.372902E-6
5.800001E+0	 -2.368809E-10	 1.000114E-2	 2.390799E-6
5.600000E+0	 -2.586574E-10	 1.000089E-2	 2.411640E-6
5.400001E+0	 -2.619492E-10	 1.000097E-2	 2.433299E-6
5.200000E+0	 -2.729218E-10	 1.000084E-2	 2.455632E-6
5.000000E+0	 -2.863422E-10	 1.000092E-2	 2.479741E-6
4.800001E+0	 -2.775219E-10	 1.000106E-2	 2.503775E-6
4.600000E+0	 -3.141959E-10	 1.000104E-2	 2.528868E-6
4.400001E+0	 -3.219190E-10	 1.000098E-2	 2.554767E-6
4.200000E+0	 -3.105243E-10	 1.000099E-2	 2.577017E-6
4.000000E+0	 -3.305704E-10	 1.000101E-2	 2.603078E-6
3.800000E+0	 -3.482532E-10	 1.000091E-2	 2.629164E-6
3.600000E+0	 -3.552589E-10	 1.000101E-2	 2.655522E-6
3.400000E+0	 -3.873329E-10	 1.000102E-2	 2.681379E-6
3.200001E+0	 -3.790611E-10	 1.000094E-2	 2.706886E-6
3.000000E+0	 -3.927347E-10	 1.000092E-2	 2.733794E-6
2.800000E+0	 -3.979676E-10	 1.000114E-2	 2.759340E-6
2.600000E+0	 -4.080964E-10	 1.000094E-2	 2.786149E-6
2.400000E+0	 -4.224874E-10	 1.000080E-2	 2.807035E-6
2.200000E+0	 -4.314766E-10	 1.000102E-2	 2.833068E-6
2.000000E+0	 -4.528309E-10	 1.000109E-2	 2.859602E-6
1.800000E+0	 -4.563761E-10	 1.000098E-2	 2.886855E-6
1.600000E+0	 -4.766755E-10	 1.000122E-2	 2.913881E-6
1.400000E+0	 -4.892517E-10	 1.000112E-2	 2.941621E-6
1.200000E+0	 -4.991693E-10	 1.000099E-2	 2.969800E-6
1.000000E+0	 -5.239422E-10	 1.000104E-2	 3.001740E-6
8.000004E-1	 -5.569868E-10	 1.000100E-2	 3.043553E-6
6.000004E-1	 -5.688033E-10	 1.000108E-2	 3.119044E-6
4.000004E-1	 -5.994001E-10	 1.000096E-2	 3.340232E-6
2.000004E-1	 -5.851359E-10	 1.000106E-2	 3.762935E-6
3.725290E-7	 -5.761889E-10	 1.000105E-2	 3.783123E-6
-1.999996E-1	 -5.599405E-10	 1.000102E-2	 3.801637E-6
-3.999996E-1	 -5.767793E-10	 1.000101E-2	 3.820721E-6
-5.999997E-1	 -5.814638E-10	 1.000109E-2	 3.838704E-6
-7.999997E-1	 -5.853043E-10	 1.000098E-2	 3.858611E-6
-9.999996E-1	 -5.955596E-10	 1.000095E-2	 3.877255E-6
-1.200000E+0	 -6.040422E-10	 1.000099E-2	 3.894416E-6
-1.400000E+0	 -6.333730E-10	 1.000096E-2	 3.912316E-6
-1.600000E+0	 -6.232446E-10	 1.000095E-2	 3.929211E-6
-1.800000E+0	 -6.396613E-10	 1.000096E-2	 3.945573E-6
-2.000000E+0	 -6.449786E-10	 1.000107E-2	 3.961788E-6
-2.200000E+0	 -6.583988E-10	 1.000104E-2	 3.977358E-6
-2.400000E+0	 -6.795002E-10	 1.000103E-2	 3.994106E-6
-2.600000E+0	 -6.860417E-10	 1.000114E-2	 4.009735E-6
-2.800000E+0	 -6.924566E-10	 1.000101E-2	 4.024678E-6
-3.000000E+0	 -7.023739E-10	 1.000107E-2	 4.040273E-6
-3.200000E+0	 -7.175246E-10	 1.000110E-2	 4.054843E-6
-3.400000E+0	 -7.205209E-10	 1.000098E-2	 4.069777E-6
-3.600000E+0	 -7.235173E-10	 1.000091E-2	 4.085216E-6
-3.800000E+0	 -7.511178E-10	 1.000116E-2	 4.100524E-6
-4.000000E+0	 -7.553803E-10	 1.000117E-2	 4.116743E-6
-4.200000E+0	 -7.764814E-10	 1.000098E-2	 4.147471E-6
-4.400000E+0	 -9.068875E-10	 1.000101E-2	 4.257412E-6
-4.600000E+0	 -1.444546E-9	 1.000091E-2	 4.692654E-6
-4.800000E+0	 -1.728738E-9	 1.000103E-2	 5.119778E-6
-5.000000E+0	 -8.183041E-10	 1.000087E-2	 5.149636E-6
-5.200000E+0	 -8.192324E-10	 1.000104E-2	 5.187191E-6
-5.400000E+0	 -8.369997E-10	 1.000100E-2	 5.227314E-6
-5.600000E+0	 -8.363244E-10	 1.000090E-2	 5.267661E-6
-5.800000E+0	 -8.471284E-10	 1.000107E-2	 5.310261E-6
-6.000000E+0	 -8.656132E-10	 1.000095E-2	 5.351322E-6
-6.200000E+0	 -8.743489E-10	 1.000101E-2	 5.394304E-6
-6.400000E+0	 -8.829584E-10	 1.000099E-2	 5.436018E-6
-6.600000E+0	 -9.018228E-10	 1.000115E-2	 5.478524E-6
-6.800000E+0	 -9.030469E-10	 1.000105E-2	 5.521085E-6
-7.000000E+0	 -9.136817E-10	 1.000109E-2	 5.562384E-6
-7.200000E+0	 -9.163826E-10	 1.000093E-2	 5.605104E-6
-7.400000E+0	 -9.378640E-10	 1.000089E-2	 5.648370E-6
-7.600000E+0	 -9.567283E-10	 1.000085E-2	 5.689392E-6
-7.800000E+0	 -9.492164E-10	 1.000094E-2	 5.730494E-6
-8.000000E+0	 -9.711195E-10	 1.000097E-2	 5.771728E-6
-8.200000E+0	 -9.843288E-10	 1.000107E-2	 5.811753E-6
-8.400000E+0	 -9.879159E-10	 1.000096E-2	 5.852457E-6
-8.599999E+0	 -9.957232E-10	 1.000092E-2	 5.892505E-6
-8.800000E+0	 -1.013533E-9	 1.000112E-2	 5.932434E-6
-9.000000E+0	 -1.013491E-9	 1.000104E-2	 5.973030E-6
-9.200000E+0	 -1.033579E-9	 1.000096E-2	 6.011539E-6
-9.400000E+0	 -1.042484E-9	 1.000094E-2	 6.050240E-6
-9.599999E+0	 -1.048603E-9	 1.000106E-2	 6.089014E-6
-9.800000E+0	 -1.053203E-9	 1.000097E-2	 6.126642E-6
-1.000000E+1	 -1.071139E-9	 1.000097E-2	 6.166373E-6
-1.020000E+1	 -1.072869E-9	 1.000106E-2	 6.203310E-6
-1.040000E+1	 -1.099330E-9	 1.000105E-2	 6.241397E-6
-1.060000E+1	 -1.116633E-9	 1.000100E-2	 6.278528E-6
-1.080000E+1	 -1.136679E-9	 1.000096E-2	 6.315211E-6
-1.100000E+1	 -1.189053E-9	 1.000101E-2	 6.351352E-6
-1.120000E+1	 -1.254636E-9	 1.000082E-2	 6.387111E-6
-1.140000E+1	 -1.326760E-9	 1.000105E-2	 6.425556E-6
-1.160000E+1	 -1.360142E-9	 1.000096E-2	 6.460339E-6
-1.180000E+1	 -1.362294E-9	 1.000095E-2	 6.494502E-6
-1.200000E+1	 -1.347270E-9	 1.000093E-2	 6.529872E-6
-1.220000E+1	 -1.352039E-9	 1.000106E-2	 6.565635E-6
-1.240000E+1	 -1.359128E-9	 1.000090E-2	 6.600616E-6
-1.260000E+1	 -1.367442E-9	 1.000093E-2	 6.635707E-6
-1.280000E+1	 -1.367063E-9	 1.000097E-2	 6.667980E-6
-1.300000E+1	 -1.372423E-9	 1.000071E-2	 6.703339E-6
-1.320000E+1	 -1.378542E-9	 1.000093E-2	 6.735474E-6
-1.340000E+1	 -1.390949E-9	 1.000099E-2	 6.769422E-6
-1.360000E+1	 -1.399981E-9	 1.000092E-2	 6.801336E-6
-1.380000E+1	 -1.414625E-9	 1.000079E-2	 6.836788E-6
-1.400000E+1	 -1.435684E-9	 1.000102E-2	 6.867668E-6
-1.420000E+1	 -1.443997E-9	 1.000102E-2	 6.900199E-6
-1.440000E+1	 -1.447711E-9	 1.000099E-2	 6.930031E-6
-1.460000E+1	 -1.453747E-9	 1.000106E-2	 6.961117E-6
-1.480000E+1	 -1.461301E-9	 1.000090E-2	 6.993840E-6
-1.500000E+1	 -1.481347E-9	 1.000091E-2	 7.024383E-6
-1.520000E+1	 -1.472400E-9	 1.000104E-2	 7.053850E-6
-1.540000E+1	 -1.489112E-9	 1.000087E-2	 7.086417E-6
-1.560000E+1	 -1.482908E-9	 1.000087E-2	 7.117930E-6
-1.580000E+1	 -1.497172E-9	 1.000104E-2	 7.146914E-6
-1.600000E+1	 -1.509285E-9	 1.000095E-2	 7.177458E-6
-1.620000E+1	 -1.530766E-9	 1.000097E-2	 7.208421E-6
-1.640000E+1	 -1.527094E-9	 1.000074E-2	 7.237484E-6
-1.660000E+1	 -1.547140E-9	 1.000076E-2	 7.267655E-6
-1.680000E+1	 -1.551361E-9	 1.000091E-2	 7.295740E-6
-1.700000E+1	 -1.576810E-9	 1.000085E-2	 7.324713E-6
-1.720000E+1	 -1.589006E-9	 1.000092E-2	 7.356118E-6
-1.740000E+1	 -1.590609E-9	 1.000092E-2	 7.382428E-6
-1.760000E+1	 -1.608968E-9	 1.000108E-2	 7.410621E-6
-1.780000E+1	 -1.612048E-9	 1.000083E-2	 7.438714E-6
-1.800000E+1	 -1.610951E-9	 1.000081E-2	 7.468799E-6
-1.820000E+1	 -1.621627E-9	 1.000095E-2	 7.494196E-6
-1.840000E+1	 -1.636568E-9	 1.000093E-2	 7.521483E-6
-1.860000E+1	 -1.632431E-9	 1.000092E-2	 7.549104E-6
-1.880000E+1	 -1.634668E-9	 1.000092E-2	 7.576507E-6
-1.900000E+1	 -1.641251E-9	 1.000097E-2	 7.604801E-6
-1.920000E+1	 -1.655010E-9	 1.000101E-2	 7.631112E-6
-1.940000E+1	 -1.653532E-9	 1.000091E-2	 7.657837E-6
-1.960000E+1	 -1.660876E-9	 1.000106E-2	 7.685116E-6
-1.980000E+1	 -1.668388E-9	 1.000084E-2	 7.710631E-6
-2.000000E+1	 -1.680162E-9	 1.000099E-2	 7.737368E-6
-2.020000E+1	 -1.687886E-9	 1.000095E-2	 7.761025E-6
-2.040000E+1	 -1.686620E-9	 1.000102E-2	 7.787829E-6
-2.060000E+1	 -1.709198E-9	 1.000088E-2	 7.813223E-6
-2.080000E+1	 -1.718187E-9	 1.000099E-2	 7.838084E-6
-2.100000E+1	 -1.723294E-9	 1.000090E-2	 7.862805E-6
-2.120000E+1	 -1.736587E-9	 1.000096E-2	 7.888216E-6
-2.140000E+1	 -1.734814E-9	 1.000093E-2	 7.912651E-6
-2.160000E+1	 -1.755790E-9	 1.000097E-2	 7.936875E-6
-2.180000E+1	 -1.753173E-9	 1.000080E-2	 7.962395E-6
-2.200000E+1	 -1.773134E-9	 1.000110E-2	 7.986467E-6
-2.220000E+1	 -1.775160E-9	 1.000101E-2	 8.009861E-6
-2.240000E+1	 -1.791745E-9	 1.000103E-2	 8.032930E-6
-2.260000E+1	 -1.795459E-9	 1.000087E-2	 8.057413E-6
-2.280000E+1	 -1.804069E-9	 1.000101E-2	 8.081455E-6
-2.300000E+1	 -1.823734E-9	 1.000096E-2	 8.105173E-6
-2.320000E+1	 -1.839264E-9	 1.000103E-2	 8.128822E-6
-2.340000E+1	 -1.845468E-9	 1.000101E-2	 8.151542E-6
-2.360000E+1	 -1.863449E-9	 1.000097E-2	 8.174513E-6
-2.380000E+1	 -1.865178E-9	 1.000095E-2	 8.197589E-6
-2.400000E+1	 -1.897463E-9	 1.000100E-2	 8.225472E-6
-2.420000E+1	 -1.899995E-9	 1.000110E-2	 8.245479E-6
-2.440000E+1	 -1.926203E-9	 1.000100E-2	 8.267019E-6
-2.460000E+1	 -1.941650E-9	 1.000098E-2	 8.288761E-6
-2.480000E+1	 -1.951060E-9	 1.000098E-2	 8.314052E-6
-2.500000E+1	 -1.989845E-9	 1.000089E-2	 8.336262E-6
-2.480000E+1	 -1.433827E-9	 1.000099E-2	 8.302126E-6
-2.460000E+1	 -1.362547E-9	 1.000099E-2	 8.272330E-6
-2.440000E+1	 -1.283628E-9	 1.000101E-2	 8.242448E-6
-2.420000E+1	 -1.442437E-9	 1.000095E-2	 8.213431E-6
-2.400000E+1	 -1.208593E-9	 1.000090E-2	 8.185571E-6
-2.380000E+1	 -1.177532E-9	 1.000089E-2	 8.159053E-6
-2.360000E+1	 -1.151535E-9	 1.000101E-2	 8.131572E-6
-2.340000E+1	 -1.126424E-9	 1.000084E-2	 8.103353E-6
-2.320000E+1	 -1.126002E-9	 1.000081E-2	 8.076665E-6
-2.300000E+1	 -1.090004E-9	 1.000099E-2	 8.047858E-6
-2.280000E+1	 -1.078440E-9	 1.000107E-2	 8.019029E-6
-2.260000E+1	 -1.046704E-9	 1.000103E-2	 7.991885E-6
-2.240000E+1	 -1.037461E-9	 1.000098E-2	 7.963643E-6
-2.220000E+1	 -1.014334E-9	 1.000105E-2	 7.936619E-6
-2.200000E+1	 -9.966514E-10	 1.000105E-2	 7.910337E-6
-2.180000E+1	 -9.500178E-10	 1.000105E-2	 7.882617E-6
-2.160000E+1	 -9.417460E-10	 1.000097E-2	 7.855574E-6
-2.140000E+1	 -9.135974E-10	 1.000099E-2	 7.826968E-6
-2.120000E+1	 -8.920737E-10	 1.000101E-2	 7.800626E-6
-2.100000E+1	 -8.821141E-10	 1.000105E-2	 7.770906E-6
-2.080000E+1	 -8.754883E-10	 1.000115E-2	 7.739861E-6
-2.060000E+1	 -8.394050E-10	 1.000097E-2	 7.713557E-6
-2.040000E+1	 -8.079641E-10	 1.000096E-2	 7.684114E-6
-2.020000E+1	 -8.012119E-10	 1.000090E-2	 7.656479E-6
-2.000000E+1	 -7.909988E-10	 1.000081E-2	 7.628729E-6
-1.980000E+1	 -7.642427E-10	 1.000110E-2	 7.598858E-6
-1.960000E+1	 -7.506534E-10	 1.000096E-2	 7.569845E-6
-1.940000E+1	 -7.361779E-10	 1.000085E-2	 7.541529E-6
-1.920000E+1	 -7.120381E-10	 1.000099E-2	 7.512291E-6
-1.900000E+1	 -7.083246E-10	 1.000097E-2	 7.482502E-6
-1.880000E+1	 -6.753643E-10	 1.000108E-2	 7.452399E-6
-1.860000E+1	 -6.778120E-10	 1.000104E-2	 7.421804E-6
-1.840000E+1	 -6.491146E-10	 1.000096E-2	 7.392146E-6
-1.820000E+1	 -6.300812E-10	 1.000099E-2	 7.361258E-6
-1.800000E+1	 -6.325290E-10	 1.000102E-2	 7.330075E-6
-1.780000E+1	 -6.092755E-10	 1.000090E-2	 7.298127E-6
-1.760000E+1	 -6.026074E-10	 1.000100E-2	 7.265390E-6
-1.740000E+1	 -5.828565E-10	 1.000121E-2	 7.235540E-6
-1.720000E+1	 -5.639077E-10	 1.000095E-2	 7.202686E-6
-1.700000E+1	 -5.611646E-10	 1.000113E-2	 7.170939E-6
-1.680000E+1	 -5.638655E-10	 1.000096E-2	 7.137426E-6
-1.660000E+1	 -5.309897E-10	 1.000102E-2	 7.105007E-6
-1.640000E+1	 -5.042335E-10	 1.000096E-2	 7.073928E-6
-1.620000E+1	 -4.964681E-10	 1.000104E-2	 7.041057E-6
-1.600000E+1	 -4.804734E-10	 1.000093E-2	 7.008898E-6
-1.580000E+1	 -4.815286E-10	 1.000097E-2	 6.973207E-6
-1.560000E+1	 -4.697120E-10	 1.000084E-2	 6.940335E-6
-1.540000E+1	 -4.419426E-10	 1.000086E-2	 6.905845E-6
-1.520000E+1	 -4.235424E-10	 1.000102E-2	 6.873179E-6
-1.500000E+1	 -4.252304E-10	 1.000096E-2	 6.839235E-6
-1.480000E+1	 -3.942117E-10	 1.000104E-2	 6.804996E-6
-1.460000E+1	 -3.790188E-10	 1.000096E-2	 6.768782E-6
-1.440000E+1	 -3.828169E-10	 1.000100E-2	 6.734330E-6
-1.420000E+1	 -3.706204E-10	 1.000096E-2	 6.700183E-6
-1.400000E+1	 -3.725196E-10	 1.000100E-2	 6.662945E-6
-1.380000E+1	 -3.512496E-10	 1.000088E-2	 6.627863E-6
-1.360000E+1	 -3.261813E-10	 1.000096E-2	 6.590811E-6
-1.340000E+1	 -3.200619E-10	 1.000103E-2	 6.555798E-6
-1.320000E+1	 -3.081609E-10	 1.000103E-2	 6.516952E-6
-1.300000E+1	 -3.031388E-10	 1.000098E-2	 6.478517E-6
-1.280000E+1	 -2.833880E-10	 1.000081E-2	 6.442513E-6
-1.260000E+1	 -2.815733E-10	 1.000080E-2	 6.403027E-6
-1.240000E+1	 -2.664648E-10	 1.000093E-2	 6.363430E-6
-1.220000E+1	 -2.408479E-10	 1.000076E-2	 6.325666E-6
-1.200000E+1	 -2.451103E-10	 1.000098E-2	 6.286115E-6
-1.180000E+1	 -2.333781E-10	 1.000091E-2	 6.247519E-6
-1.160000E+1	 -2.180586E-10	 1.000087E-2	 6.206247E-6
-1.140000E+1	 -2.100823E-10	 1.000094E-2	 6.166150E-6
-1.120000E+1	 -1.983078E-10	 1.000082E-2	 6.124855E-6
-1.100000E+1	 -1.773340E-10	 1.000101E-2	 6.084020E-6
-1.080000E+1	 -1.821448E-10	 1.000087E-2	 6.043172E-6
-1.060000E+1	 -1.571203E-10	 1.000091E-2	 6.000863E-6
-1.040000E+1	 -1.495243E-10	 1.000078E-2	 5.959133E-6
-1.020000E+1	 -1.290573E-10	 1.000086E-2	 5.917436E-6
-1.000000E+1	 -1.315471E-10	 1.000103E-2	 5.872819E-6
-9.800000E+0	 -1.201109E-10	 1.000092E-2	 5.830211E-6
-9.599999E+0	 -1.003191E-10	 1.000093E-2	 5.788495E-6
-9.400000E+0	 -9.453766E-11	 1.000077E-2	 5.743082E-6
-9.200000E+0	 -7.263594E-11	 1.000088E-2	 5.699339E-6
-9.000000E+0	 -6.677016E-11	 1.000090E-2	 5.655227E-6
-8.800000E+0	 -5.368822E-11	 1.000063E-2	 5.610141E-6
-8.599999E+0	 -5.140935E-11	 1.000072E-2	 5.564078E-6
-8.400000E+0	 -2.288221E-11	 1.000079E-2	 5.517645E-6
-8.200000E+0	 -9.673540E-12	 1.000108E-2	 5.471883E-6
-8.000000E+0	 -2.541417E-11	 1.000092E-2	 5.420485E-6
-7.800000E+0	 -1.258542E-11	 1.000080E-2	 5.374163E-6
-7.600000E+0	 1.864256E-11	 1.000097E-2	 5.326605E-6
-7.400000E+0	 3.628206E-11	 1.000085E-2	 5.278273E-6
-7.200000E+0	 4.181021E-11	 1.000088E-2	 5.231003E-6
-7.000000E+0	 4.244308E-11	 1.000084E-2	 5.180165E-6
-6.800000E+0	 5.704445E-11	 1.000093E-2	 5.130325E-6
-6.600000E+0	 5.645368E-11	 1.000086E-2	 5.080052E-6
-6.400000E+0	 8.325057E-11	 1.000088E-2	 5.030378E-6
-6.200000E+0	 7.350240E-11	 1.000090E-2	 4.980658E-6
-6.000000E+0	 9.645909E-11	 1.000090E-2	 4.929670E-6
-5.800000E+0	 1.141410E-10	 1.000092E-2	 4.876838E-6
-5.600000E+0	 1.135924E-10	 1.000084E-2	 4.823729E-6
-5.400000E+0	 1.276027E-10	 1.000092E-2	 4.771090E-6
-5.200000E+0	 1.357474E-10	 1.000105E-2	 4.717235E-6
-5.000000E+0	 1.497155E-10	 1.000083E-2	 4.664779E-6
-4.800000E+0	 1.581133E-10	 1.000090E-2	 4.608107E-6
-4.600000E+0	 1.780315E-10	 1.000088E-2	 4.553791E-6
-4.400000E+0	 1.787068E-10	 1.000093E-2	 4.499301E-6
-4.200000E+0	 2.079092E-10	 1.000083E-2	 4.441683E-6
-4.000000E+0	 2.076136E-10	 1.000084E-2	 4.385796E-6
-3.800000E+0	 2.112853E-10	 1.000086E-2	 4.328677E-6
-3.600000E+0	 2.266038E-10	 1.000089E-2	 4.272409E-6
-3.400000E+0	 2.313303E-10	 1.000107E-2	 4.213845E-6
-3.200000E+0	 2.520925E-10	 1.000099E-2	 4.155398E-6
-3.000000E+0	 2.542446E-10	 1.000109E-2	 4.098353E-6
-2.800000E+0	 2.953896E-10	 1.000097E-2	 4.039218E-6
-2.600000E+0	 2.766107E-10	 1.000103E-2	 3.983136E-6
-2.400000E+0	 2.781299E-10	 1.000080E-2	 3.917150E-6
-2.200000E+0	 3.415563E-10	 1.000094E-2	 3.859684E-6
-2.000000E+0	 3.951078E-10	 1.000099E-2	 3.808356E-6
-1.800000E+0	 3.873014E-10	 1.000074E-2	 3.753199E-6
-1.600000E+0	 3.956145E-10	 1.000090E-2	 3.695885E-6
-1.400000E+0	 3.951082E-10	 1.000101E-2	 3.632853E-6
-1.200000E+0	 4.504749E-10	 1.000098E-2	 3.572350E-6
-9.999996E-1	 4.443978E-10	 1.000116E-2	 3.511784E-6
-7.999997E-1	 4.629654E-10	 1.000096E-2	 3.451314E-6
-5.999997E-1	 4.738955E-10	 1.000095E-2	 3.391070E-6
-3.999996E-1	 4.672701E-10	 1.000111E-2	 3.331857E-6
-1.999996E-1	 4.897625E-10	 1.000098E-2	 3.271128E-6
3.725290E-7	 4.571420E-10	 1.000098E-2	 3.210795E-6
2.000004E-1	 4.408953E-10	 1.000106E-2	 3.148885E-6
4.000004E-1	 4.528380E-10	 1.000101E-2	 3.091118E-6
6.000004E-1	 4.488292E-10	 1.000105E-2	 3.038060E-6
8.000004E-1	 4.572688E-10	 1.000109E-2	 2.984834E-6
1.000000E+0	 4.614468E-10	 1.000100E-2	 2.930277E-6
1.200000E+0	 4.765122E-10	 1.000104E-2	 2.880100E-6
1.400000E+0	 4.808587E-10	 1.000086E-2	 2.831626E-6
1.600000E+0	 4.921263E-10	 1.000113E-2	 2.783600E-6
1.800000E+0	 4.991730E-10	 1.000104E-2	 2.739346E-6
2.000000E+0	 5.234382E-10	 1.000100E-2	 2.696118E-6
2.200000E+0	 5.237762E-10	 1.000096E-2	 2.655258E-6
2.400000E+0	 5.397279E-10	 1.000099E-2	 2.618104E-6
2.600000E+0	 5.423864E-10	 1.000112E-2	 2.583300E-6
2.800000E+0	 5.560590E-10	 1.000107E-2	 2.551415E-6
3.000000E+0	 5.703648E-10	 1.000105E-2	 2.522566E-6
3.200001E+0	 5.744157E-10	 1.000106E-2	 2.496932E-6
3.400000E+0	 5.928572E-10	 1.000097E-2	 2.475987E-6
3.600000E+0	 5.925197E-10	 1.000101E-2	 2.456493E-6
3.800000E+0	 6.161095E-10	 1.000112E-2	 2.441079E-6
4.000000E+0	 6.339603E-10	 1.000110E-2	 2.426525E-6
4.200000E+0	 6.247602E-10	 1.000089E-2	 2.415435E-6
4.400001E+0	 6.379691E-10	 1.000099E-2	 2.406507E-6
4.600000E+0	 6.590694E-10	 1.000110E-2	 2.399541E-6
4.800001E+0	 6.664965E-10	 1.000093E-2	 2.394779E-6
5.000000E+0	 6.763280E-10	 1.000116E-2	 2.393054E-6
5.200000E+0	 6.918587E-10	 1.000093E-2	 2.393332E-6
5.400001E+0	 6.900441E-10	 1.000113E-2	 2.395390E-6
5.600000E+0	 6.969225E-10	 1.000111E-2	 2.400024E-6
5.800001E+0	 7.124523E-10	 1.000107E-2	 2.406168E-6
6.000000E+0	 7.215243E-10	 1.000111E-2	 2.414160E-6
6.200000E+0	 7.326656E-10	 1.000091E-2	 2.424494E-6
6.400001E+0	 7.373075E-10	 1.000108E-2	 2.436245E-6
6.600000E+0	 7.428786E-10	 1.000121E-2	 2.450478E-6
6.800001E+0	 7.664257E-10	 1.000105E-2	 2.465413E-6
7.000000E+0	 7.742748E-10	 1.000118E-2	 2.481777E-6
7.200000E+0	 7.868083E-10	 1.000109E-2	 2.500518E-6
7.400001E+0	 7.979916E-10	 1.000109E-2	 2.520924E-6
7.600000E+0	 8.148712E-10	 1.000101E-2	 2.543494E-6
7.800001E+0	 8.163483E-10	 1.000109E-2	 2.568406E-6
8.000001E+0	 8.217501E-10	 1.000110E-2	 2.593741E-6
8.200001E+0	 8.355917E-10	 1.000099E-2	 2.626773E-6
8.400001E+0	 8.421326E-10	 1.000093E-2	 2.655216E-6
8.600000E+0	 8.680854E-10	 1.000126E-2	 2.687720E-6
8.800000E+0	 8.766947E-10	 1.000100E-2	 2.721626E-6
9.000001E+0	 8.877931E-10	 1.000110E-2	 2.756087E-6
9.200001E+0	 9.039136E-10	 1.000109E-2	 2.793278E-6
9.400001E+0	 9.149276E-10	 1.000111E-2	 2.831102E-6
9.600000E+0	 9.149698E-10	 1.000108E-2	 2.870983E-6
9.800000E+0	 9.275457E-10	 1.000108E-2	 2.911343E-6
1.000000E+1	 9.388971E-10	 1.000097E-2	 2.952786E-6
1.020000E+1	 9.406695E-10	 1.000102E-2	 2.994940E-6
1.040000E+1	 9.550171E-10	 1.000109E-2	 3.037488E-6
1.060000E+1	 9.718556E-10	 1.000087E-2	 3.081036E-6
1.080000E+1	 9.813503E-10	 1.000073E-2	 3.124763E-6
1.100000E+1	 9.814770E-10	 1.000103E-2	 3.167872E-6
1.120000E+1	 9.929139E-10	 1.000104E-2	 3.213210E-6
1.140000E+1	 1.016672E-9	 1.000102E-2	 3.256579E-6
1.160000E+1	 1.003885E-9	 1.000100E-2	 3.299983E-6
1.180000E+1	 1.032032E-9	 1.000086E-2	 3.343520E-6
1.200000E+1	 1.028319E-9	 1.000107E-2	 3.386431E-6
1.220000E+1	 1.049038E-9	 1.000089E-2	 3.429995E-6
1.240000E+1	 1.069126E-9	 1.000081E-2	 3.473363E-6
1.260000E+1	 1.072333E-9	 1.000104E-2	 3.515630E-6
1.280000E+1	 1.083939E-9	 1.000114E-2	 3.558522E-6
1.300000E+1	 1.079339E-9	 1.000098E-2	 3.600002E-6
1.320000E+1	 1.096346E-9	 1.000101E-2	 3.642751E-6
1.340000E+1	 1.098245E-9	 1.000094E-2	 3.685224E-6
1.360000E+1	 1.114575E-9	 1.000097E-2	 3.726749E-6
1.380000E+1	 1.146817E-9	 1.000086E-2	 3.767896E-6
1.400000E+1	 1.141585E-9	 1.000093E-2	 3.806864E-6
1.420000E+1	 1.144200E-9	 1.000099E-2	 3.853664E-6
1.440000E+1	 1.166524E-9	 1.000101E-2	 3.891415E-6
1.460000E+1	 1.181589E-9	 1.000097E-2	 3.929692E-6
1.480000E+1	 1.184206E-9	 1.000092E-2	 3.969375E-6
1.500000E+1	 1.202479E-9	 1.000100E-2	 4.007883E-6
1.520000E+1	 1.203998E-9	 1.000109E-2	 4.046547E-6
1.540000E+1	 1.226996E-9	 1.000117E-2	 4.083934E-6
1.560000E+1	 1.235732E-9	 1.000097E-2	 4.121975E-6
1.580000E+1	 1.241429E-9	 1.000084E-2	 4.159825E-6
1.600000E+1	 1.232989E-9	 1.000111E-2	 4.196983E-6
1.620000E+1	 1.262867E-9	 1.000081E-2	 4.234398E-6
1.640000E+1	 1.269787E-9	 1.000087E-2	 4.268243E-6
1.660000E+1	 1.275610E-9	 1.000102E-2	 4.303721E-6
1.680000E+1	 1.291647E-9	 1.000108E-2	 4.340056E-6
1.700000E+1	 1.308231E-9	 1.000107E-2	 4.375522E-6
1.720000E+1	 1.305065E-9	 1.000104E-2	 4.409691E-6
1.740000E+1	 1.320090E-9	 1.000101E-2	 4.445114E-6
1.760000E+1	 1.331736E-9	 1.000098E-2	 4.476910E-6
1.780000E+1	 1.337856E-9	 1.000098E-2	 4.516326E-6
1.800000E+1	 1.351106E-9	 1.000101E-2	 4.547586E-6
1.820000E+1	 1.374063E-9	 1.000103E-2	 4.580379E-6
1.840000E+1	 1.383896E-9	 1.000098E-2	 4.612562E-6
1.860000E+1	 1.381575E-9	 1.000100E-2	 4.644875E-6
1.880000E+1	 1.401408E-9	 1.000106E-2	 4.677257E-6
1.900000E+1	 1.405839E-9	 1.000087E-2	 4.709525E-6
1.920000E+1	 1.406894E-9	 1.000098E-2	 4.738006E-6
1.940000E+1	 1.430357E-9	 1.000096E-2	 4.771272E-6
1.960000E+1	 1.433819E-9	 1.000095E-2	 4.800086E-6
1.980000E+1	 1.440443E-9	 1.000088E-2	 4.829377E-6
2.000000E+1	 1.446266E-9	 1.000098E-2	 4.865607E-6
2.020000E+1	 1.467705E-9	 1.000099E-2	 4.893104E-6
2.040000E+1	 1.485682E-9	 1.000094E-2	 4.921672E-6
2.060000E+1	 1.501802E-9	 1.000077E-2	 4.950466E-6
2.080000E+1	 1.499185E-9	 1.000090E-2	 4.978839E-6
2.100000E+1	 1.508259E-9	 1.000099E-2	 5.008257E-6
2.120000E+1	 1.517711E-9	 1.000095E-2	 5.035322E-6
2.140000E+1	 1.536829E-9	 1.000092E-2	 5.062948E-6
2.160000E+1	 1.521468E-9	 1.000104E-2	 5.094415E-6
2.180000E+1	 1.548897E-9	 1.000097E-2	 5.119971E-6
2.200000E+1	 1.571981E-9	 1.000093E-2	 5.148083E-6
2.220000E+1	 1.576623E-9	 1.000100E-2	 5.173696E-6
2.240000E+1	 1.588819E-9	 1.000094E-2	 5.203304E-6
2.260000E+1	 1.585653E-9	 1.000091E-2	 5.225945E-6
2.280000E+1	 1.612071E-9	 1.000092E-2	 5.251622E-6
2.300000E+1	 1.611439E-9	 1.000105E-2	 5.278149E-6
2.320000E+1	 1.619371E-9	 1.000111E-2	 5.303993E-6
2.340000E+1	 1.636336E-9	 1.000107E-2	 5.330610E-6
2.360000E+1	 1.647942E-9	 1.000126E-2	 5.355972E-6
2.380000E+1	 1.658153E-9	 1.000086E-2	 5.380426E-6
2.400000E+1	 1.669842E-9	 1.000112E-2	 5.405370E-6
2.420000E+1	 1.673683E-9	 1.000107E-2	 5.429316E-6
2.440000E+1	 1.679591E-9	 1.000097E-2	 5.453739E-6
2.460000E+1	 1.693264E-9	 1.000098E-2	 5.476438E-6
2.480000E+1	 1.713899E-9	 1.000122E-2	 5.499619E-6
2.500000E+1	 1.709680E-9	 1.000096E-2	 5.527193E-6
2.480000E+1	 1.451120E-9	 1.000104E-2	 5.488424E-6
2.460000E+1	 1.328234E-9	 1.000099E-2	 5.452769E-6
2.440000E+1	 1.278016E-9	 1.000111E-2	 5.418593E-6
2.420000E+1	 1.221469E-9	 1.000108E-2	 5.385173E-6
2.400000E+1	 1.174584E-9	 1.000111E-2	 5.352284E-6
2.380000E+1	 1.121032E-9	 1.000104E-2	 5.319700E-6
2.360000E+1	 1.087441E-9	 1.000096E-2	 5.288229E-6
2.340000E+1	 1.038067E-9	 1.000099E-2	 5.256174E-6
2.320000E+1	 1.018908E-9	 1.000101E-2	 5.223827E-6
2.300000E+1	 9.982303E-10	 1.000108E-2	 5.188842E-6
2.280000E+1	 9.640060E-10	 1.000080E-2	 5.156556E-6
2.260000E+1	 9.407123E-10	 1.000093E-2	 5.123973E-6
2.240000E+1	 9.031537E-10	 1.000101E-2	 5.091983E-6
2.220000E+1	 8.739089E-10	 1.000096E-2	 5.058125E-6
2.200000E+1	 8.518384E-10	 1.000105E-2	 5.026675E-6
2.180000E+1	 8.354227E-10	 1.000112E-2	 4.989789E-6
2.160000E+1	 8.125934E-10	 1.000102E-2	 4.956998E-6
2.140000E+1	 7.896787E-10	 1.000103E-2	 4.919484E-6
2.120000E+1	 7.656662E-10	 1.000103E-2	 4.886019E-6
2.100000E+1	 7.331302E-10	 1.000100E-2	 4.852141E-6
2.080000E+1	 7.270958E-10	 1.000115E-2	 4.817296E-6
2.060000E+1	 7.128321E-10	 1.000097E-2	 4.782400E-6
2.040000E+1	 6.993278E-10	 1.000090E-2	 4.746920E-6
2.020000E+1	 6.787343E-10	 1.000101E-2	 4.710439E-6
2.000000E+1	 6.546381E-10	 1.000105E-2	 4.673794E-6
1.980000E+1	 6.320193E-10	 1.000101E-2	 4.636720E-6
1.960000E+1	 6.246762E-10	 1.000096E-2	 4.598858E-6
1.940000E+1	 6.136618E-10	 1.000108E-2	 4.562353E-6
1.920000E+1	 5.758932E-10	 1.000088E-2	 4.525333E-6
1.900000E+1	 5.754708E-10	 1.000108E-2	 4.487072E-6
1.880000E+1	 5.488848E-10	 1.000093E-2	 4.448177E-6
1.860000E+1	 5.378283E-10	 1.000081E-2	 4.408505E-6
1.840000E+1	 5.268570E-10	 1.000108E-2	 4.369685E-6
1.820000E+1	 5.114962E-10	 1.000084E-2	 4.329865E-6
1.800000E+1	 5.060521E-10	 1.000115E-2	 4.289891E-6
1.780000E+1	 4.846143E-10	 1.000094E-2	 4.249053E-6
1.760000E+1	 4.711100E-10	 1.000095E-2	 4.207679E-6
1.740000E+1	 4.562561E-10	 1.000089E-2	 4.166083E-6
1.720000E+1	 4.449466E-10	 1.000079E-2	 4.124138E-6
1.700000E+1	 4.384480E-10	 1.000096E-2	 4.083006E-6
1.680000E+1	 4.130013E-10	 1.000088E-2	 4.039412E-6
1.660000E+1	 3.915636E-10	 1.000090E-2	 3.997033E-6
1.640000E+1	 3.934203E-10	 1.000086E-2	 3.954140E-6
1.620000E+1	 3.824907E-10	 1.000083E-2	 3.909624E-6
1.600000E+1	 3.480133E-10	 1.000093E-2	 3.865798E-6
1.580000E+1	 3.502921E-10	 1.000096E-2	 3.820774E-6
1.560000E+1	 3.281791E-10	 1.000093E-2	 3.775691E-6
1.540000E+1	 3.195283E-10	 1.000085E-2	 3.730702E-6
1.520000E+1	 3.090205E-10	 1.000101E-2	 3.683886E-6
1.500000E+1	 3.072059E-10	 1.000105E-2	 3.638576E-6
1.480000E+1	 2.752604E-10	 1.000104E-2	 3.592524E-6
1.460000E+1	 2.663564E-10	 1.000101E-2	 3.546268E-6
1.440000E+1	 2.471132E-10	 1.000094E-2	 3.500331E-6
1.420000E+1	 2.459737E-10	 1.000095E-2	 3.453132E-6
1.400000E+1	 2.360988E-10	 1.000080E-2	 3.405376E-6
1.380000E+1	 2.108634E-10	 1.000102E-2	 3.358128E-6
1.360000E+1	 1.998915E-10	 1.000107E-2	 3.311472E-6
1.340000E+1	 1.967686E-10	 1.000094E-2	 3.265434E-6
1.320000E+1	 1.779052E-10	 1.000105E-2	 3.217588E-6
1.300000E+1	 1.777364E-10	 1.000103E-2	 3.169624E-6
1.280000E+1	 1.621643E-10	 1.000095E-2	 3.124963E-6
1.260000E+1	 1.475213E-10	 1.000097E-2	 3.078075E-6
1.240000E+1	 1.387013E-10	 1.000086E-2	 3.032929E-6
1.220000E+1	 1.279405E-10	 1.000089E-2	 2.986186E-6
1.200000E+1	 1.199224E-10	 1.000097E-2	 2.940548E-6
1.180000E+1	 1.130859E-10	 1.000091E-2	 2.897286E-6
1.160000E+1	 8.666892E-11	 1.000115E-2	 2.853361E-6
1.140000E+1	 8.485421E-11	 1.000086E-2	 2.810826E-6
1.120000E+1	 6.814316E-11	 1.000105E-2	 2.769076E-6
1.100000E+1	 4.573494E-11	 1.000094E-2	 2.728395E-6
1.080000E+1	 4.354056E-11	 1.000096E-2	 2.689147E-6
1.060000E+1	 2.547886E-11	 1.000103E-2	 2.651047E-6
1.040000E+1	 1.408498E-11	 1.000090E-2	 2.614408E-6
1.020000E+1	 1.927565E-11	 1.000093E-2	 2.580082E-6
1.000000E+1	 3.703787E-12	 1.000087E-2	 2.546531E-6
9.800000E+0	 -8.537893E-13	 1.000093E-2	 2.516900E-6
9.600000E+0	 -2.077219E-11	 1.000093E-2	 2.484184E-6
9.400001E+0	 -3.617510E-11	 1.000095E-2	 2.457657E-6
9.200001E+0	 -5.402570E-11	 1.000087E-2	 2.434077E-6
9.000001E+0	 -5.900529E-11	 1.000096E-2	 2.412006E-6
8.800000E+0	 -8.440969E-11	 1.000113E-2	 2.392553E-6
8.600000E+0	 -8.976909E-11	 1.000106E-2	 2.374998E-6
8.400001E+0	 -1.031887E-10	 1.000098E-2	 2.359606E-6
8.200001E+0	 -1.151313E-10	 1.000097E-2	 2.347417E-6
8.000001E+0	 -1.115443E-10	 1.000102E-2	 2.336052E-6
7.800001E+0	 -1.310829E-10	 1.000097E-2	 2.328327E-6
7.600000E+0	 -1.387210E-10	 1.000114E-2	 2.321665E-6
7.400001E+0	 -1.448401E-10	 1.000093E-2	 2.317748E-6
7.200000E+0	 -1.637878E-10	 1.000103E-2	 2.316016E-6
7.000000E+0	 -1.694426E-10	 1.000098E-2	 2.315642E-6
6.800001E+0	 -1.749286E-10	 1.000102E-2	 2.318232E-6
6.600000E+0	 -1.962399E-10	 1.000100E-2	 2.322394E-6
6.400001E+0	 -2.131209E-10	 1.000095E-2	 2.328012E-6
6.200000E+0	 -2.139227E-10	 1.000084E-2	 2.335586E-6
6.000000E+0	 -2.154842E-10	 1.000088E-2	 2.344826E-6
5.800001E+0	 -2.398351E-10	 1.000092E-2	 2.356139E-6
5.600000E+0	 -2.470939E-10	 1.000101E-2	 2.368500E-6
5.400001E+0	 -2.533399E-10	 1.000092E-2	 2.383599E-6
5.200000E+0	 -2.622868E-10	 1.000092E-2	 2.399289E-6
5.000000E+0	 -2.854560E-10	 1.000099E-2	 2.416544E-6
4.800001E+0	 -2.789146E-10	 1.000102E-2	 2.434648E-6
4.600000E+0	 -3.012819E-10	 1.000101E-2	 2.452729E-6
4.400001E+0	 -3.001846E-10	 1.000106E-2	 2.472861E-6
4.200000E+0	 -3.249152E-10	 1.000117E-2	 2.491987E-6
4.000000E+0	 -3.431045E-10	 1.000102E-2	 2.512355E-6
3.800000E+0	 -3.377027E-10	 1.000092E-2	 2.533910E-6
3.600000E+0	 -3.578754E-10	 1.000098E-2	 2.554814E-6
3.400000E+0	 -3.683837E-10	 1.000096E-2	 2.577566E-6
3.200001E+0	 -3.727729E-10	 1.000101E-2	 2.599342E-6
3.000000E+0	 -3.809179E-10	 1.000109E-2	 2.621742E-6
2.800000E+0	 -4.004577E-10	 1.000089E-2	 2.644264E-6
2.600000E+0	 -4.121900E-10	 1.000090E-2	 2.667090E-6
2.400000E+0	 -4.245131E-10	 1.000091E-2	 2.690178E-6
2.200000E+0	 -4.326583E-10	 1.000098E-2	 2.713878E-6
2.000000E+0	 -4.474713E-10	 1.000097E-2	 2.738228E-6
1.800000E+0	 -4.585705E-10	 1.000114E-2	 2.761454E-6
1.600000E+0	 -4.646054E-10	 1.000104E-2	 2.786023E-6
1.400000E+0	 -4.840608E-10	 1.000100E-2	 2.810790E-6
1.200000E+0	 -4.917416E-10	 1.000097E-2	 2.837614E-6
1.000000E+0	 -5.150796E-10	 1.000094E-2	 2.867353E-6
8.000004E-1	 -5.400635E-10	 1.000095E-2	 2.905663E-6
6.000004E-1	 -5.562692E-10	 1.000106E-2	 2.977881E-6
4.000004E-1	 -5.919303E-10	 1.000089E-2	 3.195433E-6
2.000004E-1	 -5.888074E-10	 1.000102E-2	 3.613038E-6
3.725290E-7	 -5.609959E-10	 1.000091E-2	 3.632068E-6
-1.999996E-1	 -5.455497E-10	 1.000102E-2	 3.651425E-6
-3.999996E-1	 -5.661021E-10	 1.000092E-2	 3.668795E-6
-5.999997E-1	 -5.665666E-10	 1.000101E-2	 3.686908E-6
-7.999997E-1	 -5.772435E-10	 1.000097E-2	 3.705526E-6
-9.999996E-1	 -6.032403E-10	 1.000103E-2	 3.722932E-6
-1.200000E+0	 -6.123984E-10	 1.000099E-2	 3.740700E-6
-1.400000E+0	 -6.151416E-10	 1.000107E-2	 3.757188E-6
-1.600000E+0	 -6.543899E-10	 1.000093E-2	 3.773706E-6
-1.800000E+0	 -7.652552E-10	 1.000102E-2	 3.790926E-6
-2.000000E+0	 -8.798774E-10	 1.000105E-2	 3.806800E-6
-2.200000E+0	 -8.397852E-10	 1.000098E-2	 3.822281E-6
-2.400000E+0	 -8.608860E-10	 1.000092E-2	 3.838643E-6
-2.600000E+0	 -8.584805E-10	 1.000110E-2	 3.853875E-6
-2.800000E+0	 -8.604222E-10	 1.000086E-2	 3.868141E-6
-3.000000E+0	 -8.868829E-10	 1.000097E-2	 3.884182E-6
-3.200000E+0	 -7.553377E-10	 1.000109E-2	 3.899035E-6
-3.400000E+0	 -7.356715E-10	 1.000092E-2	 3.913397E-6
-3.600000E+0	 -7.418752E-10	 1.000092E-2	 3.929213E-6
-3.800000E+0	 -7.366844E-10	 1.000102E-2	 3.949532E-6
-4.000000E+0	 -7.969496E-10	 1.000108E-2	 4.002038E-6
-4.200000E+0	 -1.061728E-9	 1.000089E-2	 4.220251E-6
-4.400000E+0	 -2.143883E-9	 1.000073E-2	 4.877174E-6
-4.600000E+0	 -7.959787E-10	 1.000102E-2	 4.915848E-6
-4.800000E+0	 -8.000302E-10	 1.000092E-2	 4.947591E-6
-5.000000E+0	 -8.219336E-10	 1.000107E-2	 4.987273E-6
-5.200000E+0	 -8.268712E-10	 1.000096E-2	 5.027811E-6
-5.400000E+0	 -8.373376E-10	 1.000098E-2	 5.068973E-6
-5.600000E+0	 -8.589870E-10	 1.000105E-2	 5.111763E-6
-5.800000E+0	 -8.551892E-10	 1.000123E-2	 5.155774E-6
-6.000000E+0	 -8.789066E-10	 1.000100E-2	 5.200118E-6
-6.200000E+0	 -8.818611E-10	 1.000104E-2	 5.244011E-6
-6.400000E+0	 -8.756147E-10	 1.000102E-2	 5.287052E-6
-6.600000E+0	 -9.019911E-10	 1.000110E-2	 5.330461E-6
-6.800000E+0	 -9.059586E-10	 1.000111E-2	 5.371255E-6
-7.000000E+0	 -9.214046E-10	 1.000105E-2	 5.415175E-6
-7.200000E+0	 -9.271441E-10	 1.000098E-2	 5.458389E-6
-7.400000E+0	 -9.369772E-10	 1.000111E-2	 5.501511E-6
-7.600000E+0	 -9.557574E-10	 1.000097E-2	 5.542852E-6
-7.800000E+0	 -9.606527E-10	 1.000108E-2	 5.585598E-6
-8.000000E+0	 -8.897104E-10	 1.000100E-2	 5.629044E-6
-8.200000E+0	 -9.709503E-10	 1.000089E-2	 5.670478E-6
-8.400000E+0	 -9.858901E-10	 1.000104E-2	 5.712292E-6
-8.599999E+0	 -9.951322E-10	 1.000098E-2	 5.752730E-6
-8.800000E+0	 -1.015474E-9	 1.000092E-2	 5.794717E-6
-9.000000E+0	 -1.010241E-9	 1.000109E-2	 5.836408E-6
-9.200000E+0	 -1.030372E-9	 1.000107E-2	 5.876323E-6
-9.400000E+0	 -1.043750E-9	 1.000098E-2	 5.914815E-6
-9.599999E+0	 -1.062445E-9	 1.000102E-2	 5.955279E-6
-9.800000E+0	 -1.066159E-9	 1.000107E-2	 5.995185E-6
-1.000000E+1	 -1.072025E-9	 1.000110E-2	 6.032965E-6
-1.020000E+1	 -1.089159E-9	 1.000108E-2	 6.072639E-6
-1.040000E+1	 -1.089708E-9	 1.000105E-2	 6.110814E-6
-1.060000E+1	 -1.109501E-9	 1.000097E-2	 6.149477E-6
-1.080000E+1	 -1.126129E-9	 1.000111E-2	 6.187713E-6
-1.100000E+1	 -1.125580E-9	 1.000100E-2	 6.224346E-6
-1.120000E+1	 -1.145499E-9	 1.000109E-2	 6.261980E-6
-1.140000E+1	 -1.146935E-9	 1.000110E-2	 6.299588E-6
-1.160000E+1	 -1.159131E-9	 1.000098E-2	 6.335192E-6
-1.180000E+1	 -1.162634E-9	 1.000104E-2	 6.372062E-6
-1.200000E+1	 -1.176434E-9	 1.000098E-2	 6.407178E-6
-1.220000E+1	 -1.182174E-9	 1.000105E-2	 6.446058E-6
-1.240000E+1	 -1.188757E-9	 1.000096E-2	 6.481148E-6
-1.260000E+1	 -1.229187E-9	 1.000095E-2	 6.517008E-6
-1.280000E+1	 -1.224629E-9	 1.000099E-2	 6.552432E-6
-1.300000E+1	 -1.226360E-9	 1.000107E-2	 6.587102E-6
-1.320000E+1	 -1.244507E-9	 1.000089E-2	 6.621520E-6
-1.340000E+1	 -1.247334E-9	 1.000101E-2	 6.655041E-6
-1.360000E+1	 -1.267676E-9	 1.000090E-2	 6.690258E-6
-1.380000E+1	 -1.261599E-9	 1.000118E-2	 6.723928E-6
-1.400000E+1	 -1.284177E-9	 1.000094E-2	 6.757170E-6
-1.420000E+1	 -1.282362E-9	 1.000101E-2	 6.790689E-6
-1.440000E+1	 -1.322623E-9	 1.000103E-2	 6.824675E-6
-1.460000E+1	 -1.319078E-9	 1.000107E-2	 6.858041E-6
-1.480000E+1	 -1.330726E-9	 1.000095E-2	 6.890560E-6
-1.500000E+1	 -1.336887E-9	 1.000103E-2	 6.922644E-6
-1.520000E+1	 -1.345202E-9	 1.000115E-2	 6.956064E-6
-1.540000E+1	 -1.339420E-9	 1.000101E-2	 6.989469E-6
-1.560000E+1	 -1.379132E-9	 1.000105E-2	 7.020300E-6
-1.580000E+1	 -1.362336E-9	 1.000101E-2	 7.052052E-6
-1.600000E+1	 -1.380651E-9	 1.000091E-2	 7.085101E-6
-1.620000E+1	 -1.396731E-9	 1.000089E-2	 7.114770E-6
-1.640000E+1	 -1.406268E-9	 1.000105E-2	 7.150320E-6
-1.660000E+1	 -1.397701E-9	 1.000094E-2	 7.179265E-6
-1.680000E+1	 -1.322412E-9	 1.000106E-2	 7.211413E-6
-1.700000E+1	 -1.457460E-9	 1.000120E-2	 7.241092E-6
-1.720000E+1	 -1.448977E-9	 1.000097E-2	 7.269706E-6
-1.740000E+1	 -1.472526E-9	 1.000122E-2	 7.300096E-6
-1.760000E+1	 -1.462145E-9	 1.000098E-2	 7.330123E-6
-1.780000E+1	 -1.480798E-9	 1.000102E-2	 7.360616E-6
-1.800000E+1	 -1.497467E-9	 1.000116E-2	 7.388521E-6
-1.820000E+1	 -1.492699E-9	 1.000111E-2	 7.419286E-6
-1.840000E+1	 -1.488900E-9	 1.000117E-2	 7.446416E-6
-1.860000E+1	 -1.526671E-9	 1.000101E-2	 7.475338E-6
-1.880000E+1	 -1.536505E-9	 1.000099E-2	 7.503372E-6
-1.900000E+1	 -1.549884E-9	 1.000117E-2	 7.531707E-6
-1.920000E+1	 -1.549335E-9	 1.000110E-2	 7.559127E-6
-1.940000E+1	 -1.575500E-9	 1.000085E-2	 7.588118E-6
-1.960000E+1	 -1.585249E-9	 1.000108E-2	 7.615923E-6
-1.980000E+1	 -1.477126E-9	 1.000098E-2	 7.643200E-6
-2.000000E+1	 -1.606856E-9	 1.000107E-2	 7.669631E-6
-2.020000E+1	 -1.605422E-9	 1.000095E-2	 7.695149E-6
-2.040000E+1	 -1.606561E-9	 1.000086E-2	 7.723116E-6
-2.060000E+1	 -1.614580E-9	 1.000096E-2	 7.748884E-6
-2.080000E+1	 -1.627536E-9	 1.000096E-2	 7.776096E-6
-2.100000E+1	 -1.637243E-9	 1.000086E-2	 7.802099E-6
-2.120000E+1	 -1.650790E-9	 1.000093E-2	 7.827967E-6
-2.140000E+1	 -1.652731E-9	 1.000094E-2	 7.856096E-6
-2.160000E+1	 -1.678558E-9	 1.000102E-2	 7.880395E-6
-2.180000E+1	 -1.682568E-9	 1.000103E-2	 7.906383E-6
-2.200000E+1	 -1.687083E-9	 1.000091E-2	 7.932479E-6
-2.220000E+1	 -1.693456E-9	 1.000104E-2	 7.956735E-6
-2.240000E+1	 -1.706370E-9	 1.000096E-2	 7.983049E-6
-2.260000E+1	 -1.709872E-9	 1.000107E-2	 8.007763E-6
-2.280000E+1	 -1.730256E-9	 1.000087E-2	 8.032604E-6
-2.300000E+1	 -1.747517E-9	 1.000104E-2	 8.057544E-6
-2.320000E+1	 -1.749458E-9	 1.000100E-2	 8.082392E-6
-2.340000E+1	 -1.763090E-9	 1.000101E-2	 8.106326E-6
-2.360000E+1	 -1.764905E-9	 1.000095E-2	 8.129408E-6
-2.380000E+1	 -1.768196E-9	 1.000099E-2	 8.157006E-6
-2.400000E+1	 -1.784360E-9	 1.000086E-2	 8.178801E-6
-2.420000E+1	 -1.808204E-9	 1.000100E-2	 8.202980E-6
-2.440000E+1	 -1.814282E-9	 1.000085E-2	 8.226520E-6
-2.460000E+1	 -1.821414E-9	 1.000103E-2	 8.248637E-6
-2.480000E+1	 -1.826056E-9	 1.000088E-2	 8.275645E-6
-2.500000E+1	 -1.836480E-9	 1.000093E-2	 8.296954E-6
-2.480000E+1	 -1.541949E-9	 1.000100E-2	 8.264616E-6
-2.460000E+1	 -1.441297E-9	 1.000095E-2	 8.235360E-6
-2.440000E+1	 -1.386602E-9	 1.000093E-2	 8.207643E-6
-2.420000E+1	 -1.331106E-9	 1.000099E-2	 8.177178E-6
-2.400000E+1	 -1.266536E-9	 1.000109E-2	 8.150348E-6
-2.380000E+1	 -1.251006E-9	 1.000090E-2	 8.123112E-6
-2.360000E+1	 -1.195298E-9	 1.000090E-2	 8.095214E-6
-2.340000E+1	 -1.162381E-9	 1.000091E-2	 8.066362E-6
-2.320000E+1	 -1.126508E-9	 1.000093E-2	 8.039676E-6
-2.300000E+1	 -1.099963E-9	 1.000099E-2	 8.012969E-6
-2.280000E+1	 -1.088357E-9	 1.000103E-2	 7.984839E-6
-2.260000E+1	 -1.072827E-9	 1.000114E-2	 7.956687E-6
-2.240000E+1	 -1.012604E-9	 1.000103E-2	 7.930058E-6
-2.220000E+1	 -9.909965E-10	 1.000095E-2	 7.903353E-6
-2.200000E+1	 -9.676583E-10	 1.000093E-2	 7.875270E-6
-2.180000E+1	 -9.421253E-10	 1.000078E-2	 7.847560E-6
-2.160000E+1	 -9.235142E-10	 1.000095E-2	 7.820830E-6
-2.140000E+1	 -9.022443E-10	 1.000106E-2	 7.790642E-6
-2.120000E+1	 -8.843085E-10	 1.000102E-2	 7.763620E-6
-2.100000E+1	 -8.801727E-10	 1.000087E-2	 7.736779E-6
-2.080000E+1	 -8.314709E-10	 1.000086E-2	 7.703641E-6
-2.060000E+1	 -8.407556E-10	 1.000085E-2	 7.674793E-6
-2.040000E+1	 -7.956831E-10	 1.000092E-2	 7.647342E-6
-2.020000E+1	 -7.770720E-10	 1.000089E-2	 7.617441E-6
-2.000000E+1	 -7.723877E-10	 1.000083E-2	 7.591629E-6
-1.980000E+1	 -7.638205E-10	 1.000096E-2	 7.557677E-6
-1.960000E+1	 -7.365157E-10	 1.000097E-2	 7.530267E-6
-1.940000E+1	 -7.102658E-10	 1.000099E-2	 7.500088E-6
-1.920000E+1	 -7.038508E-10	 1.000092E-2	 7.470318E-6
-1.900000E+1	 -6.870965E-10	 1.000102E-2	 7.440020E-6
-1.880000E+1	 -6.740560E-10	 1.000101E-2	 7.409687E-6
-1.860000E+1	 -6.677678E-10	 1.000086E-2	 7.380080E-6
-1.840000E+1	 -6.383103E-10	 1.000093E-2	 7.349991E-6
-1.820000E+1	 -6.417291E-10	 1.000090E-2	 7.316421E-6
-1.800000E+1	 -6.201213E-10	 1.000095E-2	 7.285115E-6
-1.780000E+1	 -5.828143E-10	 1.000094E-2	 7.253878E-6
-1.760000E+1	 -6.009615E-10	 1.000093E-2	 7.220120E-6
-1.740000E+1	 -5.668195E-10	 1.000084E-2	 7.188321E-6
-1.720000E+1	 -5.390083E-10	 1.000101E-2	 7.156748E-6
-1.700000E+1	 -5.355053E-10	 1.000100E-2	 7.124729E-6
-1.680000E+1	 -5.234356E-10	 1.000078E-2	 7.091349E-6
-1.660000E+1	 -5.076518E-10	 1.000101E-2	 7.059074E-6
-1.640000E+1	 -4.930075E-10	 1.000095E-2	 7.027141E-6
-1.620000E+1	 -4.745651E-10	 1.000096E-2	 6.993754E-6
-1.600000E+1	 -4.751559E-10	 1.000090E-2	 6.959991E-6
-1.580000E+1	 -4.618199E-10	 1.000108E-2	 6.926329E-6
-1.560000E+1	 -4.364985E-10	 1.000101E-2	 6.892365E-6
-1.540000E+1	 -4.350635E-10	 1.000096E-2	 6.857559E-6
-1.520000E+1	 -4.250615E-10	 1.000085E-2	 6.821330E-6
-1.500000E+1	 -4.152706E-10	 1.000087E-2	 6.787672E-6
-1.480000E+1	 -3.924814E-10	 1.000087E-2	 6.751597E-6
-1.460000E+1	 -3.813400E-10	 1.000093E-2	 6.716312E-6
-1.440000E+1	 -3.703251E-10	 1.000081E-2	 6.681515E-6
-1.420000E+1	 -3.606184E-10	 1.000109E-2	 6.644190E-6
-1.400000E+1	 -3.553010E-10	 1.000092E-2	 6.609601E-6
-1.380000E+1	 -3.425558E-10	 1.000099E-2	 6.571937E-6
-1.360000E+1	 -3.127186E-10	 1.000107E-2	 6.535008E-6
-1.340000E+1	 -3.165591E-10	 1.000087E-2	 6.498939E-6
-1.320000E+1	 -3.082874E-10	 1.000108E-2	 6.459798E-6
-1.300000E+1	 -2.862577E-10	 1.000084E-2	 6.422702E-6
-1.280000E+1	 -2.695878E-10	 1.000098E-2	 6.384524E-6
-1.260000E+1	 -2.631308E-10	 1.000085E-2	 6.344263E-6
-1.240000E+1	 -2.418186E-10	 1.000090E-2	 6.307505E-6
-1.220000E+1	 -2.282716E-10	 1.000104E-2	 6.266936E-6
-1.200000E+1	 -2.107998E-10	 1.000093E-2	 6.227788E-6
-1.180000E+1	 -2.233339E-10	 1.000102E-2	 6.188376E-6
-1.160000E+1	 -2.124878E-10	 1.000100E-2	 6.145831E-6
-1.140000E+1	 -2.019372E-10	 1.000100E-2	 6.106586E-6
-1.120000E+1	 -1.896986E-10	 1.000095E-2	 6.064879E-6
-1.100000E+1	 -1.675014E-10	 1.000085E-2	 6.022598E-6
-1.080000E+1	 -1.603274E-10	 1.000084E-2	 5.982055E-6
-1.060000E+1	 -1.495665E-10	 1.000100E-2	 5.939970E-6
-1.040000E+1	 -1.462327E-10	 1.000093E-2	 5.896260E-6
-1.020000E+1	 -1.360625E-10	 1.000102E-2	 5.854327E-6
-1.000000E+1	 -1.120507E-10	 1.000097E-2	 5.809701E-6
-9.800000E+0	 -1.167349E-10	 1.000090E-2	 5.766444E-6
-9.599999E+0	 -9.331393E-11	 1.000093E-2	 5.722523E-6
-9.400000E+0	 -7.938795E-11	 1.000094E-2	 5.677338E-6
-9.200000E+0	 -7.419738E-11	 1.000104E-2	 5.633326E-6
-9.000000E+0	 -6.276116E-11	 1.000100E-2	 5.588136E-6
-8.800000E+0	 -4.647199E-11	 1.000095E-2	 5.542958E-6
-8.599999E+0	 -3.195523E-11	 1.000091E-2	 5.496152E-6
-8.400000E+0	 -2.807282E-11	 1.000092E-2	 5.448255E-6
-8.200000E+0	 -9.547071E-12	 1.000095E-2	 5.403511E-6
-8.000000E+0	 -1.380926E-11	 1.000092E-2	 5.353960E-6
-7.800000E+0	 4.125714E-12	 1.000087E-2	 5.305752E-6
-7.600000E+0	 2.357979E-11	 1.000090E-2	 5.259014E-6
-7.400000E+0	 3.480496E-11	 1.000084E-2	 5.209178E-6
-7.200000E+0	 4.311843E-11	 1.000092E-2	 5.159044E-6
-7.000000E+0	 5.383718E-11	 1.000090E-2	 5.109623E-6
-6.800000E+0	 5.041897E-11	 1.000088E-2	 5.058906E-6
-6.600000E+0	 6.873377E-11	 1.000097E-2	 5.008269E-6
-6.400000E+0	 7.270054E-11	 1.000091E-2	 4.957579E-6
-6.200000E+0	 9.477114E-11	 1.000089E-2	 4.907337E-6
-6.000000E+0	 1.012699E-10	 1.000088E-2	 4.855140E-6
-5.800000E+0	 9.852671E-11	 1.000089E-2	 4.803738E-6
-5.600000E+0	 9.730300E-11	 1.000093E-2	 4.747170E-6
-5.400000E+0	 1.249019E-10	 1.000093E-2	 4.694745E-6
-5.200000E+0	 1.636414E-10	 1.000094E-2	 4.641185E-6
-5.000000E+0	 1.602231E-10	 1.000093E-2	 4.587115E-6
-4.800000E+0	 1.783692E-10	 1.000092E-2	 4.533116E-6
-4.600000E+0	 1.834330E-10	 1.000112E-2	 4.479147E-6
-4.400000E+0	 1.909448E-10	 1.000088E-2	 4.421410E-6
-4.200000E+0	 2.057146E-10	 1.000091E-2	 4.365913E-6
-4.000000E+0	 1.936878E-10	 1.000099E-2	 4.310821E-6
-3.800000E+0	 2.114116E-10	 1.000096E-2	 4.252104E-6
-3.600000E+0	 2.262661E-10	 1.000106E-2	 4.195683E-6
-3.400000E+0	 2.341996E-10	 1.000095E-2	 4.137420E-6
-3.200000E+0	 2.648368E-10	 1.000082E-2	 4.077752E-6
-3.000000E+0	 2.589289E-10	 1.000087E-2	 4.019952E-6
-2.800000E+0	 2.570298E-10	 1.000092E-2	 3.960899E-6
-2.600000E+0	 2.896083E-10	 1.000076E-2	 3.902192E-6
-2.400000E+0	 2.927731E-10	 1.000075E-2	 3.841651E-6
-2.200000E+0	 3.206674E-10	 1.000088E-2	 3.781263E-6
-2.000000E+0	 2.915917E-10	 1.000088E-2	 3.721776E-6
-1.800000E+0	 3.136618E-10	 1.000080E-2	 3.662093E-6
-1.600000E+0	 3.314705E-10	 1.000092E-2	 3.601260E-6
-1.400000E+0	 3.428225E-10	 1.000096E-2	 3.542421E-6
-1.200000E+0	 3.488569E-10	 1.000099E-2	 3.482740E-6
-9.999996E-1	 3.619808E-10	 1.000076E-2	 3.422980E-6
-7.999997E-1	 3.734175E-10	 1.000076E-2	 3.365348E-6
-5.999997E-1	 3.910567E-10	 1.000091E-2	 3.304900E-6
-3.999996E-1	 3.994970E-10	 1.000099E-2	 3.247843E-6
-1.999996E-1	 4.048985E-10	 1.000086E-2	 3.188737E-6
3.725290E-7	 4.138024E-10	 1.000093E-2	 3.132328E-6
2.000004E-1	 4.169677E-10	 1.000117E-2	 3.076025E-6
4.000004E-1	 4.274759E-10	 1.000088E-2	 3.021292E-6
6.000004E-1	 4.342276E-10	 1.000095E-2	 2.967270E-6
8.000004E-1	 4.375615E-10	 1.000098E-2	 2.915316E-6
1.000000E+0	 4.597584E-10	 1.000093E-2	 2.865010E-6
1.200000E+0	 4.804367E-10	 1.000105E-2	 2.815816E-6
1.400000E+0	 4.694221E-10	 1.000103E-2	 2.768650E-6
1.600000E+0	 4.978229E-10	 1.000101E-2	 2.723184E-6
1.800000E+0	 4.929698E-10	 1.000108E-2	 2.682065E-6
2.000000E+0	 5.212862E-10	 1.000096E-2	 2.642827E-6
2.200000E+0	 5.182479E-10	 1.000080E-2	 2.604342E-6
2.400000E+0	 5.266876E-10	 1.000096E-2	 2.569834E-6
2.600000E+0	 5.377016E-10	 1.000097E-2	 2.537786E-6
2.800000E+0	 5.362251E-10	 1.000083E-2	 2.509677E-6
3.000000E+0	 5.657648E-10	 1.000091E-2	 2.484161E-6
3.200001E+0	 5.689293E-10	 1.000091E-2	 2.461531E-6
3.400000E+0	 5.731920E-10	 1.000070E-2	 2.442467E-6
3.600000E+0	 5.901138E-10	 1.000083E-2	 2.425726E-6
3.800000E+0	 5.939121E-10	 1.000095E-2	 2.412460E-6
4.000000E+0	 6.216375E-10	 1.000090E-2	 2.402292E-6
4.200000E+0	 6.227771E-10	 1.000099E-2	 2.394338E-6
4.400001E+0	 6.205405E-10	 1.000091E-2	 2.388708E-6
4.600000E+0	 6.450587E-10	 1.000089E-2	 2.385829E-6
4.800001E+0	 6.606305E-10	 1.000106E-2	 2.384355E-6
5.000000E+0	 6.597016E-10	 1.000083E-2	 2.386115E-6
5.200000E+0	 6.691128E-10	 1.000095E-2	 2.389392E-6
5.400001E+0	 6.892842E-10	 1.000094E-2	 2.394127E-6
5.600000E+0	 7.022817E-10	 1.000096E-2	 2.402547E-6
5.800001E+0	 7.134647E-10	 1.000094E-2	 2.412620E-6
6.000000E+0	 7.115650E-10	 1.000094E-2	 2.424193E-6
6.200000E+0	 7.344386E-10	 1.000090E-2	 2.438068E-6
6.400001E+0	 7.351555E-10	 1.000099E-2	 2.453256E-6
6.600000E+0	 7.537656E-10	 1.000097E-2	 2.470287E-6
6.800001E+0	 7.620368E-10	 1.000092E-2	 2.488644E-6
7.000000E+0	 7.802250E-10	 1.000101E-2	 2.508192E-6
7.200000E+0	 7.768063E-10	 1.000087E-2	 2.529305E-6
7.400001E+0	 7.921248E-10	 1.000098E-2	 2.552944E-6
7.600000E+0	 8.076131E-10	 1.000115E-2	 2.578584E-6
7.800001E+0	 8.047432E-10	 1.000103E-2	 2.605169E-6
8.000001E+0	 8.191755E-10	 1.000099E-2	 2.633384E-6
8.200001E+0	 8.319616E-10	 1.000101E-2	 2.664536E-6
8.400001E+0	 8.466902E-10	 1.000085E-2	 2.696916E-6
8.600000E+0	 8.452973E-10	 1.000097E-2	 2.731425E-6
8.800000E+0	 8.564806E-10	 1.000088E-2	 2.766818E-6
9.000001E+0	 8.728116E-10	 1.000101E-2	 2.803303E-6
9.200001E+0	 8.786357E-10	 1.000094E-2	 2.842179E-6
9.400001E+0	 8.976254E-10	 1.000092E-2	 2.880510E-6
9.600000E+0	 8.935740E-10	 1.000094E-2	 2.922436E-6
9.800000E+0	 9.134499E-10	 1.000087E-2	 2.964118E-6
1.000000E+1	 9.185563E-10	 1.000088E-2	 3.006128E-6
1.020000E+1	 9.385591E-10	 1.000101E-2	 3.049360E-6
1.040000E+1	 9.286425E-10	 1.000084E-2	 3.092369E-6
1.060000E+1	 9.500801E-10	 1.000106E-2	 3.136793E-6
1.080000E+1	 9.627400E-10	 1.000097E-2	 3.181527E-6
1.100000E+1	 9.693654E-10	 1.000098E-2	 3.224221E-6
1.120000E+1	 9.712218E-10	 1.000100E-2	 3.269166E-6
1.140000E+1	 1.006121E-9	 1.000100E-2	 3.313470E-6
1.160000E+1	 9.992003E-10	 1.000110E-2	 3.355316E-6
1.180000E+1	 1.002112E-9	 1.000096E-2	 3.405657E-6
1.200000E+1	 1.021103E-9	 1.000103E-2	 3.446737E-6
1.220000E+1	 1.037350E-9	 1.000107E-2	 3.489549E-6
1.240000E+1	 1.057352E-9	 1.000085E-2	 3.533227E-6
1.260000E+1	 1.059589E-9	 1.000098E-2	 3.575805E-6
1.280000E+1	 1.075034E-9	 1.000087E-2	 3.618326E-6
1.300000E+1	 1.076300E-9	 1.000097E-2	 3.660953E-6
1.320000E+1	 1.093096E-9	 1.000093E-2	 3.702726E-6
1.340000E+1	 1.109595E-9	 1.000097E-2	 3.745591E-6
1.360000E+1	 1.102971E-9	 1.000096E-2	 3.785638E-6
1.380000E+1	 1.117149E-9	 1.000103E-2	 3.827013E-6
1.400000E+1	 1.120778E-9	 1.000097E-2	 3.867600E-6
1.420000E+1	 1.140318E-9	 1.000091E-2	 3.908571E-6
1.440000E+1	 1.145931E-9	 1.000089E-2	 3.949287E-6
1.460000E+1	 1.156101E-9	 1.000105E-2	 3.987924E-6
1.480000E+1	 1.182643E-9	 1.000097E-2	 4.026792E-6
1.500000E+1	 1.180576E-9	 1.000093E-2	 4.066139E-6
1.520000E+1	 1.185893E-9	 1.000088E-2	 4.104004E-6
1.540000E+1	 1.201760E-9	 1.000083E-2	 4.143265E-6
1.560000E+1	 1.205684E-9	 1.000090E-2	 4.180687E-6
1.580000E+1	 1.223410E-9	 1.000089E-2	 4.218960E-6
1.600000E+1	 1.223916E-9	 1.000093E-2	 4.255802E-6
1.620000E+1	 1.238431E-9	 1.000097E-2	 4.292505E-6
1.640000E+1	 1.248137E-9	 1.000091E-2	 4.329311E-6
1.660000E+1	 1.257464E-9	 1.000086E-2	 4.364344E-6
1.680000E+1	 1.259068E-9	 1.000084E-2	 4.400749E-6
1.700000E+1	 1.274049E-9	 1.000091E-2	 4.435457E-6
1.720000E+1	 1.286330E-9	 1.000093E-2	 4.470581E-6
1.740000E+1	 1.303673E-9	 1.000095E-2	 4.505737E-6
1.760000E+1	 1.315320E-9	 1.000092E-2	 4.538715E-6
1.780000E+1	 1.306585E-9	 1.000076E-2	 4.572938E-6
1.800000E+1	 1.332285E-9	 1.000093E-2	 4.606527E-6
1.820000E+1	 1.336378E-9	 1.000096E-2	 4.638994E-6
1.840000E+1	 1.349249E-9	 1.000099E-2	 4.672346E-6
1.860000E+1	 1.363598E-9	 1.000097E-2	 4.703478E-6
1.880000E+1	 1.365581E-9	 1.000103E-2	 4.736438E-6
1.900000E+1	 1.389972E-9	 1.000090E-2	 4.768389E-6
1.920000E+1	 1.389677E-9	 1.000093E-2	 4.797964E-6
1.940000E+1	 1.393348E-9	 1.000083E-2	 4.834875E-6
1.960000E+1	 1.409680E-9	 1.000085E-2	 4.862852E-6
1.980000E+1	 1.437911E-9	 1.000091E-2	 4.893061E-6
2.000000E+1	 1.435084E-9	 1.000078E-2	 4.922626E-6
2.020000E+1	 1.448462E-9	 1.000088E-2	 4.951832E-6
2.040000E+1	 1.458716E-9	 1.000084E-2	 4.981624E-6
2.060000E+1	 1.468802E-9	 1.000097E-2	 5.010002E-6
2.080000E+1	 1.492138E-9	 1.000091E-2	 5.039140E-6
2.100000E+1	 1.484628E-9	 1.000095E-2	 5.067775E-6
2.120000E+1	 1.485007E-9	 1.000082E-2	 5.095357E-6
2.140000E+1	 1.510918E-9	 1.000090E-2	 5.124192E-6
2.160000E+1	 1.509313E-9	 1.000085E-2	 5.150750E-6
2.180000E+1	 1.522775E-9	 1.000095E-2	 5.178141E-6
2.200000E+1	 1.542355E-9	 1.000080E-2	 5.205866E-6
2.220000E+1	 1.534718E-9	 1.000101E-2	 5.231594E-6
2.240000E+1	 1.561093E-9	 1.000091E-2	 5.259230E-6
2.260000E+1	 1.559236E-9	 1.000089E-2	 5.284189E-6
2.280000E+1	 1.583291E-9	 1.000075E-2	 5.311098E-6
2.300000E+1	 1.592109E-9	 1.000097E-2	 5.336578E-6
2.320000E+1	 1.590421E-9	 1.000085E-2	 5.361927E-6
2.340000E+1	 1.606120E-9	 1.000112E-2	 5.387080E-6
2.360000E+1	 1.616586E-9	 1.000096E-2	 5.412833E-6
2.380000E+1	 1.621649E-9	 1.000091E-2	 5.436982E-6
2.400000E+1	 1.642074E-9	 1.000096E-2	 5.460843E-6
2.420000E+1	 1.648025E-9	 1.000091E-2	 5.484666E-6
2.440000E+1	 1.664483E-9	 1.000092E-2	 5.510063E-6
2.460000E+1	 1.668956E-9	 1.000076E-2	 5.533978E-6
2.480000E+1	 1.674991E-9	 1.000097E-2	 5.556975E-6
2.500000E+1	 1.690098E-9	 1.000093E-2	 5.580509E-6
2.480000E+1	 1.398370E-9	 1.000106E-2	 5.543067E-6
2.460000E+1	 1.302534E-9	 1.000098E-2	 5.507343E-6
2.440000E+1	 1.236828E-9	 1.000102E-2	 5.473848E-6
2.420000E+1	 1.174710E-9	 1.000089E-2	 5.439661E-6
2.400000E+1	 1.142005E-9	 1.000101E-2	 5.407919E-6
2.380000E+1	 1.100818E-9	 1.000093E-2	 5.375151E-6
2.360000E+1	 1.059167E-9	 1.000093E-2	 5.343076E-6
2.340000E+1	 1.030681E-9	 1.000093E-2	 5.309337E-6
2.320000E+1	 1.003758E-9	 1.000098E-2	 5.277958E-6
2.300000E+1	 9.680999E-10	 1.000115E-2	 5.245364E-6
2.280000E+1	 9.377995E-10	 1.000085E-2	 5.213469E-6
2.260000E+1	 9.058543E-10	 1.000102E-2	 5.180510E-6
2.240000E+1	 8.826444E-10	 1.000097E-2	 5.147988E-6
2.220000E+1	 8.570291E-10	 1.000092E-2	 5.115309E-6
2.200000E+1	 8.400224E-10	 1.000103E-2	 5.081958E-6
2.180000E+1	 8.186271E-10	 1.000095E-2	 5.048515E-6
2.160000E+1	 7.941504E-10	 1.000084E-2	 5.014269E-6
2.140000E+1	 7.780310E-10	 1.000091E-2	 4.980456E-6
2.120000E+1	 7.516980E-10	 1.000097E-2	 4.946051E-6
2.100000E+1	 7.262934E-10	 1.000093E-2	 4.911051E-6
2.080000E+1	 7.158702E-10	 1.000080E-2	 4.875996E-6
2.060000E+1	 6.844313E-10	 1.000095E-2	 4.839507E-6
2.040000E+1	 6.757380E-10	 1.000101E-2	 4.804949E-6
2.020000E+1	 6.575080E-10	 1.000096E-2	 4.768279E-6
2.000000E+1	 6.455226E-10	 1.000090E-2	 4.731819E-6
1.980000E+1	 6.243385E-10	 1.000101E-2	 4.695275E-6
1.960000E+1	 6.156451E-10	 1.000087E-2	 4.657367E-6
1.940000E+1	 5.975412E-10	 1.000108E-2	 4.620724E-6
1.920000E+1	 5.680860E-10	 1.000107E-2	 4.583057E-6
1.900000E+1	 5.659758E-10	 1.000108E-2	 4.545367E-6
1.880000E+1	 5.510796E-10	 1.000103E-2	 4.506366E-6
1.860000E+1	 5.329336E-10	 1.000097E-2	 4.467443E-6
1.840000E+1	 5.135634E-10	 1.000098E-2	 4.429433E-6
1.820000E+1	 4.950376E-10	 1.000104E-2	 4.388769E-6
1.800000E+1	 4.858806E-10	 1.000107E-2	 4.349698E-6
1.780000E+1	 4.754570E-10	 1.000109E-2	 4.308341E-6
1.760000E+1	 4.468880E-10	 1.000098E-2	 4.266267E-6
1.740000E+1	 4.373502E-10	 1.000092E-2	 4.225946E-6
1.720000E+1	 4.233403E-10	 1.000100E-2	 4.184151E-6
1.700000E+1	 4.059955E-10	 1.000102E-2	 4.143292E-6
1.680000E+1	 4.073464E-10	 1.000093E-2	 4.100319E-6
1.660000E+1	 3.813091E-10	 1.000104E-2	 4.057227E-6
1.640000E+1	 3.783550E-10	 1.000103E-2	 4.013879E-6
1.620000E+1	 3.705898E-10	 1.000111E-2	 3.970044E-6
1.600000E+1	 3.326099E-10	 1.000078E-2	 3.925737E-6
1.580000E+1	 3.394887E-10	 1.000090E-2	 3.881316E-6
1.560000E+1	 3.200770E-10	 1.000088E-2	 3.835873E-6
1.540000E+1	 3.158148E-10	 1.000090E-2	 3.791029E-6
1.520000E+1	 2.924359E-10	 1.000099E-2	 3.746038E-6
1.500000E+1	 2.845023E-10	 1.000101E-2	 3.699508E-6
1.480000E+1	 2.780036E-10	 1.000105E-2	 3.654075E-6
1.460000E+1	 2.581274E-10	 1.000084E-2	 3.606924E-6
1.440000E+1	 2.425977E-10	 1.000084E-2	 3.560281E-6
1.420000E+1	 2.335247E-10	 1.000084E-2	 3.513397E-6
1.400000E+1	 2.270682E-10	 1.000088E-2	 3.466577E-6
1.380000E+1	 2.117074E-10	 1.000078E-2	 3.420204E-6
1.360000E+1	 1.947852E-10	 1.000091E-2	 3.372417E-6
1.340000E+1	 1.904809E-10	 1.000107E-2	 3.325617E-6
1.320000E+1	 1.806903E-10	 1.000102E-2	 3.277331E-6
1.300000E+1	 1.668911E-10	 1.000087E-2	 3.230426E-6
1.280000E+1	 1.448205E-10	 1.000089E-2	 3.184251E-6
1.260000E+1	 1.470149E-10	 1.000096E-2	 3.137224E-6
1.240000E+1	 1.364225E-10	 1.000086E-2	 3.090776E-6
1.220000E+1	 1.161244E-10	 1.000100E-2	 3.044921E-6
1.200000E+1	 1.075578E-10	 1.000105E-2	 2.999540E-6
1.180000E+1	 9.599507E-11	 1.000108E-2	 2.954946E-6
1.160000E+1	 7.687845E-11	 1.000088E-2	 2.910711E-6
1.140000E+1	 7.350251E-11	 1.000101E-2	 2.867679E-6
1.120000E+1	 4.822479E-11	 1.000095E-2	 2.824517E-6
1.100000E+1	 5.164277E-11	 1.000110E-2	 2.782738E-6
1.080000E+1	 3.100718E-11	 1.000106E-2	 2.742849E-6
1.060000E+1	 2.087926E-11	 1.000100E-2	 2.703220E-6
1.040000E+1	 1.467576E-11	 1.000096E-2	 2.665199E-6
1.020000E+1	 9.021006E-12	 1.000104E-2	 2.629298E-6
1.000000E+1	 -6.297504E-12	 1.000092E-2	 2.595184E-6
9.800000E+0	 -1.781815E-11	 1.000107E-2	 2.562589E-6
9.600000E+0	 -3.769428E-11	 1.000091E-2	 2.532546E-6
9.400001E+0	 -5.427894E-11	 1.000094E-2	 2.503694E-6
9.200001E+0	 -6.423813E-11	 1.000093E-2	 2.476383E-6
9.000001E+0	 -6.571518E-11	 1.000096E-2	 2.452413E-6
8.800000E+0	 -7.183408E-11	 1.000101E-2	 2.430477E-6
8.600000E+0	 -9.238556E-11	 1.000091E-2	 2.410666E-6
8.400001E+0	 -1.018805E-10	 1.000100E-2	 2.392245E-6
8.200001E+0	 -1.146249E-10	 1.000099E-2	 2.377335E-6
8.000001E+0	 -1.176211E-10	 1.000101E-2	 2.364636E-6
7.800001E+0	 -1.299435E-10	 1.000105E-2	 2.353305E-6
7.600000E+0	 -1.452199E-10	 1.000087E-2	 2.344487E-6
7.400001E+0	 -1.391430E-10	 1.000090E-2	 2.337385E-6
7.200000E+0	 -1.721012E-10	 1.000081E-2	 2.332118E-6
7.000000E+0	 -1.706242E-10	 1.000087E-2	 2.329107E-6
6.800001E+0	 -1.822714E-10	 1.000092E-2	 2.328059E-6
6.600000E+0	 -1.935812E-10	 1.000104E-2	 2.328431E-6
6.400001E+0	 -2.167925E-10	 1.000103E-2	 2.330641E-6
6.200000E+0	 -2.093649E-10	 1.000089E-2	 2.334485E-6
6.000000E+0	 -2.375139E-10	 1.000092E-2	 2.340128E-6
5.800001E+0	 -2.313102E-10	 1.000100E-2	 2.347648E-6
5.600000E+0	 -2.582353E-10	 1.000107E-2	 2.356404E-6
5.400001E+0	 -2.657896E-10	 1.000091E-2	 2.366898E-6
5.200000E+0	 -2.596280E-10	 1.000084E-2	 2.378312E-6
5.000000E+0	 -2.776907E-10	 1.000103E-2	 2.390997E-6
4.800001E+0	 -2.916175E-10	 1.000097E-2	 2.405186E-6
4.600000E+0	 -3.020837E-10	 1.000094E-2	 2.420039E-6
4.400001E+0	 -3.277428E-10	 1.000085E-2	 2.435629E-6
4.200000E+0	 -3.325539E-10	 1.000096E-2	 2.452365E-6
4.000000E+0	 -3.225941E-10	 1.000094E-2	 2.467347E-6
3.800000E+0	 -3.442019E-10	 1.000089E-2	 2.485573E-6
3.600000E+0	 -3.645435E-10	 1.000102E-2	 2.502870E-6
3.400000E+0	 -3.850116E-10	 1.000095E-2	 2.521602E-6
3.200001E+0	 -3.820996E-10	 1.000096E-2	 2.541189E-6
3.000000E+0	 -4.039605E-10	 1.000098E-2	 2.561157E-6
2.800000E+0	 -3.832813E-10	 1.000101E-2	 2.580839E-6
2.600000E+0	 -4.134560E-10	 1.000099E-2	 2.600894E-6
2.400000E+0	 -4.228249E-10	 1.000090E-2	 2.622077E-6
2.200000E+0	 -4.304636E-10	 1.000107E-2	 2.642873E-6
2.000000E+0	 -4.516492E-10	 1.000091E-2	 2.664496E-6
1.800000E+0	 -4.567978E-10	 1.000099E-2	 2.686879E-6
1.600000E+0	 -4.608495E-10	 1.000086E-2	 2.709321E-6
1.400000E+0	 -4.900959E-10	 1.000103E-2	 2.732396E-6
1.200000E+0	 -5.124631E-10	 1.000082E-2	 2.756939E-6
1.000000E+0	 -5.296816E-10	 1.000084E-2	 2.784545E-6
8.000004E-1	 -5.368983E-10	 1.000086E-2	 2.821452E-6
6.000004E-1	 -5.621773E-10	 1.000091E-2	 2.891324E-6
4.000004E-1	 -5.935762E-10	 1.000082E-2	 3.099523E-6
2.000004E-1	 -5.855578E-10	 1.000094E-2	 3.521232E-6
3.725290E-7	 -5.723906E-10	 1.000108E-2	 3.538959E-6
-1.999996E-1	 -5.515002E-10	 1.000087E-2	 3.556134E-6
-3.999996E-1	 -5.731924E-10	 1.000087E-2	 3.572544E-6
-5.999997E-1	 -5.818437E-10	 1.000081E-2	 3.589674E-6
-7.999997E-1	 -5.958126E-10	 1.000072E-2	 3.608538E-6
-9.999996E-1	 -6.032826E-10	 1.000094E-2	 3.625904E-6
-1.200000E+0	 -6.808505E-10	 1.000086E-2	 3.643187E-6
-1.400000E+0	 -8.256472E-10	 1.000094E-2	 3.659917E-6
-1.600000E+0	 -8.139993E-10	 1.000093E-2	 3.677137E-6
-1.800000E+0	 -8.162782E-10	 1.000091E-2	 3.694352E-6
-2.000000E+0	 -8.013806E-10	 1.000103E-2	 3.711290E-6
-2.200000E+0	 -5.476176E-10	 1.000085E-2	 3.727453E-6
-2.400000E+0	 -6.770525E-10	 1.000089E-2	 3.743031E-6
-2.600000E+0	 -6.832986E-10	 1.000089E-2	 3.759247E-6
-2.800000E+0	 -6.875608E-10	 1.000091E-2	 3.774711E-6
-3.000000E+0	 -6.924984E-10	 1.000101E-2	 3.790440E-6
-3.200000E+0	 -7.116584E-10	 1.000097E-2	 3.805122E-6
-3.400000E+0	 -7.092107E-10	 1.000091E-2	 3.822503E-6
-3.600000E+0	 -7.417911E-10	 1.000092E-2	 3.845908E-6
-3.800000E+0	 -8.005364E-10	 1.000097E-2	 3.907218E-6
-4.000000E+0	 -1.112498E-9	 1.000074E-2	 4.160375E-6
-4.200000E+0	 -2.221197E-9	 1.000098E-2	 4.735850E-6
-4.400000E+0	 -8.079219E-10	 1.000079E-2	 4.764508E-6
-4.600000E+0	 -7.947126E-10	 1.000080E-2	 4.802644E-6
-4.800000E+0	 -8.003258E-10	 1.000072E-2	 4.844566E-6
-5.000000E+0	 -8.114672E-10	 1.000095E-2	 4.887809E-6
-5.200000E+0	 -8.221445E-10	 1.000096E-2	 4.929943E-6
-5.400000E+0	 -8.159404E-10	 1.000085E-2	 4.979958E-6
-5.600000E+0	 -8.356914E-10	 1.000090E-2	 5.023430E-6
-5.800000E+0	 -8.678074E-10	 1.000093E-2	 5.066367E-6
-6.000000E+0	 -8.779357E-10	 1.000095E-2	 5.111138E-6
-6.200000E+0	 -8.854479E-10	 1.000100E-2	 5.156105E-6
-6.400000E+0	 -8.929181E-10	 1.000084E-2	 5.199190E-6
-6.600000E+0	 -8.985729E-10	 1.000097E-2	 5.245097E-6
-6.800000E+0	 -9.019912E-10	 1.000081E-2	 5.287131E-6
-7.000000E+0	 -9.264688E-10	 1.000076E-2	 5.330614E-6
-7.200000E+0	 -9.168047E-10	 1.000083E-2	 5.377558E-6
-7.400000E+0	 -9.238521E-10	 1.000127E-2	 5.419035E-6
-7.600000E+0	 -9.632695E-10	 1.000086E-2	 5.460884E-6
-7.800000E+0	 -9.725543E-10	 1.000090E-2	 5.502196E-6
-8.000000E+0	 -9.787574E-10	 1.000080E-2	 5.546125E-6
-8.200000E+0	 -9.908695E-10	 1.000102E-2	 5.588201E-6
-8.400000E+0	 -1.005472E-9	 1.000096E-2	 5.629326E-6
-8.599999E+0	 -9.980441E-10	 1.000104E-2	 5.671293E-6
-8.800000E+0	 -1.013997E-9	 1.000105E-2	 5.711529E-6
-9.000000E+0	 -1.024758E-9	 1.000064E-2	 5.752648E-6
-9.200000E+0	 -1.024083E-9	 1.000097E-2	 5.793308E-6
-9.400000E+0	 -1.044340E-9	 1.000088E-2	 5.832814E-6
-9.599999E+0	 -1.064259E-9	 1.000102E-2	 5.872819E-6
-9.800000E+0	 -1.080466E-9	 1.000098E-2	 5.914308E-6
-1.000000E+1	 -1.067678E-9	 1.000104E-2	 5.954199E-6
-1.020000E+1	 -1.091945E-9	 1.000093E-2	 5.994125E-6
-1.040000E+1	 -1.095785E-9	 1.000045E-2	 6.032183E-6
-1.060000E+1	 -1.100174E-9	 1.000108E-2	 6.074078E-6
-1.080000E+1	 -1.111738E-9	 1.000094E-2	 6.112670E-6
-1.100000E+1	 -1.124736E-9	 1.000083E-2	 6.150906E-6
-1.120000E+1	 -1.129631E-9	 1.000122E-2	 6.188001E-6
-1.140000E+1	 -1.141068E-9	 1.000092E-2	 6.226345E-6
-1.160000E+1	 -1.166348E-9	 1.000114E-2	 6.263864E-6
-1.180000E+1	 -1.154827E-9	 1.000087E-2	 6.301600E-6
-1.200000E+1	 -1.190614E-9	 1.000107E-2	 6.336121E-6
-1.220000E+1	 -1.176940E-9	 1.000100E-2	 6.372351E-6
-1.240000E+1	 -1.192851E-9	 1.000079E-2	 6.410077E-6
-1.260000E+1	 -1.206103E-9	 1.000093E-2	 6.445102E-6
-1.280000E+1	 -1.216147E-9	 1.000080E-2	 6.482455E-6
-1.300000E+1	 -1.239358E-9	 1.000092E-2	 6.517216E-6
-1.320000E+1	 -1.236108E-9	 1.000108E-2	 6.553457E-6
-1.340000E+1	 -1.254719E-9	 1.000099E-2	 6.588933E-6
-1.360000E+1	 -1.253791E-9	 1.000103E-2	 6.622616E-6
-1.380000E+1	 -1.261810E-9	 1.000099E-2	 6.658060E-6
-1.400000E+1	 -1.267886E-9	 1.000089E-2	 6.692609E-6
-1.420000E+1	 -1.284557E-9	 1.000101E-2	 6.726146E-6
-1.440000E+1	 -1.303464E-9	 1.000095E-2	 6.760111E-6
-1.460000E+1	 -1.306038E-9	 1.000104E-2	 6.794722E-6
-1.480000E+1	 -1.337352E-9	 1.000095E-2	 6.828745E-6
-1.500000E+1	 -1.334398E-9	 1.000094E-2	 6.860304E-6
-1.520000E+1	 -1.323256E-9	 1.000081E-2	 6.894779E-6
-1.540000E+1	 -1.359720E-9	 1.000098E-2	 6.928052E-6
-1.560000E+1	 -1.364784E-9	 1.000090E-2	 6.958672E-6
-1.580000E+1	 -1.367611E-9	 1.000095E-2	 6.991984E-6
-1.600000E+1	 -1.388206E-9	 1.000100E-2	 7.024224E-6
-1.620000E+1	 -1.399221E-9	 1.000099E-2	 7.054822E-6
-1.640000E+1	 -1.411037E-9	 1.000091E-2	 7.087967E-6
-1.660000E+1	 -1.414920E-9	 1.000093E-2	 7.118617E-6
-1.680000E+1	 -1.431885E-9	 1.000080E-2	 7.150123E-6
-1.700000E+1	 -1.431295E-9	 1.000080E-2	 7.180653E-6
-1.720000E+1	 -1.448049E-9	 1.000085E-2	 7.212532E-6
-1.740000E+1	 -1.450454E-9	 1.000107E-2	 7.243974E-6
-1.760000E+1	 -1.471471E-9	 1.000082E-2	 7.274889E-6
-1.780000E+1	 -1.476156E-9	 1.000089E-2	 7.304656E-6
-1.800000E+1	 -1.482360E-9	 1.000093E-2	 7.335072E-6
-1.820000E+1	 -1.494092E-9	 1.000092E-2	 7.363548E-6
-1.840000E+1	 -1.504177E-9	 1.000100E-2	 7.395073E-6
-1.860000E+1	 -1.514686E-9	 1.000088E-2	 7.423990E-6
-1.880000E+1	 -1.538278E-9	 1.000058E-2	 7.454332E-6
-1.900000E+1	 -1.533424E-9	 1.000126E-2	 7.482984E-6
-1.920000E+1	 -1.542288E-9	 1.000085E-2	 7.512204E-6
-1.940000E+1	 -1.561827E-9	 1.000097E-2	 7.540265E-6
-1.960000E+1	 -1.559041E-9	 1.000090E-2	 7.567146E-6
-1.980000E+1	 -1.584277E-9	 1.000092E-2	 7.595030E-6
-2.000000E+1	 -1.591875E-9	 1.000083E-2	 7.623953E-6
-2.020000E+1	 -1.593436E-9	 1.000076E-2	 7.651449E-6
-2.040000E+1	 -1.605127E-9	 1.000080E-2	 7.680911E-6
-2.060000E+1	 -1.613398E-9	 1.000069E-2	 7.709252E-6
-2.080000E+1	 -1.626186E-9	 1.000092E-2	 7.735182E-6
-2.100000E+1	 -1.633487E-9	 1.000084E-2	 7.764869E-6
-2.120000E+1	 -1.655009E-9	 1.000103E-2	 7.791572E-6
-2.140000E+1	 -1.670371E-9	 1.000114E-2	 7.817505E-6
-2.160000E+1	 -1.676744E-9	 1.000089E-2	 7.845299E-6
-2.180000E+1	 -1.690712E-9	 1.000101E-2	 7.872291E-6
-2.200000E+1	 -1.699238E-9	 1.000091E-2	 7.899243E-6
-2.220000E+1	 -1.710885E-9	 1.000088E-2	 7.924454E-6
-2.240000E+1	 -1.723799E-9	 1.000088E-2	 7.949016E-6
-2.260000E+1	 -1.735236E-9	 1.000088E-2	 7.975815E-6
-2.280000E+1	 -1.736840E-9	 1.000077E-2	 8.000344E-6
-2.300000E+1	 -1.757814E-9	 1.000097E-2	 8.025686E-6
-2.320000E+1	 -1.752919E-9	 1.000081E-2	 8.050391E-6
-2.340000E+1	 -1.759503E-9	 1.000097E-2	 8.077292E-6
-2.360000E+1	 -1.780899E-9	 1.000084E-2	 8.101561E-6
-2.380000E+1	 -1.803942E-9	 1.000082E-2	 8.124960E-6
-2.400000E+1	 -1.804364E-9	 1.000092E-2	 8.150107E-6
-2.420000E+1	 -1.827702E-9	 1.000090E-2	 8.174357E-6
-2.440000E+1	 -1.818332E-9	 1.000091E-2	 8.198354E-6
-2.460000E+1	 -1.831585E-9	 1.000091E-2	 8.221718E-6
-2.480000E+1	 -1.846355E-9	 1.000092E-2	 8.246712E-6
-2.500000E+1	 -1.865979E-9	 1.000089E-2	 8.269870E-6
