-1.000000E+1	 -1.015409E-9	 1.000015E-2	 5.466015E-6
-9.800000E+0	 -8.562860E-10	 1.000012E-2	 5.429858E-6
-9.600000E+0	 -7.373445E-10	 1.000004E-2	 5.393572E-6
-9.400000E+0	 -6.660553E-10	 1.000001E-2	 5.356802E-6
-9.200000E+0	 -6.129580E-10	 1.000015E-2	 5.319501E-6
-9.000000E+0	 -5.502372E-10	 1.000003E-2	 5.283397E-6
-8.800000E+0	 -5.115750E-10	 1.000002E-2	 5.247105E-6
-8.600000E+0	 -4.711821E-10	 1.000018E-2	 5.208664E-6
-8.400000E+0	 -4.295651E-10	 9.999959E-3	 5.170971E-6
-8.200000E+0	 -4.003996E-10	 1.000000E-2	 5.131896E-6
-8.000000E+0	 -3.658313E-10	 1.000020E-2	 5.091837E-6
-7.800000E+0	 -3.340068E-10	 9.999992E-3	 5.052834E-6
-7.600000E+0	 -3.270003E-10	 9.999930E-3	 5.010875E-6
-7.400000E+0	 -2.934029E-10	 1.000007E-2	 4.971140E-6
-7.200000E+0	 -2.601431E-10	 1.000018E-2	 4.930892E-6
-7.000000E+0	 -2.254906E-10	 1.000002E-2	 4.888083E-6
-6.800000E+0	 -2.142211E-10	 1.000005E-2	 4.845695E-6
-6.600000E+0	 -1.897407E-10	 1.000009E-2	 4.803342E-6
-6.400000E+0	 -1.750954E-10	 1.000009E-2	 4.759424E-6
-6.200000E+0	 -1.512495E-10	 1.000014E-2	 4.715124E-6
-6.000000E+0	 -1.294294E-10	 9.999849E-3	 4.669654E-6
-5.800000E+0	 -1.114499E-10	 9.999955E-3	 4.623683E-6
-5.600000E+0	 -9.473668E-11	 1.000009E-2	 4.577937E-6
-5.400000E+0	 -7.460484E-11	 1.000004E-2	 4.530269E-6
-5.200000E+0	 -5.476840E-11	 1.000005E-2	 4.481298E-6
-5.000000E+0	 -4.945051E-11	 1.000004E-2	 4.432893E-6
-4.800000E+0	 -2.298779E-11	 1.000002E-2	 4.382061E-6
-4.600000E+0	 -6.063580E-12	 1.000018E-2	 4.331118E-6
-4.400000E+0	 -8.724688E-13	 1.000016E-2	 4.281198E-6
-4.200000E+0	 1.647391E-11	 1.000013E-2	 4.227475E-6
-4.000000E+0	 2.073655E-11	 1.000003E-2	 4.172507E-6
-3.800000E+0	 3.495976E-11	 1.000009E-2	 4.119476E-6
-3.600000E+0	 6.927262E-11	 1.000025E-2	 4.065812E-6
-3.400000E+0	 8.383338E-11	 9.999912E-3	 4.010393E-6
-3.200000E+0	 8.877130E-11	 1.000001E-2	 3.954521E-6
-3.000000E+0	 1.010107E-10	 1.000005E-2	 3.896927E-6
-2.800000E+0	 1.195390E-10	 9.999861E-3	 3.839615E-6
-2.600000E+0	 1.267559E-10	 1.000012E-2	 3.781125E-6
-2.400000E+0	 1.470146E-10	 1.000012E-2	 3.722591E-6
-2.200000E+0	 1.554553E-10	 9.999933E-3	 3.661718E-6
-2.000000E+0	 1.678638E-10	 1.000012E-2	 3.601129E-6
-1.800000E+0	 1.755028E-10	 1.000007E-2	 3.539475E-6
-1.600000E+0	 1.901904E-10	 1.000009E-2	 3.477315E-6
-1.400000E+0	 2.008256E-10	 9.999964E-3	 3.415419E-6
-1.200000E+0	 2.141628E-10	 1.000007E-2	 3.352185E-6
-9.999999E-1	 2.185521E-10	 1.000003E-2	 3.289063E-6
-7.999998E-1	 2.337036E-10	 1.000001E-2	 3.224971E-6
-5.999998E-1	 2.477159E-10	 9.999963E-3	 3.161171E-6
-3.999999E-1	 2.538777E-10	 1.000011E-2	 3.095884E-6
-1.999999E-1	 2.646822E-10	 1.000013E-2	 3.030576E-6
1.490116E-7	 2.678897E-10	 1.000012E-2	 2.965461E-6
2.000002E-1	 2.787789E-10	 1.000012E-2	 2.901040E-6
4.000002E-1	 2.884440E-10	 1.000016E-2	 2.835908E-6
6.000001E-1	 2.986154E-10	 1.000016E-2	 2.769762E-6
8.000002E-1	 3.084492E-10	 1.000018E-2	 2.704538E-6
1.000000E+0	 3.149485E-10	 1.000022E-2	 2.640181E-6
1.200000E+0	 3.281591E-10	 1.000010E-2	 2.576128E-6
1.400000E+0	 3.406094E-10	 1.000018E-2	 2.513326E-6
1.600000E+0	 3.579555E-10	 1.000016E-2	 2.451103E-6
1.800000E+0	 3.670719E-10	 1.000017E-2	 2.390657E-6
2.000000E+0	 3.792690E-10	 9.999977E-3	 2.331199E-6
2.200000E+0	 3.898205E-10	 1.000023E-2	 2.273066E-6
2.400000E+0	 3.976705E-10	 1.000031E-2	 2.218532E-6
2.600000E+0	 4.122732E-10	 1.000028E-2	 2.165568E-6
2.800000E+0	 4.141303E-10	 1.000036E-2	 2.112063E-6
3.000000E+0	 4.398331E-10	 9.999970E-3	 2.063974E-6
3.200000E+0	 4.526635E-10	 1.000008E-2	 2.018713E-6
3.400000E+0	 4.609360E-10	 9.999993E-3	 1.975874E-6
3.600000E+0	 4.692080E-10	 9.999919E-3	 1.935993E-6
3.800000E+0	 4.771006E-10	 1.000008E-2	 1.899119E-6
4.000000E+0	 4.858369E-10	 1.000018E-2	 1.865328E-6
4.200000E+0	 4.960925E-10	 1.000017E-2	 1.834310E-6
4.400000E+0	 5.073190E-10	 1.000028E-2	 1.806141E-6
4.600000E+0	 5.182504E-10	 1.000013E-2	 1.780854E-6
4.800000E+0	 5.219642E-10	 9.999932E-3	 1.759135E-6
5.000000E+0	 5.382553E-10	 1.000012E-2	 1.740004E-6
5.200000E+0	 5.487218E-10	 1.000018E-2	 1.724013E-6
5.400000E+0	 5.543777E-10	 1.000014E-2	 1.710515E-6
5.600000E+0	 5.587242E-10	 1.000026E-2	 1.699594E-6
5.800000E+0	 5.798693E-10	 1.000004E-2	 1.690937E-6
6.000000E+0	 5.841321E-10	 1.000038E-2	 1.684497E-6
6.200000E+0	 5.895348E-10	 1.000018E-2	 1.679514E-6
6.400000E+0	 6.003383E-10	 1.000017E-2	 1.676805E-6
6.600000E+0	 6.170516E-10	 1.000010E-2	 1.675983E-6
6.800000E+0	 6.161657E-10	 1.000037E-2	 1.676698E-6
7.000000E+0	 6.360020E-10	 1.000004E-2	 1.678811E-6
7.200000E+0	 6.399692E-10	 1.000011E-2	 1.682581E-6
7.400000E+0	 6.468063E-10	 1.000001E-2	 1.688532E-6
7.600000E+0	 6.566822E-10	 1.000029E-2	 1.695363E-6
7.800000E+0	 6.634354E-10	 1.000033E-2	 1.704387E-6
8.000000E+0	 6.820899E-10	 1.000007E-2	 1.714542E-6
8.200000E+0	 6.807391E-10	 1.000018E-2	 1.726486E-6
8.400001E+0	 7.011658E-10	 1.000027E-2	 1.739435E-6
8.600000E+0	 7.055132E-10	 1.000014E-2	 1.754357E-6
8.800000E+0	 7.169507E-10	 1.000017E-2	 1.770738E-6
9.000000E+0	 7.318066E-10	 1.000016E-2	 1.787959E-6
9.200001E+0	 7.310046E-10	 1.000011E-2	 1.806796E-6
9.400001E+0	 7.492800E-10	 1.000001E-2	 1.826508E-6
9.600000E+0	 7.522339E-10	 1.000015E-2	 1.847747E-6
9.800000E+0	 7.655286E-10	 1.000019E-2	 1.869890E-6
1.000000E+1	 7.726190E-10	 1.000008E-2	 1.892840E-6
9.800000E+0	 4.807290E-10	 1.000018E-2	 1.860637E-6
9.600000E+0	 3.984291E-10	 1.000012E-2	 1.831764E-6
9.400001E+0	 3.373581E-10	 1.000020E-2	 1.806648E-6
9.200001E+0	 2.894555E-10	 1.000026E-2	 1.783886E-6
9.000000E+0	 2.408354E-10	 1.000020E-2	 1.763578E-6
8.800000E+0	 2.096878E-10	 1.000027E-2	 1.745668E-6
8.600000E+0	 1.766835E-10	 1.000013E-2	 1.729942E-6
8.400001E+0	 1.493766E-10	 1.000014E-2	 1.717456E-6
8.200000E+0	 1.262905E-10	 1.000013E-2	 1.706958E-6
8.000000E+0	 9.721141E-11	 1.000017E-2	 1.698606E-6
7.800000E+0	 7.264792E-11	 1.000022E-2	 1.692474E-6
7.600000E+0	 4.652304E-11	 1.000018E-2	 1.688297E-6
7.400000E+0	 2.731979E-11	 1.000014E-2	 1.686230E-6
7.200000E+0	 1.267450E-11	 1.000020E-2	 1.686585E-6
7.000000E+0	 -1.226852E-11	 1.000013E-2	 1.688786E-6
6.800000E+0	 -2.653386E-11	 1.000012E-2	 1.692964E-6
6.600000E+0	 -4.928238E-11	 9.999994E-3	 1.699183E-6
6.400000E+0	 -6.683971E-11	 1.000023E-2	 1.706966E-6
6.200000E+0	 -8.616960E-11	 1.000029E-2	 1.716081E-6
6.000000E+0	 -9.921095E-11	 1.000014E-2	 1.728188E-6
5.800000E+0	 -1.189207E-10	 1.000014E-2	 1.746579E-6
5.600000E+0	 -1.352118E-10	 1.000008E-2	 1.773906E-6
5.400000E+0	 -1.468182E-10	 1.000020E-2	 1.795725E-6
5.200000E+0	 -1.597329E-10	 1.000003E-2	 1.820977E-6
5.000000E+0	 -1.809198E-10	 1.000015E-2	 1.848494E-6
4.800000E+0	 -1.918932E-10	 1.000022E-2	 1.879171E-6
4.600000E+0	 -2.048931E-10	 1.000022E-2	 1.912763E-6
4.400000E+0	 -2.247728E-10	 1.000019E-2	 1.949117E-6
4.200000E+0	 -2.304708E-10	 1.000018E-2	 1.987539E-6
4.000000E+0	 -2.538116E-10	 1.000011E-2	 2.029446E-6
3.800000E+0	 -2.627174E-10	 1.000019E-2	 2.072027E-6
3.600000E+0	 -2.614511E-10	 9.999888E-3	 2.120315E-6
3.400000E+0	 -2.846230E-10	 1.000031E-2	 2.167705E-6
3.200000E+0	 -3.034476E-10	 9.999968E-3	 2.215759E-6
3.000000E+0	 -3.171650E-10	 1.000022E-2	 2.265920E-6
2.800000E+0	 -3.206261E-10	 9.999990E-3	 2.318006E-6
2.600000E+0	 -3.403791E-10	 1.000015E-2	 2.370907E-6
2.400000E+0	 -3.485673E-10	 1.000017E-2	 2.426010E-6
2.200000E+0	 -3.565867E-10	 1.000015E-2	 2.481467E-6
2.000000E+0	 -3.750315E-10	 1.000030E-2	 2.537717E-6
1.800000E+0	 -3.836418E-10	 1.000008E-2	 2.593940E-6
1.600000E+0	 -3.975703E-10	 1.000017E-2	 2.651317E-6
1.400000E+0	 -4.004825E-10	 1.000011E-2	 2.709375E-6
1.200000E+0	 -4.158039E-10	 1.000006E-2	 2.767545E-6
1.000000E+0	 -4.263135E-10	 1.000006E-2	 2.825956E-6
8.000002E-1	 -4.391446E-10	 9.999898E-3	 2.884882E-6
6.000001E-1	 -3.428270E-10	 1.000008E-2	 2.944404E-6
4.000002E-1	 -4.708845E-10	 9.999961E-3	 3.001947E-6
2.000002E-1	 -4.745566E-10	 1.000007E-2	 3.060777E-6
1.490116E-7	 -4.713909E-10	 1.000004E-2	 3.120212E-6
-1.999999E-1	 -4.816474E-10	 1.000004E-2	 3.179106E-6
-3.999999E-1	 -4.997541E-10	 9.999996E-3	 3.238081E-6
-5.999998E-1	 -5.144845E-10	 9.999961E-3	 3.296097E-6
-7.999998E-1	 -5.234747E-10	 1.000011E-2	 3.355299E-6
-9.999999E-1	 -5.351241E-10	 1.000002E-2	 3.413345E-6
-1.200000E+0	 -5.455915E-10	 9.999814E-3	 3.472125E-6
-1.400000E+0	 -5.618833E-10	 9.999981E-3	 3.530558E-6
-1.600000E+0	 -5.744190E-10	 1.000014E-2	 3.588972E-6
-1.800000E+0	 -5.789771E-10	 1.000002E-2	 3.646385E-6
-2.000000E+0	 -5.891073E-10	 1.000002E-2	 3.702760E-6
-2.200000E+0	 -6.020226E-10	 1.000011E-2	 3.760008E-6
-2.400000E+0	 -6.105063E-10	 1.000006E-2	 3.815556E-6
-2.600000E+0	 -6.167106E-10	 9.999921E-3	 3.870237E-6
-2.800000E+0	 -6.330450E-10	 1.000022E-2	 3.924522E-6
-3.000000E+0	 -6.443565E-10	 1.000012E-2	 3.977427E-6
-3.200000E+0	 -6.431325E-10	 9.999967E-3	 4.030175E-6
-3.400000E+0	 -6.679078E-10	 9.999951E-3	 4.082730E-6
-3.600000E+0	 -6.680346E-10	 9.999795E-3	 4.133584E-6
-3.800000E+0	 -6.886319E-10	 1.000012E-2	 4.185848E-6
-4.000000E+0	 -6.904889E-10	 9.999963E-3	 4.236259E-6
-4.200000E+0	 -6.969468E-10	 1.000002E-2	 4.284895E-6
-4.400000E+0	 -7.121837E-10	 1.000013E-2	 4.333410E-6
-4.600000E+0	 -7.145896E-10	 1.000001E-2	 4.381345E-6
-4.800000E+0	 -7.335823E-10	 1.000001E-2	 4.426931E-6
-5.000000E+0	 -7.404626E-10	 1.000001E-2	 4.475785E-6
-5.200000E+0	 -7.483972E-10	 9.999886E-3	 4.522194E-6
-5.400000E+0	 -7.639721E-10	 1.000011E-2	 4.567551E-6
-5.600000E+0	 -7.640140E-10	 1.000006E-2	 4.611711E-6
-5.800000E+0	 -7.770561E-10	 1.000022E-2	 4.654951E-6
-6.000000E+0	 -7.855395E-10	 1.000007E-2	 4.699044E-6
-6.200000E+0	 -7.968934E-10	 1.000006E-2	 4.742195E-6
-6.400000E+0	 -8.050816E-10	 9.999805E-3	 4.785205E-6
-6.600000E+0	 -8.143251E-10	 1.000008E-2	 4.825883E-6
-6.800000E+0	 -8.236529E-10	 9.999918E-3	 4.867140E-6
-7.000000E+0	 -8.377501E-10	 9.999901E-3	 4.908385E-6
-7.200000E+0	 -8.377076E-10	 1.000013E-2	 4.948938E-6
-7.400000E+0	 -8.609221E-10	 1.000013E-2	 4.988883E-6
-7.600000E+0	 -8.602883E-10	 9.999921E-3	 5.027826E-6
-7.800000E+0	 -8.742592E-10	 1.000001E-2	 5.067563E-6
-8.000000E+0	 -8.806746E-10	 1.000010E-2	 5.104248E-6
-8.200000E+0	 -8.967561E-10	 9.999992E-3	 5.142944E-6
-8.400000E+0	 -9.047328E-10	 1.000001E-2	 5.180092E-6
-8.600000E+0	 -9.132584E-10	 1.000011E-2	 5.216844E-6
-8.800000E+0	 -9.213201E-10	 9.999835E-3	 5.253325E-6
-9.000000E+0	 -9.285376E-10	 1.000001E-2	 5.289064E-6
-9.200000E+0	 -9.414107E-10	 9.999818E-3	 5.325789E-6
-9.400000E+0	 -9.455896E-10	 1.000000E-2	 5.360923E-6
-9.600000E+0	 -9.593062E-10	 9.999854E-3	 5.396547E-6
-9.800000E+0	 -9.650051E-10	 1.000009E-2	 5.431293E-6
-1.000000E+1	 -9.785532E-10	 9.999785E-3	 5.465499E-6
-9.800000E+0	 -7.308640E-10	 9.999937E-3	 5.426475E-6
-9.600000E+0	 -6.233650E-10	 9.999926E-3	 5.390151E-6
-9.400000E+0	 -5.762210E-10	 9.999830E-3	 5.353669E-6
-9.200000E+0	 -5.278529E-10	 9.999816E-3	 5.317334E-6
-9.000000E+0	 -4.808354E-10	 1.000001E-2	 5.280090E-6
-8.800000E+0	 -4.478303E-10	 9.999897E-3	 5.242969E-6
-8.600000E+0	 -4.036406E-10	 9.999819E-3	 5.204656E-6
-8.400000E+0	 -3.830864E-10	 9.999743E-3	 5.167320E-6
-8.200000E+0	 -3.469158E-10	 9.999914E-3	 5.129481E-6
-8.000000E+0	 -3.218454E-10	 9.999911E-3	 5.090734E-6
-7.800000E+0	 -2.890936E-10	 9.999818E-3	 5.050436E-6
-7.600000E+0	 -2.655848E-10	 9.999911E-3	 5.009963E-6
-7.400000E+0	 -2.414008E-10	 9.999885E-3	 4.969254E-6
-7.200000E+0	 -2.267975E-10	 9.999838E-3	 4.928277E-6
-7.000000E+0	 -2.014317E-10	 9.999880E-3	 4.885897E-6
-6.800000E+0	 -1.821441E-10	 9.999732E-3	 4.843077E-6
-6.600000E+0	 -1.754759E-10	 9.999968E-3	 4.798709E-6
-6.400000E+0	 -1.504071E-10	 9.999826E-3	 4.754585E-6
-6.200000E+0	 -1.177416E-10	 9.999776E-3	 4.710257E-6
-6.000000E+0	 -1.028016E-10	 9.999779E-3	 4.665487E-6
-5.800000E+0	 -8.967632E-11	 9.999719E-3	 4.620483E-6
-5.600000E+0	 -6.536720E-11	 9.999923E-3	 4.573404E-6
-5.400000E+0	 -6.203307E-11	 9.999944E-3	 4.526470E-6
-5.200000E+0	 -3.168872E-11	 9.999927E-3	 4.477198E-6
-5.000000E+0	 -2.670876E-11	 9.999827E-3	 4.429058E-6
-4.800000E+0	 -1.468070E-11	 9.999705E-3	 4.379272E-6
-4.600000E+0	 5.703465E-12	 9.999860E-3	 4.328168E-6
-4.400000E+0	 1.832220E-11	 1.000010E-2	 4.278154E-6
-4.200000E+0	 2.600330E-11	 9.999767E-3	 4.226024E-6
-4.000000E+0	 4.858214E-11	 9.999956E-3	 4.172493E-6
-3.800000E+0	 6.023021E-11	 1.000001E-2	 4.118907E-6
-3.600000E+0	 7.360873E-11	 9.999795E-3	 4.064484E-6
-3.400000E+0	 8.470824E-11	 9.999783E-3	 4.008708E-6
-3.200000E+0	 1.076667E-10	 1.000006E-2	 3.952554E-6
-3.000000E+0	 1.147992E-10	 9.999934E-3	 3.895751E-6
-2.800000E+0	 1.258143E-10	 9.999969E-3	 3.838854E-6
-2.600000E+0	 1.372514E-10	 9.999874E-3	 3.781293E-6
-2.400000E+0	 1.544706E-10	 9.999798E-3	 3.721498E-6
-2.200000E+0	 1.602523E-10	 9.999897E-3	 3.661507E-6
-2.000000E+0	 1.789064E-10	 9.999946E-3	 3.600625E-6
-1.800000E+0	 1.825780E-10	 9.999782E-3	 3.540075E-6
-1.600000E+0	 1.988687E-10	 1.000005E-2	 3.478941E-6
-1.400000E+0	 2.118248E-10	 9.999634E-3	 3.416422E-6
-1.200000E+0	 2.259208E-10	 9.999990E-3	 3.353319E-6
-9.999999E-1	 2.293813E-10	 9.999980E-3	 3.291372E-6
-7.999998E-1	 2.370624E-10	 9.999798E-3	 3.228250E-6
-5.999998E-1	 2.522979E-10	 9.999800E-3	 3.164364E-6
-3.999999E-1	 2.642415E-10	 9.999858E-3	 3.100291E-6
-1.999999E-1	 2.725978E-10	 9.999814E-3	 3.035628E-6
1.490116E-7	 2.777466E-10	 9.999738E-3	 2.972072E-6
2.000002E-1	 2.690951E-10	 9.999774E-3	 2.905599E-6
4.000002E-1	 2.899857E-10	 9.999894E-3	 2.840785E-6
6.000001E-1	 3.109610E-10	 1.000006E-2	 2.776713E-6
8.000002E-1	 3.248458E-10	 9.999905E-3	 2.711154E-6
1.000000E+0	 3.277579E-10	 9.999820E-3	 2.648008E-6
1.200000E+0	 3.446812E-10	 9.999929E-3	 2.584608E-6
1.400000E+0	 3.550634E-10	 9.999938E-3	 2.522103E-6
1.600000E+0	 3.634619E-10	 1.000005E-2	 2.460090E-6
1.800000E+0	 3.734218E-10	 1.000012E-2	 2.399839E-6
2.000000E+0	 3.868005E-10	 1.000001E-2	 2.340066E-6
2.200000E+0	 3.881931E-10	 9.999992E-3	 2.282744E-6
2.400000E+0	 4.049057E-10	 9.999987E-3	 2.227262E-6
2.600000E+0	 4.169336E-10	 9.999613E-3	 2.174742E-6
2.800000E+0	 4.229687E-10	 9.999831E-3	 2.120749E-6
3.000000E+0	 4.418756E-10	 9.999854E-3	 2.072577E-6
3.200000E+0	 4.574066E-10	 9.999864E-3	 2.027145E-6
3.400000E+0	 4.724312E-10	 9.999936E-3	 1.983675E-6
3.600000E+0	 4.783818E-10	 9.999973E-3	 1.942921E-6
3.800000E+0	 4.888058E-10	 9.999996E-3	 1.905680E-6
4.000000E+0	 4.995255E-10	 9.999881E-3	 1.871096E-6
4.200000E+0	 5.034084E-10	 9.999823E-3	 1.839415E-6
4.400000E+0	 5.148030E-10	 1.000003E-2	 1.810789E-6
4.600000E+0	 5.232019E-10	 1.000001E-2	 1.785350E-6
4.800000E+0	 5.352718E-10	 9.999875E-3	 1.763516E-6
5.000000E+0	 5.382257E-10	 9.999996E-3	 1.743777E-6
5.200000E+0	 5.500431E-10	 1.000009E-2	 1.726494E-6
5.400000E+0	 5.613533E-10	 9.999931E-3	 1.712591E-6
5.600000E+0	 5.688655E-10	 9.999949E-3	 1.701385E-6
5.800000E+0	 5.795431E-10	 9.999805E-3	 1.692238E-6
6.000000E+0	 5.818223E-10	 9.999936E-3	 1.684893E-6
6.200000E+0	 5.978592E-10	 9.999943E-3	 1.680447E-6
6.400000E+0	 6.191300E-10	 9.999912E-3	 1.677751E-6
6.600000E+0	 6.259673E-10	 1.000011E-2	 1.676236E-6
6.800000E+0	 6.307780E-10	 1.000008E-2	 1.676493E-6
7.000000E+0	 6.418349E-10	 9.999969E-3	 1.678320E-6
7.200000E+0	 6.423839E-10	 1.000004E-2	 1.682171E-6
7.400000E+0	 6.585480E-10	 1.000002E-2	 1.687229E-6
7.600000E+0	 6.656380E-10	 1.000000E-2	 1.693966E-6
7.800000E+0	 6.780460E-10	 1.000008E-2	 1.702851E-6
8.000000E+0	 6.836587E-10	 1.000004E-2	 1.712748E-6
8.200000E+0	 6.959401E-10	 9.999874E-3	 1.724161E-6
8.400001E+0	 7.067439E-10	 1.000006E-2	 1.737013E-6
8.600000E+0	 7.099094E-10	 1.000002E-2	 1.751337E-6
8.800000E+0	 7.183502E-10	 1.000008E-2	 1.766759E-6
9.000000E+0	 7.301669E-10	 9.999919E-3	 1.784135E-6
9.200001E+0	 7.381435E-10	 9.999880E-3	 1.802920E-6
9.400001E+0	 7.481876E-10	 9.999919E-3	 1.822393E-6
9.600000E+0	 7.570503E-10	 9.999897E-3	 1.843776E-6
9.800000E+0	 7.654914E-10	 1.000001E-2	 1.865359E-6
1.000000E+1	 7.757460E-10	 9.999970E-3	 1.888215E-6
9.800000E+0	 4.911690E-10	 1.000027E-2	 1.856379E-6
9.600000E+0	 4.025839E-10	 1.000001E-2	 1.828242E-6
9.400001E+0	 3.473399E-10	 9.999992E-3	 1.802894E-6
9.200001E+0	 2.969909E-10	 1.000014E-2	 1.780468E-6
9.000000E+0	 2.548719E-10	 9.999791E-3	 1.760451E-6
8.800000E+0	 2.222908E-10	 1.000001E-2	 1.742744E-6
8.600000E+0	 1.839279E-10	 9.999877E-3	 1.727691E-6
8.400001E+0	 1.513470E-10	 1.000013E-2	 1.715061E-6
8.200000E+0	 1.260672E-10	 9.999989E-3	 1.705019E-6
8.000000E+0	 9.757992E-11	 1.000000E-2	 1.696931E-6
7.800000E+0	 7.787088E-11	 9.999939E-3	 1.690980E-6
7.600000E+0	 5.140954E-11	 1.000003E-2	 1.687270E-6
7.400000E+0	 3.271340E-11	 9.999762E-3	 1.685519E-6
7.200000E+0	 5.914089E-12	 9.999851E-3	 1.686341E-6
7.000000E+0	 -9.490131E-12	 1.000006E-2	 1.688433E-6
6.800000E+0	 -2.742655E-11	 1.000014E-2	 1.693222E-6
6.600000E+0	 -4.249306E-11	 9.999901E-3	 1.699669E-6
6.400000E+0	 -6.405902E-11	 1.000008E-2	 1.707772E-6
6.200000E+0	 -8.207991E-11	 9.999976E-3	 1.717439E-6
6.000000E+0	 -1.015357E-10	 9.999819E-3	 1.730526E-6
5.800000E+0	 -1.139435E-10	 1.000003E-2	 1.755743E-6
5.600000E+0	 -1.358048E-10	 1.000002E-2	 1.775829E-6
5.400000E+0	 -1.428528E-10	 1.000007E-2	 1.798345E-6
5.200000E+0	 -1.575395E-10	 9.999900E-3	 1.823781E-6
5.000000E+0	 -1.726062E-10	 9.999994E-3	 1.852105E-6
4.800000E+0	 -1.905848E-10	 1.000003E-2	 1.883017E-6
4.600000E+0	 -2.063276E-10	 9.999889E-3	 1.917118E-6
4.400000E+0	 -2.160349E-10	 1.000015E-2	 1.953388E-6
4.200000E+0	 -2.366314E-10	 9.999974E-3	 1.992703E-6
4.000000E+0	 -2.446927E-10	 9.999984E-3	 2.034429E-6
3.800000E+0	 -2.522054E-10	 9.999850E-3	 2.078406E-6
3.600000E+0	 -2.701429E-10	 9.999877E-3	 2.122745E-6
3.400000E+0	 -2.741946E-10	 9.999924E-3	 2.173640E-6
3.200000E+0	 -2.969858E-10	 9.999994E-3	 2.221929E-6
3.000000E+0	 -3.070308E-10	 1.000002E-2	 2.272119E-6
2.800000E+0	 -3.288513E-10	 1.000009E-2	 2.324403E-6
2.600000E+0	 -3.375456E-10	 1.000005E-2	 2.376445E-6
2.400000E+0	 -3.489835E-10	 9.999945E-3	 2.431411E-6
2.200000E+0	 -3.597459E-10	 9.999961E-3	 2.486551E-6
2.000000E+0	 -3.712259E-10	 9.999994E-3	 2.543303E-6
1.800000E+0	 -3.803845E-10	 9.999909E-3	 2.599470E-6
1.600000E+0	 -3.950723E-10	 9.999924E-3	 2.656882E-6
1.400000E+0	 -3.967182E-10	 9.999825E-3	 2.714119E-6
1.200000E+0	 -4.132630E-10	 9.999909E-3	 2.772634E-6
1.000000E+0	 -4.214931E-10	 9.999918E-3	 2.829955E-6
8.000002E-1	 -4.398526E-10	 9.999836E-3	 2.888353E-6
6.000001E-1	 -4.476609E-10	 9.999882E-3	 2.946334E-6
4.000002E-1	 -4.718447E-10	 9.999751E-3	 3.005152E-6
2.000002E-1	 -4.693964E-10	 9.999812E-3	 3.063886E-6
1.490116E-7	 -4.697766E-10	 1.000004E-2	 3.122827E-6
-1.999999E-1	 -4.770359E-10	 9.999874E-3	 3.181340E-6
-3.999999E-1	 -4.942978E-10	 9.999930E-3	 3.240212E-6
-5.999998E-1	 -5.075927E-10	 9.999952E-3	 3.298215E-6
-7.999998E-1	 -5.239263E-10	 9.999885E-3	 3.357303E-6
-9.999999E-1	 -5.371369E-10	 9.999868E-3	 3.415665E-6
-1.200000E+0	 -5.468864E-10	 9.999868E-3	 3.473881E-6
-1.400000E+0	 -5.538504E-10	 9.999845E-3	 3.530973E-6
-1.600000E+0	 -5.751221E-10	 9.999824E-3	 3.589177E-6
-1.800000E+0	 -5.796803E-10	 9.999856E-3	 3.645955E-6
-2.000000E+0	 -5.891767E-10	 9.999964E-3	 3.702360E-6
-2.200000E+0	 -6.012896E-10	 9.999872E-3	 3.757251E-6
-2.400000E+0	 -6.063123E-10	 9.999798E-3	 3.813224E-6
-2.600000E+0	 -6.230678E-10	 9.999938E-3	 3.867758E-6
-2.800000E+0	 -6.288500E-10	 9.999773E-3	 3.922758E-6
-3.000000E+0	 -6.403301E-10	 9.999738E-3	 3.975749E-6
-3.200000E+0	 -6.456478E-10	 9.999806E-3	 4.027904E-6
-3.400000E+0	 -6.600823E-10	 9.999786E-3	 4.080636E-6
-3.600000E+0	 -6.732503E-10	 1.000002E-2	 4.131301E-6
-3.800000E+0	 -6.808473E-10	 9.999794E-3	 4.181848E-6
-4.000000E+0	 -6.890354E-10	 9.999829E-3	 4.231795E-6
-4.200000E+0	 -7.007687E-10	 9.999932E-3	 4.281350E-6
-4.400000E+0	 -7.154561E-10	 9.999822E-3	 4.329925E-6
-4.600000E+0	 -7.229691E-10	 9.999755E-3	 4.378374E-6
-4.800000E+0	 -7.297639E-10	 9.999718E-3	 4.426206E-6
-5.000000E+0	 -7.403153E-10	 9.999785E-3	 4.471745E-6
-5.200000E+0	 -7.483343E-10	 9.999805E-3	 4.518642E-6
-5.400000E+0	 -7.620511E-10	 9.999739E-3	 4.563492E-6
-5.600000E+0	 -7.707460E-10	 9.999939E-3	 4.608880E-6
-5.800000E+0	 -7.789757E-10	 9.999824E-3	 4.652255E-6
-6.000000E+0	 -7.744597E-10	 9.999857E-3	 4.697898E-6
-6.200000E+0	 -7.849269E-10	 9.999850E-3	 4.739855E-6
-6.400000E+0	 -8.236297E-10	 9.999996E-3	 4.782215E-6
-6.600000E+0	 -8.189444E-10	 9.999794E-3	 4.823260E-6
-6.800000E+0	 -8.343918E-10	 9.999806E-3	 4.865362E-6
-7.000000E+0	 -8.351939E-10	 9.999899E-3	 4.906055E-6
-7.200000E+0	 -8.491219E-10	 9.999845E-3	 4.947176E-6
-7.400000E+0	 -8.584912E-10	 9.999933E-3	 4.986525E-6
-7.600000E+0	 -8.607706E-10	 9.999955E-3	 5.025568E-6
-7.800000E+0	 -8.720394E-10	 9.999922E-3	 5.064375E-6
-8.000000E+0	 -8.866424E-10	 9.999983E-3	 5.102479E-6
-8.200000E+0	 -8.913276E-10	 9.999841E-3	 5.140308E-6
-8.400000E+0	 -9.023008E-10	 9.999946E-3	 5.177246E-6
-8.600000E+0	 -9.113755E-10	 9.999882E-3	 5.215093E-6
-8.800000E+0	 -9.180862E-10	 9.999977E-3	 5.251789E-6
-9.000000E+0	 -9.296084E-10	 9.999934E-3	 5.289125E-6
-9.200000E+0	 -9.343772E-10	 9.999841E-3	 5.324449E-6
-9.400000E+0	 -9.513019E-10	 1.000001E-2	 5.360237E-6
-9.600000E+0	 -9.574221E-10	 9.999957E-3	 5.393837E-6
-9.800000E+0	 -9.666646E-10	 9.999875E-3	 5.429037E-6
-1.000000E+1	 -9.705476E-10	 9.999857E-3	 5.463508E-6
-9.800000E+0	 -6.762043E-10	 9.999820E-3	 5.424190E-6
-9.600000E+0	 -5.878255E-10	 9.999844E-3	 5.386750E-6
-9.400000E+0	 -5.363346E-10	 9.999819E-3	 5.350203E-6
-9.200000E+0	 -4.844636E-10	 9.999912E-3	 5.313196E-6
-9.000000E+0	 -4.342386E-10	 9.999881E-3	 5.276360E-6
-8.800000E+0	 -4.019935E-10	 9.999900E-3	 5.238317E-6
-8.600000E+0	 -3.643461E-10	 9.999931E-3	 5.200999E-6
-8.400000E+0	 -3.402043E-10	 9.999868E-3	 5.162502E-6
-8.200000E+0	 -3.063974E-10	 1.000000E-2	 5.122485E-6
-8.000000E+0	 -2.851257E-10	 9.999791E-3	 5.084580E-6
-7.800000E+0	 -2.744477E-10	 9.999867E-3	 5.042926E-6
-7.600000E+0	 -2.467607E-10	 9.999885E-3	 5.004450E-6
-7.400000E+0	 -2.072560E-10	 9.999905E-3	 4.962609E-6
-7.200000E+0	 -1.935392E-10	 9.999735E-3	 4.922287E-6
-7.000000E+0	 -1.737035E-10	 9.999881E-3	 4.880116E-6
-6.800000E+0	 -1.591012E-10	 9.999981E-3	 4.837185E-6
-6.600000E+0	 -1.396455E-10	 1.000004E-2	 4.794188E-6
-6.400000E+0	 -1.206540E-10	 9.999906E-3	 4.750523E-6
-6.200000E+0	 -1.050388E-10	 9.999952E-3	 4.706321E-6
-6.000000E+0	 -8.347288E-11	 9.999857E-3	 4.660149E-6
-5.800000E+0	 -7.507443E-11	 9.999840E-3	 4.615975E-6
-5.600000E+0	 -5.114519E-11	 9.999831E-3	 4.570538E-6
-5.400000E+0	 -4.574327E-11	 9.999732E-3	 4.522448E-6
-5.200000E+0	 -2.367094E-11	 9.999980E-3	 4.475177E-6
-5.000000E+0	 -1.260964E-12	 1.000006E-2	 4.425707E-6
-4.800000E+0	 3.005235E-13	 9.999783E-3	 4.378170E-6
-4.600000E+0	 1.882774E-11	 9.999838E-3	 4.327798E-6
-4.400000E+0	 3.883206E-11	 9.999966E-3	 4.278128E-6
-4.200000E+0	 4.579556E-11	 9.999808E-3	 4.227074E-6
-4.000000E+0	 5.702169E-11	 9.999791E-3	 4.174678E-6
-3.800000E+0	 7.023118E-11	 9.999976E-3	 4.121800E-6
-3.600000E+0	 8.382042E-11	 9.999936E-3	 4.068458E-6
-3.400000E+0	 9.694573E-11	 9.999718E-3	 4.013757E-6
-3.200000E+0	 1.099444E-10	 9.999867E-3	 3.959596E-6
-3.000000E+0	 1.245046E-10	 9.999922E-3	 3.903267E-6
-2.800000E+0	 1.306663E-10	 9.999812E-3	 3.847128E-6
-2.600000E+0	 1.456905E-10	 9.999818E-3	 3.789868E-6
-2.400000E+0	 1.623185E-10	 9.999987E-3	 3.731554E-6
-2.200000E+0	 1.721520E-10	 9.999830E-3	 3.673755E-6
-2.000000E+0	 1.768787E-10	 9.999949E-3	 3.614217E-6
-1.800000E+0	 1.940130E-10	 9.999890E-3	 3.555500E-6
-1.600000E+0	 1.986557E-10	 9.999902E-3	 3.494945E-6
-1.400000E+0	 2.143552E-10	 9.999950E-3	 3.433556E-6
-1.200000E+0	 2.260877E-10	 9.999919E-3	 3.373594E-6
-9.999999E-1	 2.358370E-10	 9.999899E-3	 3.311507E-6
-7.999998E-1	 2.440242E-10	 1.000001E-2	 3.250324E-6
-5.999998E-1	 2.533930E-10	 9.999946E-3	 3.188138E-6
-3.999999E-1	 2.604831E-10	 9.999841E-3	 3.125800E-6
-1.999999E-1	 2.708654E-10	 9.999910E-3	 3.062275E-6
1.490116E-7	 2.794745E-10	 9.999816E-3	 2.998211E-6
2.000002E-1	 2.869029E-10	 1.000004E-2	 2.935288E-6
4.000002E-1	 2.964827E-10	 9.999890E-3	 2.871278E-6
6.000001E-1	 3.065692E-10	 9.999991E-3	 2.807315E-6
8.000002E-1	 3.196949E-10	 9.999933E-3	 2.742576E-6
1.000000E+0	 3.249278E-10	 9.999893E-3	 2.680717E-6
1.200000E+0	 3.369557E-10	 1.000014E-2	 2.617731E-6
1.400000E+0	 3.494898E-10	 9.999794E-3	 2.554903E-6
1.600000E+0	 3.615601E-10	 9.999867E-3	 2.493699E-6
1.800000E+0	 3.689039E-10	 9.999925E-3	 2.433098E-6
2.000000E+0	 3.853208E-10	 9.999994E-3	 2.373611E-6
2.200000E+0	 3.912715E-10	 9.999825E-3	 2.315850E-6
2.400000E+0	 4.046914E-10	 9.999971E-3	 2.259613E-6
2.600000E+0	 4.132166E-10	 9.999988E-3	 2.205498E-6
2.800000E+0	 4.252450E-10	 1.000003E-2	 2.153806E-6
3.000000E+0	 4.370617E-10	 9.999927E-3	 2.104008E-6
3.200000E+0	 4.513263E-10	 9.999910E-3	 2.055993E-6
3.400000E+0	 4.511575E-10	 9.999886E-3	 2.011159E-6
3.600000E+0	 4.679119E-10	 1.000004E-2	 1.969015E-6
3.800000E+0	 4.753821E-10	 9.999922E-3	 1.929428E-6
4.000000E+0	 4.874520E-10	 9.999968E-3	 1.892661E-6
4.200000E+0	 4.971166E-10	 9.999910E-3	 1.858626E-6
4.400000E+0	 5.015054E-10	 1.000001E-2	 1.827948E-6
4.600000E+0	 5.150530E-10	 9.999874E-3	 1.800704E-6
4.800000E+0	 5.187671E-10	 9.999979E-3	 1.776422E-6
5.000000E+0	 5.348466E-10	 9.999936E-3	 1.755006E-6
5.200000E+0	 5.489845E-10	 9.999990E-3	 1.736324E-6
5.400000E+0	 5.522340E-10	 9.999910E-3	 1.720589E-6
5.600000E+0	 5.584797E-10	 1.000006E-2	 1.707383E-6
5.800000E+0	 5.748972E-10	 1.000002E-2	 1.696350E-6
6.000000E+0	 5.829577E-10	 1.000005E-2	 1.687789E-6
6.200000E+0	 5.873047E-10	 9.999879E-3	 1.681033E-6
6.400000E+0	 5.996283E-10	 9.999743E-3	 1.676518E-6
6.600000E+0	 6.162142E-10	 9.999992E-3	 1.673712E-6
6.800000E+0	 6.175223E-10	 1.000006E-2	 1.673240E-6
7.000000E+0	 6.288750E-10	 9.999867E-3	 1.674363E-6
7.200000E+0	 6.362604E-10	 9.999970E-3	 1.676844E-6
7.400000E+0	 6.492165E-10	 9.999926E-3	 1.681166E-6
7.600000E+0	 6.552098E-10	 9.999881E-3	 1.687429E-6
7.800000E+0	 6.621309E-10	 9.999887E-3	 1.694774E-6
8.000000E+0	 6.772818E-10	 1.000001E-2	 1.704007E-6
8.200000E+0	 6.815868E-10	 9.999957E-3	 1.715085E-6
8.400001E+0	 6.928970E-10	 9.999964E-3	 1.727633E-6
8.600000E+0	 7.102851E-10	 9.999814E-3	 1.741824E-6
8.800000E+0	 7.108755E-10	 1.000009E-2	 1.757590E-6
9.000000E+0	 7.223552E-10	 9.999948E-3	 1.774762E-6
9.200001E+0	 7.260689E-10	 1.000017E-2	 1.792173E-6
9.400001E+0	 7.459464E-10	 9.999952E-3	 1.812420E-6
9.600000E+0	 7.537116E-10	 9.999963E-3	 1.833258E-6
9.800000E+0	 7.437099E-10	 9.999714E-3	 1.855031E-6
1.000000E+1	 7.833805E-10	 9.999761E-3	 1.877947E-6
9.800000E+0	 4.772385E-10	 1.000001E-2	 1.846206E-6
9.600000E+0	 4.094182E-10	 9.999950E-3	 1.818393E-6
9.400001E+0	 3.483921E-10	 9.999990E-3	 1.793976E-6
9.200001E+0	 2.901096E-10	 9.999842E-3	 1.772448E-6
9.000000E+0	 2.639857E-10	 9.999931E-3	 1.752657E-6
8.800000E+0	 2.265091E-10	 1.000006E-2	 1.736154E-6
8.600000E+0	 1.726581E-10	 9.999845E-3	 1.721400E-6
8.400001E+0	 1.488976E-10	 9.999954E-3	 1.709680E-6
8.200000E+0	 1.249261E-10	 1.000001E-2	 1.699835E-6
8.000000E+0	 9.458201E-11	 1.000002E-2	 1.692823E-6
7.800000E+0	 7.622375E-11	 9.999976E-3	 1.688019E-6
7.600000E+0	 5.402498E-11	 9.999938E-3	 1.685399E-6
7.400000E+0	 3.288096E-11	 9.999911E-3	 1.684639E-6
7.200000E+0	 7.263773E-12	 9.999748E-3	 1.686316E-6
7.000000E+0	 -1.506173E-11	 9.999819E-3	 1.689753E-6
6.800000E+0	 -2.430423E-11	 9.999757E-3	 1.695279E-6
6.600000E+0	 -5.405749E-11	 9.999999E-3	 1.702732E-6
6.400000E+0	 -6.313122E-11	 9.999801E-3	 1.711551E-6
6.200000E+0	 -7.988583E-11	 9.999835E-3	 1.723020E-6
6.000000E+0	 -1.023801E-10	 9.999886E-3	 1.735217E-6
5.800000E+0	 -1.163494E-10	 9.999956E-3	 1.756672E-6
5.600000E+0	 -1.290948E-10	 9.999795E-3	 1.785702E-6
5.400000E+0	 -1.495211E-10	 9.999837E-3	 1.808703E-6
5.200000E+0	 -1.595232E-10	 9.999927E-3	 1.835024E-6
5.000000E+0	 -1.757715E-10	 1.000001E-2	 1.864521E-6
4.800000E+0	 -1.834947E-10	 9.999854E-3	 1.896727E-6
4.600000E+0	 -2.068762E-10	 9.999954E-3	 1.932160E-6
4.400000E+0	 -2.171321E-10	 9.999902E-3	 1.969416E-6
4.200000E+0	 -2.290763E-10	 9.999983E-3	 2.009656E-6
4.000000E+0	 -2.419491E-10	 9.999858E-3	 2.052072E-6
3.800000E+0	 -2.540199E-10	 9.999881E-3	 2.096438E-6
3.600000E+0	 -2.692984E-10	 9.999906E-3	 2.142413E-6
3.400000E+0	 -2.871092E-10	 9.999930E-3	 2.190241E-6
3.200000E+0	 -2.950016E-10	 9.999944E-3	 2.240410E-6
3.000000E+0	 -3.093515E-10	 9.999979E-3	 2.291365E-6
2.800000E+0	 -3.137410E-10	 9.999729E-3	 2.343219E-6
2.600000E+0	 -3.334932E-10	 9.999932E-3	 2.396695E-6
2.400000E+0	 -3.433271E-10	 9.999854E-3	 2.450950E-6
2.200000E+0	 -3.560733E-10	 9.999886E-3	 2.506144E-6
2.000000E+0	 -3.675109E-10	 9.999901E-3	 2.561580E-6
1.800000E+0	 -3.743483E-10	 9.999998E-3	 2.618664E-6
1.600000E+0	 -3.864191E-10	 9.999921E-3	 2.675543E-6
1.400000E+0	 -3.985322E-10	 1.000006E-2	 2.732648E-6
1.200000E+0	 -4.096322E-10	 9.999898E-3	 2.789657E-6
1.000000E+0	 -4.107718E-10	 9.999851E-3	 2.850718E-6
8.000002E-1	 -4.280338E-10	 9.999779E-3	 2.908161E-6
6.000001E-1	 -4.564804E-10	 9.999800E-3	 2.964879E-6
4.000002E-1	 -4.669898E-10	 9.999855E-3	 3.023956E-6
2.000002E-1	 -4.769080E-10	 9.999843E-3	 3.081127E-6
1.490116E-7	 -4.752621E-10	 1.000012E-2	 3.139448E-6
-1.999999E-1	 -4.757683E-10	 9.999835E-3	 3.197537E-6
-3.999999E-1	 -4.927349E-10	 9.999832E-3	 3.255601E-6
-5.999998E-1	 -5.129091E-10	 9.999782E-3	 3.313351E-6
-7.999998E-1	 -5.220678E-10	 9.999918E-3	 3.371758E-6
-9.999999E-1	 -5.387391E-10	 9.999897E-3	 3.427994E-6
-1.200000E+0	 -5.428751E-10	 9.999926E-3	 3.485673E-6
-1.400000E+0	 -5.557902E-10	 9.999805E-3	 3.542731E-6
-1.600000E+0	 -5.600954E-10	 9.999787E-3	 3.599563E-6
-1.800000E+0	 -5.819575E-10	 9.999811E-3	 3.656260E-6
-2.000000E+0	 -5.868958E-10	 9.999578E-3	 3.712103E-6
-2.200000E+0	 -5.977003E-10	 9.999998E-3	 3.767372E-6
-2.400000E+0	 -6.044529E-10	 9.999719E-3	 3.821336E-6
-2.600000E+0	 -6.280882E-10	 9.999882E-3	 3.876095E-6
-2.800000E+0	 -6.274972E-10	 9.999847E-3	 3.929321E-6
-3.000000E+0	 -6.343346E-10	 9.999842E-3	 3.982795E-6
-3.200000E+0	 -6.497819E-10	 9.999707E-3	 4.034880E-6
-3.400000E+0	 -6.548466E-10	 9.999902E-3	 4.086617E-6
-3.600000E+0	 -6.677617E-10	 9.999880E-3	 4.136905E-6
-3.800000E+0	 -6.854457E-10	 9.999800E-3	 4.187703E-6
-4.000000E+0	 -6.900883E-10	 9.999820E-3	 4.238280E-6
-4.200000E+0	 -6.918606E-10	 9.999838E-3	 4.286868E-6
-4.400000E+0	 -7.016102E-10	 9.999686E-3	 4.334679E-6
-4.600000E+0	 -7.181973E-10	 9.999788E-3	 4.383035E-6
-4.800000E+0	 -7.317029E-10	 9.999747E-3	 4.429484E-6
-5.000000E+0	 -7.335598E-10	 9.999877E-3	 4.476531E-6
-5.200000E+0	 -7.468968E-10	 9.999958E-3	 4.522403E-6
-5.400000E+0	 -7.544515E-10	 9.999914E-3	 4.566885E-6
-5.600000E+0	 -7.678730E-10	 9.999698E-3	 4.611473E-6
-5.800000E+0	 -7.696878E-10	 9.999695E-3	 4.655965E-6
-6.000000E+0	 -7.879202E-10	 9.999742E-3	 4.699621E-6
-6.200000E+0	 -7.928587E-10	 9.999967E-3	 4.742884E-6
-6.400000E+0	 -7.961508E-10	 9.999814E-3	 4.784569E-6
-6.600000E+0	 -8.155231E-10	 9.999927E-3	 4.826211E-6
-6.800000E+0	 -8.175073E-10	 9.999781E-3	 4.867625E-6
-7.000000E+0	 -8.303372E-10	 9.999818E-3	 4.908281E-6
-7.200000E+0	 -8.381031E-10	 1.000002E-2	 4.949025E-6
-7.400000E+0	 -8.523265E-10	 9.999919E-3	 4.988885E-6
-7.600000E+0	 -8.549010E-10	 9.999883E-3	 5.027881E-6
-7.800000E+0	 -8.657899E-10	 9.999899E-3	 5.066594E-6
-8.000000E+0	 -8.780297E-10	 9.999957E-3	 5.104919E-6
-8.200000E+0	 -8.871463E-10	 9.999847E-3	 5.143808E-6
-8.400000E+0	 -8.957133E-10	 9.999899E-3	 5.180731E-6
-8.600000E+0	 -9.128071E-10	 9.999819E-3	 5.218092E-6
-8.800000E+0	 -9.171121E-10	 9.999873E-3	 5.254838E-6
-9.000000E+0	 -9.217968E-10	 9.999883E-3	 5.291348E-6
-9.200000E+0	 -9.301535E-10	 9.999894E-3	 5.326689E-6
-9.400000E+0	 -9.454315E-10	 9.999886E-3	 5.361941E-6
-9.600000E+0	 -9.520579E-10	 9.999946E-3	 5.396507E-6
-9.800000E+0	 -9.591906E-10	 9.999806E-3	 5.430580E-6
-1.000000E+1	 -9.720630E-10	 9.999874E-3	 5.465489E-6
