-1.500000E+1	 -1.552849E-9	 9.983975E-3	 4.213818E-6
-1.480000E+1	 -1.333099E-9	 9.983973E-3	 4.185003E-6
-1.460000E+1	 -1.178046E-9	 9.983744E-3	 4.159668E-6
-1.440000E+1	 -1.096426E-9	 9.983741E-3	 4.134071E-6
-1.420000E+1	 -1.023035E-9	 9.983507E-3	 4.109144E-6
-1.400000E+1	 -9.566081E-10	 9.984553E-3	 4.084585E-6
-1.380000E+1	 -9.052895E-10	 9.983508E-3	 4.060475E-6
-1.360000E+1	 -8.464585E-10	 9.983740E-3	 4.034126E-6
-1.340000E+1	 -7.937049E-10	 9.983509E-3	 4.009024E-6
-1.320000E+1	 -7.449609E-10	 9.983392E-3	 3.984995E-6
-1.300000E+1	 -7.136464E-10	 9.984077E-3	 3.960012E-6
-1.280000E+1	 -6.795041E-10	 9.983742E-3	 3.935064E-6
-1.260000E+1	 -6.419859E-10	 9.983744E-3	 3.909847E-6
-1.240000E+1	 -6.129927E-10	 9.983744E-3	 3.885948E-6
-1.220000E+1	 -5.814247E-10	 9.983858E-3	 3.861355E-6
-1.200000E+1	 -5.527272E-10	 9.984088E-3	 3.835507E-6
-1.180000E+1	 -5.276584E-10	 9.984207E-3	 3.811375E-6
-1.160000E+1	 -4.979054E-10	 9.983506E-3	 3.786450E-6
-1.140000E+1	 -4.843583E-10	 9.983159E-3	 3.760300E-6
-1.120000E+1	 -4.499209E-10	 9.983979E-3	 3.734141E-6
-1.100000E+1	 -4.235864E-10	 9.983730E-3	 3.707529E-6
-1.080000E+1	 -3.995730E-10	 9.983501E-3	 3.681051E-6
-1.060000E+1	 -3.941287E-10	 9.983510E-3	 3.655887E-6
-1.040000E+1	 -3.740825E-10	 9.983853E-3	 3.628462E-6
-1.020000E+1	 -3.569905E-10	 9.983279E-3	 3.601164E-6
-1.000000E+1	 -3.167289E-10	 9.983280E-3	 3.574607E-6
-9.800000E+0	 -3.093013E-10	 9.983511E-3	 3.547666E-6
-9.600000E+0	 -2.771849E-10	 9.983975E-3	 3.520779E-6
-9.400000E+0	 -2.608525E-10	 9.983742E-3	 3.492052E-6
-9.200000E+0	 -2.462925E-10	 9.983166E-3	 3.465148E-6
-9.000000E+0	 -2.344757E-10	 9.982930E-3	 3.436360E-6
-8.800000E+0	 -2.229965E-10	 9.983514E-3	 3.407904E-6
-8.600000E+0	 -2.012621E-10	 9.983163E-3	 3.379389E-6
-8.400000E+0	 -1.916821E-10	 9.982935E-3	 3.348457E-6
-8.200000E+0	 -1.759413E-10	 9.984081E-3	 3.320094E-6
-8.000000E+0	 -1.636610E-10	 9.983622E-3	 3.291543E-6
-7.800000E+0	 -1.484689E-10	 9.983050E-3	 3.260075E-6
-7.600000E+0	 -1.322640E-10	 9.983394E-3	 3.230867E-6
-7.400000E+0	 -1.162701E-10	 9.983966E-3	 3.200985E-6
-7.200000E+0	 -8.647671E-11	 9.983511E-3	 3.170939E-6
-7.000000E+0	 -9.002150E-11	 9.983744E-3	 3.140646E-6
-6.800000E+0	 -6.723333E-11	 9.984202E-3	 3.109468E-6
-6.600000E+0	 -4.803222E-11	 9.984199E-3	 3.078852E-6
-6.400000E+0	 -4.347457E-11	 9.983978E-3	 3.047405E-6
-6.200000E+0	 -3.246024E-11	 9.984205E-3	 3.017142E-6
-6.000000E+0	 -1.802791E-11	 9.983514E-3	 2.985819E-6
-5.800000E+0	 -6.507211E-12	 9.983625E-3	 2.954188E-6
-5.600000E+0	 1.134351E-11	 9.983744E-3	 2.922187E-6
-5.400000E+0	 3.172636E-11	 9.983623E-3	 2.889657E-6
-5.200000E+0	 3.328780E-11	 9.983971E-3	 2.858294E-6
-5.000000E+0	 3.776085E-11	 9.983975E-3	 2.825907E-6
-4.800000E+0	 6.367187E-11	 9.983737E-3	 2.793414E-6
-4.600000E+0	 5.624451E-11	 9.984433E-3	 2.758531E-6
-4.400000E+0	 7.970788E-11	 9.984314E-3	 2.726322E-6
-4.200000E+0	 9.865589E-11	 9.984319E-3	 2.693213E-6
-4.000000E+0	 1.092061E-10	 9.983858E-3	 2.660871E-6
-3.800000E+0	 1.244823E-10	 9.983966E-3	 2.627217E-6
-3.600000E+0	 1.371847E-10	 9.984319E-3	 2.593772E-6
-3.400000E+0	 1.425864E-10	 9.984782E-3	 2.559764E-6
-3.200000E+0	 1.570189E-10	 9.984780E-3	 2.526307E-6
-3.000000E+0	 1.588336E-10	 9.983742E-3	 2.492213E-6
-2.800000E+0	 1.762622E-10	 9.984089E-3	 2.458106E-6
-2.600000E+0	 2.371153E-10	 9.983629E-3	 2.424291E-6
-2.400000E+0	 2.710441E-10	 9.983847E-3	 2.390218E-6
-2.200000E+0	 2.772053E-10	 9.984204E-3	 2.356149E-6
-2.000000E+0	 2.837041E-10	 9.984323E-3	 2.322805E-6
-1.800000E+0	 3.041714E-10	 9.983972E-3	 2.288722E-6
-1.600000E+0	 3.083914E-10	 9.984667E-3	 2.254715E-6
-1.400000E+0	 3.194056E-10	 9.984665E-3	 2.222092E-6
-1.200000E+0	 3.377627E-10	 9.984431E-3	 2.188742E-6
-9.999998E-1	 3.405480E-10	 9.984776E-3	 2.155177E-6
-7.999998E-1	 3.554447E-10	 9.984436E-3	 2.122545E-6
-5.999998E-1	 3.601709E-10	 9.984436E-3	 2.090018E-6
-3.999998E-1	 3.711008E-10	 9.984090E-3	 2.058752E-6
-1.999998E-1	 3.741388E-10	 9.984307E-3	 2.028321E-6
2.235174E-7	 3.656573E-10	 9.984090E-3	 1.998782E-6
2.000002E-1	 3.726207E-10	 9.984085E-3	 1.972236E-6
4.000002E-1	 3.561200E-10	 9.984308E-3	 1.943859E-6
6.000003E-1	 3.570060E-10	 9.984436E-3	 1.918395E-6
8.000003E-1	 3.676409E-10	 9.984780E-3	 1.895410E-6
1.000000E+0	 3.816091E-10	 9.984418E-3	 1.866979E-6
1.200000E+0	 3.715653E-10	 9.985239E-3	 1.843607E-6
1.400000E+0	 3.874751E-10	 9.985014E-3	 1.823282E-6
1.600000E+0	 4.000504E-10	 9.984901E-3	 1.803758E-6
1.800000E+0	 4.062963E-10	 9.984551E-3	 1.783012E-6
2.000000E+0	 4.237251E-10	 9.984206E-3	 1.764840E-6
2.200000E+0	 4.540670E-10	 9.984083E-3	 1.748816E-6
2.400000E+0	 4.551645E-10	 9.984895E-3	 1.733986E-6
2.600000E+0	 4.643218E-10	 9.984550E-3	 1.720484E-6
2.800000E+0	 4.738592E-10	 9.984664E-3	 1.709172E-6
3.000000E+0	 4.867301E-10	 9.984778E-3	 1.699434E-6
3.200000E+0	 4.851688E-10	 9.984436E-3	 1.691292E-6
3.400000E+0	 4.954229E-10	 9.984780E-3	 1.685163E-6
3.600000E+0	 5.175781E-10	 9.984782E-3	 1.681026E-6
3.800000E+0	 5.131897E-10	 9.984777E-3	 1.678501E-6
4.000000E+0	 5.374974E-10	 9.984665E-3	 1.677392E-6
4.200000E+0	 5.365263E-10	 9.984777E-3	 1.679139E-6
4.400000E+0	 5.592302E-10	 9.985012E-3	 1.680877E-6
4.600000E+0	 5.580066E-10	 9.984900E-3	 1.685137E-6
4.800000E+0	 5.805834E-10	 9.984554E-3	 1.691115E-6
5.000000E+0	 5.854370E-10	 9.984665E-3	 1.698003E-6
5.200000E+0	 5.838755E-10	 9.984895E-3	 1.706105E-6
5.400000E+0	 5.969155E-10	 9.985014E-3	 1.715651E-6
5.600000E+0	 6.084779E-10	 9.984890E-3	 1.725967E-6
5.800000E+0	 6.256117E-10	 9.984663E-3	 1.737313E-6
6.000000E+0	 6.308019E-10	 9.984314E-3	 1.749215E-6
6.200000E+0	 6.379337E-10	 9.984663E-3	 1.762462E-6
6.400000E+0	 6.554888E-10	 9.984553E-3	 1.775814E-6
6.600000E+0	 6.528303E-10	 9.985014E-3	 1.789942E-6
6.800000E+0	 6.705130E-10	 9.985242E-3	 1.808943E-6
7.000000E+0	 6.781510E-10	 9.984434E-3	 1.823716E-6
7.200000E+0	 7.038086E-10	 9.985011E-3	 1.839564E-6
7.400001E+0	 7.154140E-10	 9.984775E-3	 1.856208E-6
7.600000E+0	 7.126707E-10	 9.985128E-3	 1.874376E-6
7.800000E+0	 7.196753E-10	 9.984437E-3	 1.893650E-6
8.000000E+0	 7.235165E-10	 9.984206E-3	 1.913918E-6
8.200001E+0	 7.441944E-10	 9.984668E-3	 1.936313E-6
8.400001E+0	 7.521278E-10	 9.984091E-3	 1.959193E-6
8.600000E+0	 7.617074E-10	 9.984319E-3	 1.983203E-6
8.800000E+0	 7.777854E-10	 9.984200E-3	 2.008749E-6
9.000000E+0	 7.793896E-10	 9.984439E-3	 2.034703E-6
9.200001E+0	 7.971559E-10	 9.984666E-3	 2.061811E-6
9.400001E+0	 7.931047E-10	 9.984670E-3	 2.089851E-6
9.600000E+0	 8.086345E-10	 9.984322E-3	 2.118898E-6
9.800000E+0	 8.201967E-10	 9.984429E-3	 2.148073E-6
1.000000E+1	 8.218853E-10	 9.984203E-3	 2.178412E-6
1.020000E+1	 8.368657E-10	 9.984897E-3	 2.209291E-6
1.040000E+1	 8.441671E-10	 9.984323E-3	 2.239586E-6
1.060000E+1	 8.569117E-10	 9.984088E-3	 2.271089E-6
1.080000E+1	 8.725679E-10	 9.984204E-3	 2.302592E-6
1.100000E+1	 8.734535E-10	 9.984203E-3	 2.333715E-6
1.120000E+1	 8.865785E-10	 9.984437E-3	 2.365394E-6
1.140000E+1	 8.953550E-10	 9.984205E-3	 2.397006E-6
1.160000E+1	 9.055265E-10	 9.984086E-3	 2.427971E-6
1.180000E+1	 9.281447E-10	 9.984203E-3	 2.460033E-6
1.200000E+1	 9.264149E-10	 9.984549E-3	 2.490886E-6
1.220000E+1	 9.316480E-10	 9.984547E-3	 2.521897E-6
1.240000E+1	 9.432111E-10	 9.983972E-3	 2.553440E-6
1.260000E+1	 9.497942E-10	 9.983389E-3	 2.583398E-6
1.280000E+1	 9.728351E-10	 9.983625E-3	 2.614263E-6
1.300000E+1	 9.602175E-10	 9.983391E-3	 2.643988E-6
1.320000E+1	 9.801361E-10	 9.983622E-3	 2.675221E-6
1.340000E+1	 9.894623E-10	 9.983745E-3	 2.704632E-6
1.360000E+1	 9.998437E-10	 9.983853E-3	 2.734155E-6
1.380000E+1	 1.015711E-9	 9.984321E-3	 2.764110E-6
1.400000E+1	 1.027443E-9	 9.983976E-3	 2.793511E-6
1.420000E+1	 1.029638E-9	 9.984086E-3	 2.822213E-6
1.440000E+1	 1.032887E-9	 9.983975E-3	 2.851268E-6
1.460000E+1	 1.041960E-9	 9.984205E-3	 2.879542E-6
1.480000E+1	 1.062385E-9	 9.983968E-3	 2.907804E-6
1.500000E+1	 1.065718E-9	 9.984205E-3	 2.935183E-6
1.520000E+1	 1.084582E-9	 9.984312E-3	 2.962631E-6
1.540000E+1	 1.092473E-9	 9.984314E-3	 2.989952E-6
1.560000E+1	 1.095511E-9	 9.983509E-3	 3.016488E-6
1.580000E+1	 1.102053E-9	 9.984090E-3	 3.042838E-6
1.600000E+1	 1.111675E-9	 9.984319E-3	 3.068747E-6
1.620000E+1	 1.128808E-9	 9.983979E-3	 3.095890E-6
1.640000E+1	 1.123617E-9	 9.984319E-3	 3.121420E-6
1.660000E+1	 1.150245E-9	 9.984316E-3	 3.146581E-6
1.680000E+1	 1.148304E-9	 9.984321E-3	 3.172266E-6
1.700000E+1	 1.168391E-9	 9.983855E-3	 3.196993E-6
1.720000E+1	 1.167336E-9	 9.984200E-3	 3.221313E-6
1.740000E+1	 1.179660E-9	 9.983506E-3	 3.245402E-6
1.760000E+1	 1.191391E-9	 9.983970E-3	 3.268861E-6
1.780000E+1	 1.188522E-9	 9.984203E-3	 3.297564E-6
1.800000E+1	 1.202278E-9	 9.984205E-3	 3.319766E-6
1.820000E+1	 1.229372E-9	 9.984320E-3	 3.342253E-6
1.840000E+1	 1.235786E-9	 9.985476E-3	 3.365757E-6
1.860000E+1	 1.249754E-9	 9.984547E-3	 3.387617E-6
1.880000E+1	 1.248235E-9	 9.984782E-3	 3.410076E-6
1.900000E+1	 1.265874E-9	 9.984663E-3	 3.432705E-6
1.920000E+1	 1.269884E-9	 9.984665E-3	 3.454398E-6
1.940000E+1	 1.278407E-9	 9.984649E-3	 3.476494E-6
1.960000E+1	 1.290477E-9	 9.983973E-3	 3.497411E-6
1.980000E+1	 1.300901E-9	 9.984203E-3	 3.517984E-6
2.000000E+1	 1.306893E-9	 9.984205E-3	 3.539862E-6
2.020000E+1	 1.306259E-9	 9.984436E-3	 3.559478E-6
2.040000E+1	 1.321452E-9	 9.984086E-3	 3.580265E-6
2.060000E+1	 1.333480E-9	 9.984890E-3	 3.599448E-6
2.080000E+1	 1.351668E-9	 9.984086E-3	 3.620213E-6
2.100000E+1	 1.341749E-9	 9.984200E-3	 3.640253E-6
2.120000E+1	 1.351119E-9	 9.983625E-3	 3.659916E-6
2.140000E+1	 1.365678E-9	 9.984198E-3	 3.678778E-6
2.160000E+1	 1.379604E-9	 9.983153E-3	 3.697520E-6
2.180000E+1	 1.401422E-9	 9.983618E-3	 3.716887E-6
2.200000E+1	 1.402856E-9	 9.984089E-3	 3.735418E-6
2.220000E+1	 1.401886E-9	 9.983858E-3	 3.753272E-6
2.240000E+1	 1.422057E-9	 9.984313E-3	 3.771815E-6
2.260000E+1	 1.425772E-9	 9.984319E-3	 3.789263E-6
2.280000E+1	 1.443116E-9	 9.983968E-3	 3.807347E-6
2.300000E+1	 1.457211E-9	 9.984318E-3	 3.824818E-6
2.320000E+1	 1.456114E-9	 9.983967E-3	 3.842096E-6
2.340000E+1	 1.476201E-9	 9.984316E-3	 3.859820E-6
2.360000E+1	 1.478986E-9	 9.984198E-3	 3.876428E-6
2.380000E+1	 1.487511E-9	 9.984436E-3	 3.892195E-6
2.400000E+1	 1.483712E-9	 9.984551E-3	 3.909466E-6
2.420000E+1	 1.492321E-9	 9.984535E-3	 3.925316E-6
2.440000E+1	 1.518654E-9	 9.984319E-3	 3.941450E-6
2.460000E+1	 1.513211E-9	 9.984204E-3	 3.956922E-6
2.480000E+1	 1.535872E-9	 9.984199E-3	 3.972611E-6
2.500000E+1	 1.543721E-9	 9.984319E-3	 3.988201E-6
2.480000E+1	 1.253382E-9	 9.984436E-3	 3.958238E-6
2.460000E+1	 1.184596E-9	 9.983970E-3	 3.932615E-6
2.440000E+1	 1.130410E-9	 9.984541E-3	 3.906936E-6
2.420000E+1	 1.058502E-9	 9.984202E-3	 3.881673E-6
2.400000E+1	 1.026135E-9	 9.983853E-3	 3.856857E-6
2.380000E+1	 9.949487E-10	 9.984663E-3	 3.831199E-6
2.360000E+1	 9.586555E-10	 9.985011E-3	 3.806117E-6
2.340000E+1	 9.183134E-10	 9.984429E-3	 3.780863E-6
2.320000E+1	 8.944272E-10	 9.984310E-3	 3.755478E-6
2.300000E+1	 8.649298E-10	 9.984431E-3	 3.730516E-6
2.280000E+1	 8.260206E-10	 9.984547E-3	 3.705108E-6
2.260000E+1	 8.101535E-10	 9.983510E-3	 3.679919E-6
2.240000E+1	 7.826811E-10	 9.983851E-3	 3.654925E-6
2.220000E+1	 7.658855E-10	 9.983623E-3	 3.628421E-6
2.200000E+1	 7.383286E-10	 9.984086E-3	 3.602266E-6
2.180000E+1	 7.176925E-10	 9.983851E-3	 3.576429E-6
2.160000E+1	 6.942710E-10	 9.983740E-3	 3.550281E-6
2.140000E+1	 7.039774E-10	 9.984202E-3	 3.522710E-6
2.120000E+1	 6.673478E-10	 9.983153E-3	 3.495664E-6
2.100000E+1	 6.554051E-10	 9.983964E-3	 3.469969E-6
2.080000E+1	 6.443905E-10	 9.983506E-3	 3.443040E-6
2.060000E+1	 6.167916E-10	 9.984199E-3	 3.414817E-6
2.040000E+1	 6.135419E-10	 9.983855E-3	 3.386656E-6
2.020000E+1	 5.817646E-10	 9.984323E-3	 3.359624E-6
2.000000E+1	 5.767438E-10	 9.983855E-3	 3.328553E-6
1.980000E+1	 5.583439E-10	 9.984546E-3	 3.301969E-6
1.960000E+1	 5.268202E-10	 9.984664E-3	 3.272792E-6
1.940000E+1	 5.181274E-10	 9.984316E-3	 3.244531E-6
1.920000E+1	 5.139916E-10	 9.984658E-3	 3.215470E-6
1.900000E+1	 4.973648E-10	 9.984773E-3	 3.185930E-6
1.880000E+1	 4.801470E-10	 9.984090E-3	 3.155609E-6
1.860000E+1	 4.667695E-10	 9.984319E-3	 3.124788E-6
1.840000E+1	 4.532653E-10	 9.984547E-3	 3.095339E-6
1.820000E+1	 4.473995E-10	 9.984543E-3	 3.064606E-6
1.800000E+1	 4.327982E-10	 9.984314E-3	 3.034270E-6
1.780000E+1	 4.154961E-10	 9.984549E-3	 3.002595E-6
1.760000E+1	 4.041018E-10	 9.984089E-3	 2.971534E-6
1.740000E+1	 3.913154E-10	 9.983744E-3	 2.939573E-6
1.720000E+1	 3.784445E-10	 9.984427E-3	 2.907547E-6
1.700000E+1	 3.604665E-10	 9.984198E-3	 2.875989E-6
1.680000E+1	 3.629989E-10	 9.984537E-3	 2.843541E-6
1.660000E+1	 3.405061E-10	 9.983625E-3	 2.810219E-6
1.640000E+1	 3.369612E-10	 9.983742E-3	 2.778090E-6
1.620000E+1	 3.171692E-10	 9.984439E-3	 2.744773E-6
1.600000E+1	 3.118522E-10	 9.983509E-3	 2.710430E-6
1.580000E+1	 3.026103E-10	 9.983972E-3	 2.677381E-6
1.560000E+1	 2.780493E-10	 9.984089E-3	 2.643718E-6
1.540000E+1	 2.718882E-10	 9.984084E-3	 2.610399E-6
1.520000E+1	 2.550505E-10	 9.983628E-3	 2.575839E-6
1.500000E+1	 2.534467E-10	 9.983501E-3	 2.541986E-6
1.480000E+1	 2.455132E-10	 9.983741E-3	 2.508302E-6
1.460000E+1	 2.200242E-10	 9.983735E-3	 2.473368E-6
1.440000E+1	 2.300257E-10	 9.983851E-3	 2.440092E-6
1.420000E+1	 2.148333E-10	 9.983972E-3	 2.401222E-6
1.400000E+1	 1.971515E-10	 9.984210E-3	 2.368255E-6
1.380000E+1	 1.789210E-10	 9.983506E-3	 2.334615E-6
1.360000E+1	 1.662188E-10	 9.983849E-3	 2.301209E-6
1.340000E+1	 1.617032E-10	 9.983852E-3	 2.267932E-6
1.320000E+1	 1.359189E-10	 9.983623E-3	 2.234332E-6
1.300000E+1	 1.348217E-10	 9.983855E-3	 2.200926E-6
1.280000E+1	 1.253267E-10	 9.984204E-3	 2.168425E-6
1.260000E+1	 1.233431E-10	 9.984198E-3	 2.135934E-6
1.240000E+1	 1.182791E-10	 9.984205E-3	 2.104672E-6
1.220000E+1	 9.671491E-11	 9.984191E-3	 2.072915E-6
1.200000E+1	 8.392809E-11	 9.983744E-3	 2.041824E-6
1.180000E+1	 7.877979E-11	 9.983971E-3	 2.012144E-6
1.160000E+1	 5.957856E-11	 9.984093E-3	 1.982449E-6
1.140000E+1	 4.219197E-11	 9.983623E-3	 1.954134E-6
1.120000E+1	 4.008203E-11	 9.984090E-3	 1.925651E-6
1.100000E+1	 3.396301E-11	 9.984204E-3	 1.898789E-6
1.080000E+1	 3.231723E-11	 9.984321E-3	 1.873132E-6
1.060000E+1	 2.312692E-12	 9.984092E-3	 1.848937E-6
1.040000E+1	 1.011982E-11	 9.982699E-3	 1.821881E-6
1.020000E+1	 -8.743770E-12	 9.984192E-3	 1.800963E-6
1.000000E+1	 -2.587694E-11	 9.983967E-3	 1.780344E-6
9.800000E+0	 -3.592067E-11	 9.984666E-3	 1.761428E-6
9.600000E+0	 -4.267270E-11	 9.984312E-3	 1.743792E-6
9.400001E+0	 -5.980608E-11	 9.984666E-3	 1.727353E-6
9.200001E+0	 -5.588140E-11	 9.984552E-3	 1.712867E-6
9.000000E+0	 -6.326649E-11	 9.984550E-3	 1.697884E-6
8.800000E+0	 -8.027319E-11	 9.984551E-3	 1.687070E-6
8.600000E+0	 -1.023862E-10	 9.984895E-3	 1.677399E-6
8.400001E+0	 -1.203213E-10	 9.984657E-3	 1.668464E-6
8.200001E+0	 -1.121344E-10	 9.984553E-3	 1.661065E-6
8.000000E+0	 -1.288457E-10	 9.984897E-3	 1.654963E-6
7.800000E+0	 -1.392692E-10	 9.985008E-3	 1.650370E-6
7.600000E+0	 -1.434470E-10	 9.984895E-3	 1.647147E-6
7.400001E+0	 -1.605382E-10	 9.984316E-3	 1.644723E-6
7.200000E+0	 -1.651802E-10	 9.984902E-3	 1.643456E-6
7.000000E+0	 -1.734937E-10	 9.983858E-3	 1.642692E-6
6.800000E+0	 -1.853942E-10	 9.984895E-3	 1.643684E-6
6.600000E+0	 -1.913444E-10	 9.984783E-3	 1.645892E-6
6.400000E+0	 -2.115596E-10	 9.985239E-3	 1.648181E-6
6.200000E+0	 -2.070017E-10	 9.984776E-3	 1.651252E-6
6.000000E+0	 -2.314793E-10	 9.985015E-3	 1.656185E-6
5.800000E+0	 -2.312683E-10	 9.984776E-3	 1.661673E-6
5.600000E+0	 -2.476430E-10	 9.985013E-3	 1.666720E-6
5.400000E+0	 -2.516101E-10	 9.984785E-3	 1.672654E-6
5.200000E+0	 -2.659591E-10	 9.984088E-3	 1.678776E-6
5.000000E+0	 -2.846127E-10	 9.984315E-3	 1.685996E-6
4.800000E+0	 -2.668453E-10	 9.984666E-3	 1.693158E-6
4.600000E+0	 -2.868916E-10	 9.984657E-3	 1.701214E-6
4.400000E+0	 -3.031397E-10	 9.984436E-3	 1.709933E-6
4.200000E+0	 -3.161382E-10	 9.985129E-3	 1.718162E-6
4.000000E+0	 -3.304450E-10	 9.984426E-3	 1.727049E-6
3.800000E+0	 -3.336945E-10	 9.984780E-3	 1.737325E-6
3.600000E+0	 -3.430637E-10	 9.984665E-3	 1.746900E-6
3.400000E+0	 -3.509976E-10	 9.984316E-3	 1.757311E-6
3.200000E+0	 -3.692715E-10	 9.984436E-3	 1.768718E-6
3.000000E+0	 -3.718882E-10	 9.984551E-3	 1.779994E-6
2.800000E+0	 -3.678367E-10	 9.984781E-3	 1.791892E-6
2.600000E+0	 -3.900776E-10	 9.984550E-3	 1.803195E-6
2.400000E+0	 -4.035825E-10	 9.984666E-3	 1.815922E-6
2.200000E+0	 -3.967456E-10	 9.984195E-3	 1.828700E-6
2.000000E+0	 -4.312676E-10	 9.984775E-3	 1.840628E-6
1.800000E+0	 -4.243041E-10	 9.984667E-3	 1.853601E-6
1.600000E+0	 -4.316474E-10	 9.984778E-3	 1.862132E-6
1.400000E+0	 -4.401723E-10	 9.984549E-3	 1.875349E-6
1.200000E+0	 -4.653674E-10	 9.984322E-3	 1.884665E-6
1.000000E+0	 -4.802229E-10	 9.984321E-3	 1.898559E-6
8.000003E-1	 -5.036877E-10	 9.983853E-3	 1.914382E-6
6.000003E-1	 -5.185852E-10	 9.984898E-3	 1.941647E-6
4.000002E-1	 -5.300222E-10	 9.985362E-3	 2.014830E-6
2.000002E-1	 -5.519675E-10	 9.984429E-3	 2.319831E-6
2.235174E-7	 -5.443712E-10	 9.984549E-3	 2.376877E-6
-1.999998E-1	 -5.344533E-10	 9.984781E-3	 2.383262E-6
-3.999998E-1	 -5.379561E-10	 9.985123E-3	 2.389483E-6
-5.999998E-1	 -5.277008E-10	 9.984667E-3	 2.397129E-6
-7.999998E-1	 -5.526427E-10	 9.985241E-3	 2.404934E-6
-9.999998E-1	 -5.515032E-10	 9.984780E-3	 2.413430E-6
-1.200000E+0	 -5.677512E-10	 9.984895E-3	 2.423255E-6
-1.400000E+0	 -6.495404E-10	 9.985015E-3	 2.463614E-6
-1.600000E+0	 -1.371293E-9	 9.984777E-3	 2.614926E-6
-1.800000E+0	 -6.099539E-10	 9.984547E-3	 2.638317E-6
-2.000000E+0	 -6.111777E-10	 9.984890E-3	 2.664160E-6
-2.200000E+0	 -6.134991E-10	 9.984664E-3	 2.690265E-6
-2.400000E+0	 -6.202937E-10	 9.984898E-3	 2.717520E-6
-2.600000E+0	 -6.416063E-10	 9.984778E-3	 2.744750E-6
-2.800000E+0	 -6.447294E-10	 9.984547E-3	 2.772276E-6
-3.000000E+0	 -6.556597E-10	 9.985121E-3	 2.799605E-6
-3.200000E+0	 -6.623698E-10	 9.984437E-3	 2.826390E-6
-3.400000E+0	 -6.808547E-10	 9.984544E-3	 2.853136E-6
-3.600000E+0	 -6.766344E-10	 9.984205E-3	 2.881311E-6
-3.800000E+0	 -6.943597E-10	 9.984553E-3	 2.908047E-6
-4.000000E+0	 -6.957100E-10	 9.984545E-3	 2.935347E-6
-4.200000E+0	 -7.010700E-10	 9.984785E-3	 2.962599E-6
-4.400000E+0	 -7.263494E-10	 9.984781E-3	 2.990155E-6
-4.600000E+0	 -7.302322E-10	 9.984897E-3	 3.017754E-6
-4.800000E+0	 -7.471975E-10	 9.984664E-3	 3.044554E-6
-5.000000E+0	 -7.496452E-10	 9.984782E-3	 3.070352E-6
-5.200000E+0	 -7.559334E-10	 9.984667E-3	 3.100120E-6
-5.400000E+0	 -7.541187E-10	 9.984780E-3	 3.125963E-6
-5.600000E+0	 -7.914260E-10	 9.984315E-3	 3.151772E-6
-5.800000E+0	 -8.033272E-10	 9.983511E-3	 3.176703E-6
-6.000000E+0	 -7.999088E-10	 9.984205E-3	 3.203127E-6
-6.200000E+0	 -8.334177E-10	 9.984204E-3	 3.228550E-6
-6.400000E+0	 -8.238379E-10	 9.984195E-3	 3.254263E-6
-6.600000E+0	 -8.306321E-10	 9.984199E-3	 3.279138E-6
-6.800000E+0	 -8.512696E-10	 9.984433E-3	 3.304032E-6
-7.000000E+0	 -8.495391E-10	 9.983849E-3	 3.329533E-6
-7.200000E+0	 -8.494973E-10	 9.984082E-3	 3.354284E-6
-7.400000E+0	 -8.680242E-10	 9.983394E-3	 3.377415E-6
-7.600000E+0	 -8.750299E-10	 9.984086E-3	 3.402015E-6
-7.800000E+0	 -8.692482E-10	 9.983742E-3	 3.425261E-6
-8.000000E+0	 -8.846098E-10	 9.984082E-3	 3.452792E-6
-8.200000E+0	 -8.922487E-10	 9.983616E-3	 3.475463E-6
-8.400000E+0	 -9.204398E-10	 9.984320E-3	 3.499244E-6
-8.600000E+0	 -9.243227E-10	 9.984088E-3	 3.522416E-6
-8.800000E+0	 -9.423854E-10	 9.984778E-3	 3.545446E-6
-9.000000E+0	 -9.474495E-10	 9.983857E-3	 3.566865E-6
-9.200000E+0	 -9.547931E-10	 9.984547E-3	 3.591037E-6
-9.400000E+0	 -9.677920E-10	 9.984549E-3	 3.612866E-6
-9.600000E+0	 -9.758099E-10	 9.984897E-3	 3.636083E-6
-9.800000E+0	 -9.864448E-10	 9.985231E-3	 3.657254E-6
-1.000000E+1	 -9.886819E-10	 9.984777E-3	 3.682825E-6
-1.020000E+1	 -1.003158E-9	 9.984549E-3	 3.702910E-6
-1.040000E+1	 -1.017886E-9	 9.984778E-3	 3.724824E-6
-1.060000E+1	 -1.038481E-9	 9.984664E-3	 3.744712E-6
-1.080000E+1	 -1.036498E-9	 9.984778E-3	 3.766956E-6
-1.100000E+1	 -1.034683E-9	 9.984425E-3	 3.788039E-6
-1.120000E+1	 -1.049117E-9	 9.984895E-3	 3.807884E-6
-1.140000E+1	 -1.071442E-9	 9.984664E-3	 3.828157E-6
-1.160000E+1	 -1.074818E-9	 9.984549E-3	 3.848916E-6
-1.180000E+1	 -1.083217E-9	 9.984200E-3	 3.868589E-6
-1.200000E+1	 -1.088534E-9	 9.984086E-3	 3.888310E-6
-1.220000E+1	 -1.097565E-9	 9.984314E-3	 3.908682E-6
-1.240000E+1	 -1.110522E-9	 9.984315E-3	 3.929313E-6
-1.260000E+1	 -1.115839E-9	 9.983961E-3	 3.948986E-6
-1.280000E+1	 -1.132172E-9	 9.984537E-3	 3.967817E-6
-1.300000E+1	 -1.136814E-9	 9.983971E-3	 3.988052E-6
-1.320000E+1	 -1.156776E-9	 9.984086E-3	 4.006671E-6
-1.340000E+1	 -1.169141E-9	 9.984086E-3	 4.025697E-6
-1.360000E+1	 -1.191002E-9	 9.984434E-3	 4.044472E-6
-1.380000E+1	 -1.230378E-9	 9.983742E-3	 4.063764E-6
-1.400000E+1	 -1.292754E-9	 9.984079E-3	 4.081495E-6
-1.420000E+1	 -1.351921E-9	 9.983851E-3	 4.100719E-6
-1.440000E+1	 -1.366524E-9	 9.984079E-3	 4.120160E-6
-1.460000E+1	 -1.355214E-9	 9.983737E-3	 4.138868E-6
-1.480000E+1	 -1.369562E-9	 9.984434E-3	 4.156217E-6
-1.500000E+1	 -1.366060E-9	 9.984663E-3	 4.176145E-6
-1.480000E+1	 -9.850525E-10	 9.984894E-3	 4.145852E-6
-1.460000E+1	 -8.714424E-10	 9.984545E-3	 4.120404E-6
-1.440000E+1	 -8.181408E-10	 9.984660E-3	 4.093167E-6
-1.420000E+1	 -7.677503E-10	 9.984429E-3	 4.067870E-6
-1.400000E+1	 -7.143636E-10	 9.984780E-3	 4.043783E-6
-1.380000E+1	 -6.849062E-10	 9.984319E-3	 4.019272E-6
-1.360000E+1	 -6.458262E-10	 9.984192E-3	 3.993267E-6
-1.340000E+1	 -6.297048E-10	 9.984427E-3	 3.969501E-6
-1.320000E+1	 -5.905407E-10	 9.984202E-3	 3.944182E-6
-1.300000E+1	 -5.626446E-10	 9.984778E-3	 3.918366E-6
-1.280000E+1	 -5.203997E-10	 9.984204E-3	 3.895051E-6
-1.260000E+1	 -4.921657E-10	 9.984314E-3	 3.868721E-6
-1.240000E+1	 -4.814042E-10	 9.983510E-3	 3.843325E-6
-1.220000E+1	 -4.664225E-10	 9.983740E-3	 3.819271E-6
-1.200000E+1	 -4.297481E-10	 9.984664E-3	 3.794262E-6
-1.180000E+1	 -4.186487E-10	 9.984547E-3	 3.768878E-6
-1.160000E+1	 -3.951417E-10	 9.984549E-3	 3.742957E-6
-1.140000E+1	 -3.874186E-10	 9.984310E-3	 3.717914E-6
-1.120000E+1	 -3.657264E-10	 9.984664E-3	 3.692305E-6
-1.100000E+1	 -3.401938E-10	 9.984543E-3	 3.665337E-6
-1.080000E+1	 -3.250429E-10	 9.985005E-3	 3.638944E-6
-1.060000E+1	 -3.071489E-10	 9.984782E-3	 3.613188E-6
-1.040000E+1	 -2.875668E-10	 9.985010E-3	 3.585839E-6
-1.020000E+1	 -2.881577E-10	 9.984549E-3	 3.559242E-6
-1.000000E+1	 -2.668452E-10	 9.984420E-3	 3.532318E-6
-9.800000E+0	 -2.639333E-10	 9.984777E-3	 3.505863E-6
-9.600000E+0	 -2.305509E-10	 9.984890E-3	 3.477268E-6
-9.400000E+0	 -2.173414E-10	 9.984433E-3	 3.449946E-6
-9.200000E+0	 -2.058200E-10	 9.984426E-3	 3.422758E-6
-9.000000E+0	 -1.850988E-10	 9.984202E-3	 3.394342E-6
-8.800000E+0	 -1.779669E-10	 9.984667E-3	 3.366706E-6
-8.600000E+0	 -1.655178E-10	 9.984088E-3	 3.337952E-6
-8.400000E+0	 -1.518028E-10	 9.984433E-3	 3.309599E-6
-8.200000E+0	 -1.312934E-10	 9.984549E-3	 3.281206E-6
-8.000000E+0	 -1.347960E-10	 9.985235E-3	 3.252718E-6
-7.800000E+0	 -1.156793E-10	 9.984657E-3	 3.221640E-6
-7.600000E+0	 -1.098978E-10	 9.984656E-3	 3.194019E-6
-7.400000E+0	 -7.605313E-11	 9.984312E-3	 3.164839E-6
-7.200000E+0	 -6.162078E-11	 9.984664E-3	 3.135224E-6
-7.000000E+0	 -5.423567E-11	 9.985243E-3	 3.106639E-6
-6.800000E+0	 -4.474060E-11	 9.984436E-3	 3.076799E-6
-6.600000E+0	 -4.313705E-11	 9.984198E-3	 3.047282E-6
-6.400000E+0	 -2.963288E-11	 9.984319E-3	 3.017030E-6
-6.200000E+0	 -1.963146E-11	 9.984433E-3	 2.987825E-6
-6.000000E+0	 3.916353E-12	 9.984433E-3	 2.957705E-6
-5.800000E+0	 7.123482E-12	 9.984432E-3	 2.927262E-6
-5.600000E+0	 2.007895E-11	 9.983968E-3	 2.897346E-6
-5.400000E+0	 3.425835E-11	 9.983735E-3	 2.866395E-6
-5.200000E+0	 4.953485E-11	 9.984434E-3	 2.835072E-6
-5.000000E+0	 6.012685E-11	 9.984202E-3	 2.803906E-6
-4.800000E+0	 8.658654E-11	 9.984203E-3	 2.773801E-6
-4.600000E+0	 1.458357E-10	 9.984314E-3	 2.742576E-6
-4.400000E+0	 1.679909E-10	 9.984434E-3	 2.711803E-6
-4.200000E+0	 1.812419E-10	 9.983497E-3	 2.679783E-6
-4.000000E+0	 1.807777E-10	 9.983966E-3	 2.648236E-6
-3.800000E+0	 2.010761E-10	 9.984083E-3	 2.616265E-6
-3.600000E+0	 2.205304E-10	 9.984665E-3	 2.584263E-6
-3.400000E+0	 2.250458E-10	 9.984320E-3	 2.552697E-6
-3.200000E+0	 2.408707E-10	 9.984545E-3	 2.520845E-6
-3.000000E+0	 2.366930E-10	 9.984545E-3	 2.490221E-6
-2.800000E+0	 2.350049E-10	 9.984664E-3	 2.455034E-6
-2.600000E+0	 2.544171E-10	 9.984315E-3	 2.424406E-6
-2.400000E+0	 2.925664E-10	 9.984544E-3	 2.392325E-6
-2.200000E+0	 3.102482E-10	 9.984547E-3	 2.359437E-6
-2.000000E+0	 3.045509E-10	 9.983509E-3	 2.328250E-6
-1.800000E+0	 3.210934E-10	 9.983737E-3	 2.296158E-6
-1.600000E+0	 3.334160E-10	 9.983623E-3	 2.263268E-6
-1.400000E+0	 3.251872E-10	 9.983624E-3	 2.232166E-6
-1.200000E+0	 3.493257E-10	 9.984084E-3	 2.200924E-6
-9.999998E-1	 3.506759E-10	 9.984549E-3	 2.169904E-6
-7.999998E-1	 3.695393E-10	 9.984312E-3	 2.139126E-6
-5.999998E-1	 3.830437E-10	 9.984195E-3	 2.108010E-6
-3.999998E-1	 3.820309E-10	 9.984550E-3	 2.078203E-6
-1.999998E-1	 3.876858E-10	 9.984203E-3	 2.047958E-6
2.235174E-7	 3.747302E-10	 9.984090E-3	 2.019893E-6
2.000002E-1	 3.820309E-10	 9.984543E-3	 1.993735E-6
4.000002E-1	 3.713544E-10	 9.984200E-3	 1.965267E-6
6.000003E-1	 3.654040E-10	 9.984547E-3	 1.940995E-6
8.000003E-1	 3.660791E-10	 9.984322E-3	 1.918277E-6
1.000000E+0	 3.913152E-10	 9.984783E-3	 1.890610E-6
1.200000E+0	 3.838037E-10	 9.985121E-3	 1.863828E-6
1.400000E+0	 4.004727E-10	 9.985115E-3	 1.843139E-6
1.600000E+0	 4.154961E-10	 9.984657E-3	 1.821917E-6
1.800000E+0	 4.743652E-10	 9.984897E-3	 1.801432E-6
2.000000E+0	 4.410691E-10	 9.985125E-3	 1.781340E-6
2.200000E+0	 4.524635E-10	 9.985584E-3	 1.762421E-6
2.400000E+0	 4.529696E-10	 9.985702E-3	 1.745553E-6
2.600000E+0	 4.605238E-10	 9.985011E-3	 1.730067E-6
2.800000E+0	 4.726353E-10	 9.985128E-3	 1.716016E-6
3.000000E+0	 4.848731E-10	 9.985244E-3	 1.703138E-6
3.200000E+0	 4.873622E-10	 9.985123E-3	 1.692004E-6
3.400000E+0	 5.034413E-10	 9.985820E-3	 1.683157E-6
3.600000E+0	 5.211231E-10	 9.985118E-3	 1.676088E-6
3.800000E+0	 5.228955E-10	 9.985114E-3	 1.670266E-6
4.000000E+0	 5.419276E-10	 9.984784E-3	 1.666363E-6
4.200000E+0	 5.329810E-10	 9.984549E-3	 1.663822E-6
4.400000E+0	 5.632811E-10	 9.984551E-3	 1.663303E-6
4.600000E+0	 5.675436E-10	 9.985128E-3	 1.664313E-6
4.800000E+0	 5.668684E-10	 9.984993E-3	 1.667047E-6
5.000000E+0	 5.829466E-10	 9.985125E-3	 1.671227E-6
5.200000E+0	 5.949317E-10	 9.984664E-3	 1.677024E-6
5.400000E+0	 5.955224E-10	 9.985005E-3	 1.684011E-6
5.600000E+0	 6.093215E-10	 9.984084E-3	 1.691790E-6
5.800000E+0	 6.258645E-10	 9.984547E-3	 1.700722E-6
6.000000E+0	 6.346000E-10	 9.985012E-3	 1.710942E-6
6.200000E+0	 6.451916E-10	 9.984661E-3	 1.721657E-6
6.400000E+0	 6.496235E-10	 9.984661E-3	 1.733324E-6
6.600000E+0	 6.571771E-10	 9.985126E-3	 1.746052E-6
6.800000E+0	 6.684024E-10	 9.985011E-3	 1.760474E-6
7.000000E+0	 6.807672E-10	 9.984552E-3	 1.774186E-6
7.200000E+0	 6.884051E-10	 9.984199E-3	 1.789080E-6
7.400001E+0	 7.125860E-10	 9.984549E-3	 1.804598E-6
7.600000E+0	 7.091673E-10	 9.984432E-3	 1.821648E-6
7.800000E+0	 7.281159E-10	 9.984895E-3	 1.840184E-6
8.000000E+0	 7.271874E-10	 9.985243E-3	 1.859560E-6
8.200001E+0	 7.492159E-10	 9.984431E-3	 1.880585E-6
8.400001E+0	 7.417466E-10	 9.984433E-3	 1.903035E-6
8.600000E+0	 7.768148E-10	 9.984082E-3	 1.926644E-6
8.800000E+0	 7.685435E-10	 9.984896E-3	 1.951862E-6
9.000000E+0	 7.790935E-10	 9.984432E-3	 1.977423E-6
9.200001E+0	 7.923446E-10	 9.984434E-3	 2.004989E-6
9.400001E+0	 8.062284E-10	 9.984436E-3	 2.033320E-6
9.600000E+0	 8.102370E-10	 9.984659E-3	 2.062156E-6
9.800000E+0	 8.228129E-10	 9.984547E-3	 2.092403E-6
1.000000E+1	 8.352203E-10	 9.984319E-3	 2.121138E-6
1.020000E+1	 8.401999E-10	 9.984659E-3	 2.152864E-6
1.040000E+1	 8.447153E-10	 9.984667E-3	 2.183938E-6
1.060000E+1	 8.629035E-10	 9.984320E-3	 2.215669E-6
1.080000E+1	 8.691494E-10	 9.984203E-3	 2.248187E-6
1.100000E+1	 8.752682E-10	 9.984549E-3	 2.280035E-6
1.120000E+1	 8.926969E-10	 9.984550E-3	 2.312152E-6
1.140000E+1	 9.057785E-10	 9.983956E-3	 2.344643E-6
1.160000E+1	 9.068334E-10	 9.984885E-3	 2.376246E-6
1.180000E+1	 9.179327E-10	 9.984086E-3	 2.409151E-6
1.200000E+1	 9.223637E-10	 9.984433E-3	 2.439701E-6
1.220000E+1	 9.382728E-10	 9.984657E-3	 2.472143E-6
1.240000E+1	 9.406781E-10	 9.984316E-3	 2.504260E-6
1.260000E+1	 9.603024E-10	 9.984434E-3	 2.535494E-6
1.280000E+1	 9.764636E-10	 9.984666E-3	 2.566712E-6
1.300000E+1	 9.864655E-10	 9.984316E-3	 2.597255E-6
1.320000E+1	 9.830062E-10	 9.984433E-3	 2.628721E-6
1.340000E+1	 9.935556E-10	 9.984203E-3	 2.659484E-6
1.360000E+1	 1.001742E-9	 9.984771E-3	 2.690648E-6
1.380000E+1	 1.008200E-9	 9.983965E-3	 2.720347E-6
1.400000E+1	 1.024827E-9	 9.984887E-3	 2.749922E-6
1.420000E+1	 1.032379E-9	 9.984666E-3	 2.780209E-6
1.440000E+1	 1.049471E-9	 9.984665E-3	 2.809831E-6
1.460000E+1	 1.055970E-9	 9.984434E-3	 2.838883E-6
1.480000E+1	 1.051201E-9	 9.984543E-3	 2.868463E-6
1.500000E+1	 1.077618E-9	 9.984664E-3	 2.896763E-6
1.520000E+1	 1.090363E-9	 9.983965E-3	 2.925337E-6
1.540000E+1	 1.094203E-9	 9.984543E-3	 2.953471E-6
1.560000E+1	 1.090743E-9	 9.984081E-3	 2.980613E-6
1.580000E+1	 1.123406E-9	 9.984433E-3	 3.008638E-6
1.600000E+1	 1.119692E-9	 9.984082E-3	 3.035327E-6
1.620000E+1	 1.137797E-9	 9.984089E-3	 3.062073E-6
1.640000E+1	 1.142269E-9	 9.984319E-3	 3.088654E-6
1.660000E+1	 1.160120E-9	 9.984549E-3	 3.115528E-6
1.680000E+1	 1.158094E-9	 9.984194E-3	 3.141482E-6
1.700000E+1	 1.181178E-9	 9.984437E-3	 3.167772E-6
1.720000E+1	 1.177507E-9	 9.983741E-3	 3.193488E-6
1.740000E+1	 1.184765E-9	 9.984546E-3	 3.218305E-6
1.760000E+1	 1.190377E-9	 9.984550E-3	 3.242898E-6
1.780000E+1	 1.200295E-9	 9.984088E-3	 3.267647E-6
1.800000E+1	 1.218821E-9	 9.983739E-3	 3.292835E-6
1.820000E+1	 1.223504E-9	 9.984203E-3	 3.316224E-6
1.840000E+1	 1.234941E-9	 9.984088E-3	 3.340078E-6
1.860000E+1	 1.244141E-9	 9.983965E-3	 3.363143E-6
1.880000E+1	 1.264016E-9	 9.984089E-3	 3.386686E-6
1.900000E+1	 1.276002E-9	 9.984196E-3	 3.409612E-6
1.920000E+1	 1.269967E-9	 9.984654E-3	 3.432296E-6
1.940000E+1	 1.282501E-9	 9.984196E-3	 3.455098E-6
1.960000E+1	 1.291067E-9	 9.983618E-3	 3.477299E-6
1.980000E+1	 1.305501E-9	 9.984316E-3	 3.499322E-6
2.000000E+1	 1.315502E-9	 9.984543E-3	 3.520654E-6
2.020000E+1	 1.321030E-9	 9.984085E-3	 3.541495E-6
2.040000E+1	 1.330272E-9	 9.983855E-3	 3.563181E-6
2.060000E+1	 1.352976E-9	 9.984083E-3	 3.584145E-6
2.080000E+1	 1.345505E-9	 9.984423E-3	 3.604359E-6
2.100000E+1	 1.360361E-9	 9.986051E-3	 3.625216E-6
2.120000E+1	 1.369096E-9	 9.984894E-3	 3.645025E-6
2.140000E+1	 1.396147E-9	 9.984081E-3	 3.665812E-6
2.160000E+1	 1.394375E-9	 9.984655E-3	 3.684757E-6
2.180000E+1	 1.399353E-9	 9.984432E-3	 3.704503E-6
2.200000E+1	 1.414968E-9	 9.984434E-3	 3.723400E-6
2.220000E+1	 1.415221E-9	 9.984769E-3	 3.742635E-6
2.240000E+1	 1.436827E-9	 9.984551E-3	 3.761635E-6
2.260000E+1	 1.445267E-9	 9.984549E-3	 3.779533E-6
2.280000E+1	 1.448559E-9	 9.984204E-3	 3.798252E-6
2.300000E+1	 1.468392E-9	 9.984546E-3	 3.816926E-6
2.320000E+1	 1.467170E-9	 9.984549E-3	 3.834011E-6
2.340000E+1	 1.482657E-9	 9.984782E-3	 3.851953E-6
2.360000E+1	 1.492110E-9	 9.984896E-3	 3.869128E-6
2.380000E+1	 1.493967E-9	 9.985006E-3	 3.886285E-6
2.400000E+1	 1.512240E-9	 9.984654E-3	 3.903559E-6
2.420000E+1	 1.514771E-9	 9.984436E-3	 3.919840E-6
2.440000E+1	 1.538698E-9	 9.984319E-3	 3.936175E-6
2.460000E+1	 1.533467E-9	 9.984663E-3	 3.952443E-6
2.480000E+1	 1.540514E-9	 9.984321E-3	 3.967770E-6
2.500000E+1	 1.551149E-9	 9.984319E-3	 3.984131E-6
2.480000E+1	 1.264228E-9	 9.984550E-3	 3.954463E-6
2.460000E+1	 1.196328E-9	 9.984433E-3	 3.928424E-6
2.440000E+1	 1.127752E-9	 9.984547E-3	 3.901459E-6
2.420000E+1	 1.086607E-9	 9.985004E-3	 3.875556E-6
2.400000E+1	 1.037106E-9	 9.984543E-3	 3.850913E-6
2.380000E+1	 9.892520E-10	 9.984898E-3	 3.825048E-6
2.360000E+1	 9.654925E-10	 9.984431E-3	 3.800386E-6
2.340000E+1	 9.179327E-10	 9.984316E-3	 3.773926E-6
2.320000E+1	 8.856073E-10	 9.984544E-3	 3.748366E-6
2.300000E+1	 8.828643E-10	 9.984308E-3	 3.723129E-6
2.280000E+1	 8.414234E-10	 9.984659E-3	 3.697887E-6
2.260000E+1	 8.221804E-10	 9.983742E-3	 3.671694E-6
2.240000E+1	 7.925135E-10	 9.984088E-3	 3.644831E-6
2.220000E+1	 7.667285E-10	 9.984316E-3	 3.619014E-6
2.200000E+1	 7.502713E-10	 9.983972E-3	 3.592563E-6
2.180000E+1	 7.255831E-10	 9.984202E-3	 3.566209E-6
2.160000E+1	 7.062975E-10	 9.984663E-3	 3.539785E-6
2.140000E+1	 6.979425E-10	 9.984081E-3	 3.513219E-6
2.120000E+1	 6.652372E-10	 9.984198E-3	 3.486459E-6
2.100000E+1	 6.681915E-10	 9.983854E-3	 3.457862E-6
2.080000E+1	 6.435459E-10	 9.983970E-3	 3.430358E-6
2.060000E+1	 6.223620E-10	 9.984547E-3	 3.402117E-6
2.040000E+1	 5.975481E-10	 9.984084E-3	 3.375010E-6
2.020000E+1	 5.860274E-10	 9.984088E-3	 3.347317E-6
2.000000E+1	 5.773760E-10	 9.984553E-3	 3.319321E-6
1.980000E+1	 5.590198E-10	 9.983855E-3	 3.290068E-6
1.960000E+1	 5.504948E-10	 9.984319E-3	 3.261205E-6
1.940000E+1	 5.373704E-10	 9.984200E-3	 3.230854E-6
1.920000E+1	 5.327706E-10	 9.984078E-3	 3.200899E-6
1.900000E+1	 5.041584E-10	 9.984546E-3	 3.171845E-6
1.880000E+1	 4.905278E-10	 9.983730E-3	 3.142294E-6
1.860000E+1	 4.856326E-10	 9.983625E-3	 3.111849E-6
1.840000E+1	 4.822986E-10	 9.983964E-3	 3.078620E-6
1.820000E+1	 4.555016E-10	 9.983847E-3	 3.048806E-6
1.800000E+1	 4.381151E-10	 9.984547E-3	 3.018000E-6
1.780000E+1	 4.214039E-10	 9.983855E-3	 2.985360E-6
1.760000E+1	 4.065072E-10	 9.983625E-3	 2.953662E-6
1.740000E+1	 3.948172E-10	 9.983504E-3	 2.922119E-6
1.720000E+1	 3.826218E-10	 9.984086E-3	 2.889736E-6
1.700000E+1	 3.694129E-10	 9.984313E-3	 2.857563E-6
1.680000E+1	 3.729153E-10	 9.983854E-3	 2.824581E-6
1.660000E+1	 3.430801E-10	 9.984315E-3	 2.791846E-6
1.640000E+1	 3.340915E-10	 9.983508E-3	 2.758792E-6
1.620000E+1	 3.138357E-10	 9.983975E-3	 2.726281E-6
1.600000E+1	 3.153121E-10	 9.983970E-3	 2.688321E-6
1.580000E+1	 2.973349E-10	 9.983740E-3	 2.656911E-6
1.560000E+1	 2.642498E-10	 9.983970E-3	 2.622707E-6
1.540000E+1	 2.661069E-10	 9.984661E-3	 2.589864E-6
1.520000E+1	 2.664865E-10	 9.983738E-3	 2.555286E-6
1.500000E+1	 2.432765E-10	 9.983964E-3	 2.520685E-6
1.480000E+1	 2.535733E-10	 9.983973E-3	 2.487717E-6
1.460000E+1	 2.234423E-10	 9.983279E-3	 2.452695E-6
1.440000E+1	 2.234846E-10	 9.983504E-3	 2.419499E-6
1.420000E+1	 2.066046E-10	 9.984319E-3	 2.385213E-6
1.400000E+1	 1.852511E-10	 9.983726E-3	 2.350650E-6
1.380000E+1	 1.820439E-10	 9.983975E-3	 2.317094E-6
1.360000E+1	 1.676536E-10	 9.983511E-3	 2.282797E-6
1.340000E+1	 1.711138E-10	 9.984320E-3	 2.250257E-6
1.320000E+1	 1.499715E-10	 9.983975E-3	 2.217093E-6
1.300000E+1	 1.454982E-10	 9.984200E-3	 2.183544E-6
1.280000E+1	 1.298842E-10	 9.983853E-3	 2.151200E-6
1.260000E+1	 1.224147E-10	 9.984204E-3	 2.118958E-6
1.240000E+1	 1.141011E-10	 9.983739E-3	 2.088022E-6
1.220000E+1	 9.338075E-11	 9.984187E-3	 2.056758E-6
1.200000E+1	 9.743223E-11	 9.983741E-3	 2.026612E-6
1.180000E+1	 8.430798E-11	 9.983853E-3	 1.997527E-6
1.160000E+1	 6.320777E-11	 9.983503E-3	 1.968226E-6
1.140000E+1	 5.400799E-11	 9.983975E-3	 1.940621E-6
1.120000E+1	 3.919574E-11	 9.984436E-3	 1.913883E-6
1.100000E+1	 4.417539E-11	 9.983857E-3	 1.887144E-6
1.080000E+1	 3.286581E-11	 9.983858E-3	 1.862743E-6
1.060000E+1	 2.248458E-11	 9.983844E-3	 1.838966E-6
1.040000E+1	 -3.046646E-12	 9.984437E-3	 1.817024E-6
1.020000E+1	 -1.359675E-11	 9.983618E-3	 1.795567E-6
1.000000E+1	 -1.709942E-11	 9.983162E-3	 1.775679E-6
9.800000E+0	 -2.427340E-11	 9.984436E-3	 1.758157E-6
9.600000E+0	 -3.427481E-11	 9.984312E-3	 1.741711E-6
9.400001E+0	 -5.119725E-11	 9.984200E-3	 1.726182E-6
9.200001E+0	 -4.997339E-11	 9.984079E-3	 1.712814E-6
9.000000E+0	 -6.588292E-11	 9.984784E-3	 1.700600E-6
8.800000E+0	 -6.330871E-11	 9.984898E-3	 1.690762E-6
8.600000E+0	 -9.145631E-11	 9.984775E-3	 1.681426E-6
8.400001E+0	 -9.381954E-11	 9.984430E-3	 1.674001E-6
8.200001E+0	 -1.031457E-10	 9.984547E-3	 1.667655E-6
8.000000E+0	 -1.250055E-10	 9.984315E-3	 1.662506E-6
7.800000E+0	 -1.300274E-10	 9.984198E-3	 1.658467E-6
7.600000E+0	 -1.336988E-10	 9.984783E-3	 1.655620E-6
7.400001E+0	 -1.479625E-10	 9.984549E-3	 1.654411E-6
7.200000E+0	 -1.642518E-10	 9.984775E-3	 1.653885E-6
7.000000E+0	 -1.660664E-10	 9.984665E-3	 1.654251E-6
6.800000E+0	 -1.827778E-10	 9.984436E-3	 1.655833E-6
6.600000E+0	 -1.947629E-10	 9.984667E-3	 1.657595E-6
6.400000E+0	 -2.074237E-10	 9.984202E-3	 1.661033E-6
6.200000E+0	 -2.005447E-10	 9.983972E-3	 1.665337E-6
6.000000E+0	 -2.162863E-10	 9.984205E-3	 1.669910E-6
5.800000E+0	 -2.263306E-10	 9.984898E-3	 1.675439E-6
5.600000E+0	 -2.494577E-10	 9.984307E-3	 1.681497E-6
5.400000E+0	 -2.515257E-10	 9.984203E-3	 1.687959E-6
5.200000E+0	 -2.566744E-10	 9.983852E-3	 1.694554E-6
5.000000E+0	 -2.711500E-10	 9.984664E-3	 1.702252E-6
4.800000E+0	 -2.828824E-10	 9.984091E-3	 1.709211E-6
4.600000E+0	 -2.891705E-10	 9.984432E-3	 1.717164E-6
4.400000E+0	 -3.023800E-10	 9.984089E-3	 1.725569E-6
4.200000E+0	 -3.104408E-10	 9.984430E-3	 1.734223E-6
4.000000E+0	 -3.219621E-10	 9.984079E-3	 1.743429E-6
3.800000E+0	 -3.317110E-10	 9.983744E-3	 1.753218E-6
3.600000E+0	 -3.318376E-10	 9.983737E-3	 1.764238E-6
3.400000E+0	 -2.414392E-10	 9.984089E-3	 1.773870E-6
3.200000E+0	 -3.561464E-10	 9.984323E-3	 1.785960E-6
3.000000E+0	 -3.660219E-10	 9.983975E-3	 1.797003E-6
2.800000E+0	 -3.830297E-10	 9.984319E-3	 1.808525E-6
2.600000E+0	 -3.871655E-10	 9.984313E-3	 1.820664E-6
2.400000E+0	 -3.910060E-10	 9.984318E-3	 1.831937E-6
2.200000E+0	 -4.069586E-10	 9.985008E-3	 1.843872E-6
2.000000E+0	 -4.151881E-10	 9.984665E-3	 1.856767E-6
1.800000E+0	 -4.283555E-10	 9.984544E-3	 1.868826E-6
1.600000E+0	 -4.378513E-10	 9.984200E-3	 1.881088E-6
1.400000E+0	 -4.463761E-10	 9.983969E-3	 1.893448E-6
1.200000E+0	 -4.508495E-10	 9.984088E-3	 1.905983E-6
1.000000E+0	 -4.743143E-10	 9.983622E-3	 1.919037E-6
8.000003E-1	 -4.804337E-10	 9.983391E-3	 1.935058E-6
6.000003E-1	 -4.985809E-10	 9.983621E-3	 1.961379E-6
4.000002E-1	 -5.240294E-10	 9.983509E-3	 2.033247E-6
2.000002E-1	 -5.308661E-10	 9.984205E-3	 2.334304E-6
2.235174E-7	 -5.330185E-10	 9.984203E-3	 2.386140E-6
-1.999998E-1	 -5.323430E-10	 9.984088E-3	 2.392226E-6
-3.999998E-1	 -5.188381E-10	 9.983625E-3	 2.397214E-6
-5.999998E-1	 -5.331023E-10	 9.983506E-3	 2.404009E-6
-7.999998E-1	 -5.423029E-10	 9.983734E-3	 2.411371E-6
-9.999998E-1	 -5.464386E-10	 9.984200E-3	 2.419389E-6
-1.200000E+0	 -5.512076E-10	 9.983857E-3	 2.428809E-6
-1.400000E+0	 -6.294518E-10	 9.983971E-3	 2.465721E-6
-1.600000E+0	 -1.236075E-9	 9.983740E-3	 2.620773E-6
-1.800000E+0	 -5.988546E-10	 9.983973E-3	 2.642835E-6
-2.000000E+0	 -6.242606E-10	 9.983975E-3	 2.668180E-6
-2.200000E+0	 -6.103338E-10	 9.984314E-3	 2.694448E-6
-2.400000E+0	 -6.221085E-10	 9.983973E-3	 2.720599E-6
-2.600000E+0	 -6.237966E-10	 9.984082E-3	 2.748073E-6
-2.800000E+0	 -6.362885E-10	 9.983855E-3	 2.774201E-6
-3.000000E+0	 -6.540981E-10	 9.984084E-3	 2.801430E-6
-3.200000E+0	 -6.563347E-10	 9.983853E-3	 2.828145E-6
-3.400000E+0	 -6.777737E-10	 9.984433E-3	 2.855397E-6
-3.600000E+0	 -6.782803E-10	 9.983279E-3	 2.882938E-6
-3.800000E+0	 -6.968495E-10	 9.984081E-3	 2.909115E-6
-4.000000E+0	 -7.024627E-10	 9.983740E-3	 2.936687E-6
-4.200000E+0	 -7.009430E-10	 9.983975E-3	 2.963079E-6
-4.400000E+0	 -7.068938E-10	 9.984088E-3	 2.990247E-6
-4.600000E+0	 -7.187528E-10	 9.983392E-3	 3.016876E-6
-4.800000E+0	 -7.342411E-10	 9.983728E-3	 3.042997E-6
-5.000000E+0	 -7.550470E-10	 9.984544E-3	 3.069833E-6
-5.200000E+0	 -7.535277E-10	 9.983735E-3	 3.095556E-6
-5.400000E+0	 -7.661888E-10	 9.983973E-3	 3.122602E-6
-5.600000E+0	 -7.704933E-10	 9.984550E-3	 3.149068E-6
-5.800000E+0	 -7.881764E-10	 9.984321E-3	 3.174144E-6
-6.000000E+0	 -7.995706E-10	 9.984547E-3	 3.200369E-6
-6.200000E+0	 -8.037915E-10	 9.984200E-3	 3.226571E-6
-6.400000E+0	 -8.202082E-10	 9.984074E-3	 3.251208E-6
-6.600000E+0	 -8.333755E-10	 9.984668E-3	 3.276712E-6
-6.800000E+0	 -8.419004E-10	 9.984194E-3	 3.301562E-6
-7.000000E+0	 -8.402122E-10	 9.984425E-3	 3.329482E-6
-7.200000E+0	 -8.521134E-10	 9.984551E-3	 3.354136E-6
-7.400000E+0	 -8.678130E-10	 9.984316E-3	 3.377158E-6
-7.600000E+0	 -8.768862E-10	 9.984775E-3	 3.402386E-6
-7.800000E+0	 -8.798405E-10	 9.984316E-3	 3.425350E-6
-8.000000E+0	 -8.899271E-10	 9.984549E-3	 3.449140E-6
-8.200000E+0	 -9.044452E-10	 9.984203E-3	 3.473533E-6
-8.400000E+0	 -9.144045E-10	 9.984199E-3	 3.496554E-6
-8.600000E+0	 -9.227610E-10	 9.985008E-3	 3.520652E-6
-8.800000E+0	 -9.286272E-10	 9.984661E-3	 3.544191E-6
-9.000000E+0	 -9.445380E-10	 9.984431E-3	 3.567565E-6
-9.200000E+0	 -9.489265E-10	 9.984203E-3	 3.591055E-6
-9.400000E+0	 -9.624737E-10	 9.984549E-3	 3.613402E-6
-9.600000E+0	 -9.669473E-10	 9.984192E-3	 3.635722E-6
-9.800000E+0	 -9.793547E-10	 9.984666E-3	 3.659212E-6
-1.000000E+1	 -9.864449E-10	 9.984203E-3	 3.680280E-6
-1.020000E+1	 -9.891464E-10	 9.984544E-3	 3.702488E-6
-1.040000E+1	 -1.008939E-9	 9.984782E-3	 3.723914E-6
-1.060000E+1	 -1.018688E-9	 9.984199E-3	 3.745826E-6
-1.080000E+1	 -1.018899E-9	 9.984083E-3	 3.770396E-6
-1.100000E+1	 -1.035780E-9	 9.984426E-3	 3.790318E-6
-1.120000E+1	 -1.051310E-9	 9.984547E-3	 3.814616E-6
-1.140000E+1	 -1.066419E-9	 9.984547E-3	 3.834985E-6
-1.160000E+1	 -1.083216E-9	 9.984429E-3	 3.855488E-6
-1.180000E+1	 -1.083259E-9	 9.984193E-3	 3.876330E-6
-1.200000E+1	 -1.088281E-9	 9.983855E-3	 3.895732E-6
-1.220000E+1	 -1.098915E-9	 9.984549E-3	 3.916378E-6
-1.240000E+1	 -1.105288E-9	 9.984432E-3	 3.936751E-6
-1.260000E+1	 -1.125714E-9	 9.984321E-3	 3.956171E-6
-1.280000E+1	 -1.143228E-9	 9.984552E-3	 3.975382E-6
-1.300000E+1	 -1.157197E-9	 9.984433E-3	 3.994475E-6
-1.320000E+1	 -1.216113E-9	 9.984666E-3	 4.014096E-6
-1.340000E+1	 -1.270132E-9	 9.984427E-3	 4.034320E-6
-1.360000E+1	 -1.316345E-9	 9.984543E-3	 4.053763E-6
-1.380000E+1	 -1.335292E-9	 9.984900E-3	 4.072527E-6
-1.400000E+1	 -1.327401E-9	 9.984893E-3	 4.089653E-6
-1.420000E+1	 -1.324574E-9	 9.984068E-3	 4.108239E-6
-1.440000E+1	 -1.334871E-9	 9.984777E-3	 4.127644E-6
-1.460000E+1	 -1.355466E-9	 9.985239E-3	 4.145903E-6
-1.480000E+1	 -1.351878E-9	 9.984663E-3	 4.164649E-6
-1.500000E+1	 -1.361796E-9	 9.984424E-3	 4.183221E-6
-1.480000E+1	 -9.659765E-10	 9.984202E-3	 4.155644E-6
-1.460000E+1	 -8.753251E-10	 9.984891E-3	 4.128040E-6
-1.440000E+1	 -8.116411E-10	 9.984076E-3	 4.101837E-6
-1.420000E+1	 -7.618419E-10	 9.984420E-3	 4.075516E-6
-1.400000E+1	 -7.086662E-10	 9.984431E-3	 4.049565E-6
-1.380000E+1	 -6.832599E-10	 9.984204E-3	 4.025326E-6
-1.360000E+1	 -6.444337E-10	 9.984083E-3	 3.998641E-6
-1.340000E+1	 -6.121064E-10	 9.983971E-3	 3.974814E-6
-1.320000E+1	 -5.744614E-10	 9.984426E-3	 3.949819E-6
-1.300000E+1	 -5.484223E-10	 9.983973E-3	 3.925380E-6
-1.280000E+1	 -5.185428E-10	 9.984316E-3	 3.901606E-6
-1.260000E+1	 -5.055443E-10	 9.984433E-3	 3.877267E-6
-1.240000E+1	 -4.708537E-10	 9.984202E-3	 3.851331E-6
-1.220000E+1	 -4.601762E-10	 9.984661E-3	 3.825699E-6
-1.200000E+1	 -4.380620E-10	 9.984200E-3	 3.801422E-6
-1.180000E+1	 -4.126558E-10	 9.983970E-3	 3.776248E-6
-1.160000E+1	 -3.899930E-10	 9.984203E-3	 3.751009E-6
-1.140000E+1	 -3.815945E-10	 9.983963E-3	 3.725592E-6
-1.120000E+1	 -3.465242E-10	 9.984427E-3	 3.699580E-6
-1.100000E+1	 -3.434011E-10	 9.984077E-3	 3.673369E-6
-1.080000E+1	 -3.283347E-10	 9.984319E-3	 3.647142E-6
-1.060000E+1	 -3.049966E-10	 9.983970E-3	 3.621196E-6
-1.040000E+1	 -2.932642E-10	 9.984077E-3	 3.592743E-6
-1.020000E+1	 -2.782822E-10	 9.984661E-3	 3.567133E-6
-1.000000E+1	 -2.429584E-10	 9.984667E-3	 3.540079E-6
-9.800000E+0	 -2.434649E-10	 9.984082E-3	 3.513917E-6
-9.600000E+0	 -2.289471E-10	 9.984780E-3	 3.486280E-6
-9.400000E+0	 -2.042163E-10	 9.983853E-3	 3.458426E-6
-9.200000E+0	 -2.040475E-10	 9.983849E-3	 3.431559E-6
-9.000000E+0	 -1.916399E-10	 9.984196E-3	 3.403567E-6
-8.800000E+0	 -1.755615E-10	 9.984200E-3	 3.375540E-6
-8.600000E+0	 -1.590612E-10	 9.984082E-3	 3.347428E-6
-8.400000E+0	 -1.487222E-10	 9.984433E-3	 3.319106E-6
-8.200000E+0	 -1.331080E-10	 9.984318E-3	 3.290801E-6
-8.000000E+0	 -1.203635E-10	 9.984199E-3	 3.262591E-6
-7.800000E+0	 -1.164811E-10	 9.984429E-3	 3.233077E-6
-7.600000E+0	 -1.036944E-10	 9.984775E-3	 3.204841E-6
-7.400000E+0	 -8.200354E-11	 9.984545E-3	 3.175141E-6
-7.200000E+0	 -7.432305E-11	 9.984547E-3	 3.145916E-6
-7.000000E+0	 -6.039695E-11	 9.984776E-3	 3.115837E-6
-6.800000E+0	 -4.090031E-11	 9.985012E-3	 3.086500E-6
-6.600000E+0	 -3.533000E-11	 9.984774E-3	 3.058756E-6
-6.400000E+0	 -1.055842E-11	 9.984546E-3	 3.028271E-6
-6.200000E+0	 -1.469405E-11	 9.984658E-3	 2.998554E-6
-6.000000E+0	 -4.819159E-12	 9.984661E-3	 2.967922E-6
-5.800000E+0	 2.813921E-11	 9.984781E-3	 2.936665E-6
-5.600000E+0	 9.224152E-11	 9.984549E-3	 2.907017E-6
-5.400000E+0	 1.018630E-10	 9.984896E-3	 2.875967E-6
-5.200000E+0	 1.336398E-10	 9.984429E-3	 2.845285E-6
-5.000000E+0	 1.468483E-10	 9.984660E-3	 2.815669E-6
-4.800000E+0	 1.367624E-10	 9.984667E-3	 2.785297E-6
-4.600000E+0	 1.376488E-10	 9.984547E-3	 2.752951E-6
-4.400000E+0	 1.561749E-10	 9.984198E-3	 2.722448E-6
-4.200000E+0	 1.875718E-10	 9.985012E-3	 2.692011E-6
-4.000000E+0	 1.999785E-10	 9.984433E-3	 2.661737E-6
-3.800000E+0	 2.004428E-10	 9.984664E-3	 2.629695E-6
-3.600000E+0	 2.149178E-10	 9.985127E-3	 2.598487E-6
-3.400000E+0	 2.366929E-10	 9.984895E-3	 2.567799E-6
-3.200000E+0	 2.304892E-10	 9.984661E-3	 2.535581E-6
-3.000000E+0	 2.594809E-10	 9.985010E-3	 2.503566E-6
-2.800000E+0	 2.536152E-10	 9.985118E-3	 2.471857E-6
-2.600000E+0	 2.749264E-10	 9.984549E-3	 2.439991E-6
-2.400000E+0	 2.812141E-10	 9.984552E-3	 2.408440E-6
-2.200000E+0	 2.933256E-10	 9.984897E-3	 2.376674E-6
-2.000000E+0	 2.988117E-10	 9.984436E-3	 2.345184E-6
-1.800000E+0	 3.098680E-10	 9.984314E-3	 2.312735E-6
-1.600000E+0	 3.229502E-10	 9.984541E-3	 2.280848E-6
-1.400000E+0	 3.328250E-10	 9.984551E-3	 2.250169E-6
-1.200000E+0	 3.409275E-10	 9.984897E-3	 2.218474E-6
-9.999998E-1	 3.560776E-10	 9.984084E-3	 2.187334E-6
-7.999998E-1	 3.567526E-10	 9.984436E-3	 2.156175E-6
-5.999998E-1	 3.651082E-10	 9.984894E-3	 2.124832E-6
-3.999998E-1	 3.689907E-10	 9.985008E-3	 2.094966E-6
-1.999998E-1	 3.871790E-10	 9.984775E-3	 2.064512E-6
2.235174E-7	 3.858283E-10	 9.984436E-3	 2.035794E-6
2.000002E-1	 3.843941E-10	 9.984666E-3	 2.008864E-6
4.000002E-1	 3.600448E-10	 9.984547E-3	 1.980484E-6
6.000003E-1	 3.607194E-10	 9.984316E-3	 1.955417E-6
8.000003E-1	 3.589471E-10	 9.984433E-3	 1.932678E-6
1.000000E+0	 3.731265E-10	 9.984436E-3	 1.904426E-6
1.200000E+0	 3.889941E-10	 9.983855E-3	 1.877012E-6
1.400000E+0	 3.845632E-10	 9.984086E-3	 1.856054E-6
1.600000E+0	 4.068445E-10	 9.984550E-3	 1.833942E-6
1.800000E+0	 4.200958E-10	 9.984783E-3	 1.813134E-6
2.000000E+0	 4.302236E-10	 9.984666E-3	 1.792139E-6
2.200000E+0	 4.317006E-10	 9.984667E-3	 1.771468E-6
2.400000E+0	 4.470193E-10	 9.984430E-3	 1.754488E-6
2.600000E+0	 4.664736E-10	 9.984892E-3	 1.737331E-6
2.800000E+0	 4.733948E-10	 9.985002E-3	 1.722310E-6
3.000000E+0	 4.939036E-10	 9.985008E-3	 1.708659E-6
3.200000E+0	 5.038209E-10	 9.984780E-3	 1.696686E-6
3.400000E+0	 5.006560E-10	 9.984896E-3	 1.686855E-6
3.600000E+0	 5.128518E-10	 9.984322E-3	 1.677990E-6
3.800000E+0	 5.222203E-10	 9.984552E-3	 1.670862E-6
4.000000E+0	 5.484261E-10	 9.984780E-3	 1.665736E-6
4.200000E+0	 5.587658E-10	 9.984313E-3	 1.662288E-6
4.400000E+0	 5.518029E-10	 9.984433E-3	 1.660597E-6
4.600000E+0	 5.730297E-10	 9.983512E-3	 1.660446E-6
4.800000E+0	 5.768696E-10	 9.984666E-3	 1.662041E-6
5.000000E+0	 5.900784E-10	 9.983163E-3	 1.664767E-6
5.200000E+0	 5.921884E-10	 9.985473E-3	 1.669305E-6
5.400000E+0	 6.116845E-10	 9.984205E-3	 1.675250E-6
5.600000E+0	 6.140902E-10	 9.985710E-3	 1.682052E-6
5.800000E+0	 6.212222E-10	 9.986394E-3	 1.690803E-6
6.000000E+0	 6.316034E-10	 9.984316E-3	 1.699749E-6
6.200000E+0	 6.293670E-10	 9.984551E-3	 1.709995E-6
6.400000E+0	 6.530835E-10	 9.983972E-3	 1.720419E-6
6.600000E+0	 6.680646E-10	 9.984437E-3	 1.732552E-6
6.800000E+0	 6.710605E-10	 9.983511E-3	 1.746857E-6
7.000000E+0	 6.820751E-10	 9.984550E-3	 1.759598E-6
7.200000E+0	 6.800063E-10	 9.983972E-3	 1.772989E-6
7.400001E+0	 6.986177E-10	 9.984205E-3	 1.788295E-6
7.600000E+0	 7.031323E-10	 9.984088E-3	 1.804900E-6
7.800000E+0	 7.086195E-10	 9.983964E-3	 1.822285E-6
8.000000E+0	 7.254152E-10	 9.984321E-3	 1.840699E-6
8.200001E+0	 7.250353E-10	 9.984550E-3	 1.864302E-6
8.400001E+0	 7.479077E-10	 9.984319E-3	 1.885410E-6
8.600000E+0	 7.632683E-10	 9.984775E-3	 1.908045E-6
8.800000E+0	 7.725106E-10	 9.984086E-3	 1.932278E-6
9.000000E+0	 7.848744E-10	 9.984429E-3	 1.958187E-6
9.200001E+0	 7.859299E-10	 9.983733E-3	 1.984551E-6
9.400001E+0	 8.024303E-10	 9.984667E-3	 2.011967E-6
9.600000E+0	 8.115023E-10	 9.984668E-3	 2.040457E-6
9.800000E+0	 8.208717E-10	 9.984783E-3	 2.070499E-6
1.000000E+1	 8.250916E-10	 9.984658E-3	 2.100429E-6
1.020000E+1	 8.331519E-10	 9.984553E-3	 2.131514E-6
1.040000E+1	 8.442088E-10	 9.984895E-3	 2.162022E-6
1.060000E+1	 8.710062E-10	 9.985012E-3	 2.193616E-6
1.080000E+1	 8.676720E-10	 9.984780E-3	 2.224895E-6
1.100000E+1	 8.789818E-10	 9.984666E-3	 2.257359E-6
1.120000E+1	 8.783491E-10	 9.984319E-3	 2.289448E-6
1.140000E+1	 8.957775E-10	 9.984202E-3	 2.321558E-6
1.160000E+1	 9.004193E-10	 9.984781E-3	 2.353035E-6
1.180000E+1	 9.145567E-10	 9.984319E-3	 2.385381E-6
1.200000E+1	 9.160338E-10	 9.984671E-3	 2.417458E-6
1.220000E+1	 9.417341E-10	 9.984314E-3	 2.450196E-6
1.240000E+1	 9.463331E-10	 9.984198E-3	 2.481947E-6
1.260000E+1	 9.591200E-10	 9.983851E-3	 2.513351E-6
1.280000E+1	 9.597109E-10	 9.984324E-3	 2.544376E-6
1.300000E+1	 9.574747E-10	 9.984203E-3	 2.575706E-6
1.320000E+1	 9.778145E-10	 9.984897E-3	 2.607101E-6
1.340000E+1	 1.001616E-9	 9.984553E-3	 2.638290E-6
1.360000E+1	 9.946105E-10	 9.984661E-3	 2.668654E-6
1.380000E+1	 1.010858E-9	 9.984546E-3	 2.699405E-6
1.400000E+1	 1.019467E-9	 9.984426E-3	 2.729148E-6
1.420000E+1	 1.016512E-9	 9.984549E-3	 2.759496E-6
1.440000E+1	 1.027189E-9	 9.985011E-3	 2.790444E-6
1.460000E+1	 1.035967E-9	 9.984895E-3	 2.819358E-6
1.480000E+1	 1.050483E-9	 9.985243E-3	 2.848632E-6
1.500000E+1	 1.062806E-9	 9.984898E-3	 2.877367E-6
1.520000E+1	 1.066393E-9	 9.984553E-3	 2.906595E-6
1.540000E+1	 1.085384E-9	 9.984439E-3	 2.934936E-6
1.560000E+1	 1.089097E-9	 9.984777E-3	 2.962284E-6
1.580000E+1	 1.099352E-9	 9.984555E-3	 2.990426E-6
1.600000E+1	 1.113868E-9	 9.983968E-3	 3.017557E-6
1.620000E+1	 1.112181E-9	 9.983969E-3	 3.044784E-6
1.640000E+1	 1.118764E-9	 9.983859E-3	 3.071573E-6
1.660000E+1	 1.136107E-9	 9.983625E-3	 3.098108E-6
1.680000E+1	 1.142776E-9	 9.983967E-3	 3.125122E-6
1.700000E+1	 1.145646E-9	 9.983860E-3	 3.150946E-6
1.720000E+1	 1.171261E-9	 9.983744E-3	 3.176362E-6
1.740000E+1	 1.168602E-9	 9.983627E-3	 3.200746E-6
1.760000E+1	 1.177886E-9	 9.984090E-3	 3.230730E-6
1.780000E+1	 1.184681E-9	 9.984319E-3	 3.253553E-6
1.800000E+1	 1.212364E-9	 9.983742E-3	 3.277527E-6
1.820000E+1	 1.213462E-9	 9.983627E-3	 3.302258E-6
1.840000E+1	 1.229328E-9	 9.983741E-3	 3.324956E-6
1.860000E+1	 1.227894E-9	 9.984193E-3	 3.348971E-6
1.880000E+1	 1.250176E-9	 9.983739E-3	 3.372673E-6
1.900000E+1	 1.241947E-9	 9.984436E-3	 3.396202E-6
1.920000E+1	 1.277268E-9	 9.983742E-3	 3.419005E-6
1.940000E+1	 1.262540E-9	 9.983620E-3	 3.441362E-6
1.960000E+1	 1.282078E-9	 9.983851E-3	 3.463906E-6
1.980000E+1	 1.286594E-9	 9.984079E-3	 3.486106E-6
2.000000E+1	 1.297144E-9	 9.983514E-3	 3.507937E-6
2.020000E+1	 1.306977E-9	 9.983512E-3	 3.528844E-6
2.040000E+1	 1.321959E-9	 9.983511E-3	 3.550568E-6
2.060000E+1	 1.328163E-9	 9.983394E-3	 3.571492E-6
2.080000E+1	 1.324659E-9	 9.983163E-3	 3.591816E-6
2.100000E+1	 1.344535E-9	 9.983732E-3	 3.612589E-6
2.120000E+1	 1.346519E-9	 9.983394E-3	 3.631758E-6
2.140000E+1	 1.358968E-9	 9.983392E-3	 3.652460E-6
2.160000E+1	 1.369054E-9	 9.983280E-3	 3.672186E-6
2.180000E+1	 1.384795E-9	 9.983511E-3	 3.692567E-6
2.200000E+1	 1.397961E-9	 9.983976E-3	 3.711224E-6
2.220000E+1	 1.397455E-9	 9.983630E-3	 3.730290E-6
2.240000E+1	 1.408131E-9	 9.983047E-3	 3.748886E-6
2.260000E+1	 1.423197E-9	 9.983049E-3	 3.767235E-6
2.280000E+1	 1.425814E-9	 9.983280E-3	 3.785941E-6
2.300000E+1	 1.445225E-9	 9.983625E-3	 3.804640E-6
2.320000E+1	 1.447926E-9	 9.983968E-3	 3.822824E-6
2.340000E+1	 1.460121E-9	 9.983969E-3	 3.840562E-6
2.360000E+1	 1.469785E-9	 9.983858E-3	 3.858436E-6
2.380000E+1	 1.472401E-9	 9.983737E-3	 3.875507E-6
2.400000E+1	 1.493376E-9	 9.983394E-3	 3.892867E-6
2.420000E+1	 1.484725E-9	 9.983502E-3	 3.910086E-6
2.440000E+1	 1.515616E-9	 9.983506E-3	 3.925757E-6
2.460000E+1	 1.512112E-9	 9.983394E-3	 3.942337E-6
2.480000E+1	 1.521566E-9	 9.983739E-3	 3.958578E-6
2.500000E+1	 1.542202E-9	 9.983861E-3	 3.974238E-6
2.480000E+1	 1.242663E-9	 9.983280E-3	 3.943947E-6
2.460000E+1	 1.156955E-9	 9.983625E-3	 3.917154E-6
2.440000E+1	 1.091586E-9	 9.983046E-3	 3.890662E-6
2.420000E+1	 1.050695E-9	 9.983614E-3	 3.863981E-6
2.400000E+1	 1.022505E-9	 9.983741E-3	 3.838513E-6
2.380000E+1	 9.644371E-10	 9.983274E-3	 3.813156E-6
2.360000E+1	 9.440546E-10	 9.984305E-3	 3.788014E-6
2.340000E+1	 9.025719E-10	 9.983970E-3	 3.761814E-6
2.320000E+1	 8.708366E-10	 9.983739E-3	 3.736763E-6
2.300000E+1	 8.599497E-10	 9.983859E-3	 3.711862E-6
2.280000E+1	 8.329402E-10	 9.984200E-3	 3.686797E-6
2.260000E+1	 8.132338E-10	 9.984075E-3	 3.660929E-6
2.240000E+1	 7.675725E-10	 9.984205E-3	 3.633364E-6
2.220000E+1	 7.536045E-10	 9.983970E-3	 3.607488E-6
2.200000E+1	 7.309854E-10	 9.983157E-3	 3.582088E-6
2.180000E+1	 7.014029E-10	 9.984549E-3	 3.554069E-6
2.160000E+1	 6.932582E-10	 9.983972E-3	 3.528751E-6
2.140000E+1	 6.836786E-10	 9.983858E-3	 3.499637E-6
2.120000E+1	 6.735930E-10	 9.983972E-3	 3.472213E-6
2.100000E+1	 6.355286E-10	 9.983513E-3	 3.446388E-6
2.080000E+1	 6.191971E-10	 9.983859E-3	 3.418868E-6
2.060000E+1	 6.087734E-10	 9.983628E-3	 3.390770E-6
2.040000E+1	 5.990248E-10	 9.983738E-3	 3.362288E-6
2.020000E+1	 5.753084E-10	 9.983975E-3	 3.333675E-6
2.000000E+1	 5.553056E-10	 9.983745E-3	 3.305344E-6
1.980000E+1	 5.264828E-10	 9.983966E-3	 3.275992E-6
1.960000E+1	 5.261874E-10	 9.984089E-3	 3.247215E-6
1.940000E+1	 5.234020E-10	 9.984551E-3	 3.218744E-6
1.920000E+1	 5.024706E-10	 9.984089E-3	 3.188355E-6
1.900000E+1	 4.861814E-10	 9.984549E-3	 3.159319E-6
1.880000E+1	 4.714117E-10	 9.983972E-3	 3.128479E-6
1.860000E+1	 4.614936E-10	 9.983975E-3	 3.099195E-6
1.840000E+1	 4.433482E-10	 9.983509E-3	 3.068588E-6
1.820000E+1	 4.317854E-10	 9.983625E-3	 3.036599E-6
1.800000E+1	 4.331777E-10	 9.983740E-3	 3.005056E-6
1.780000E+1	 4.223321E-10	 9.984206E-3	 2.973412E-6
1.760000E+1	 3.970116E-10	 9.984090E-3	 2.941188E-6
1.740000E+1	 3.890362E-10	 9.983970E-3	 2.909762E-6
1.720000E+1	 3.738442E-10	 9.984091E-3	 2.878005E-6
1.700000E+1	 3.571329E-10	 9.983157E-3	 2.845782E-6
1.680000E+1	 3.460764E-10	 9.983858E-3	 2.812085E-6
1.660000E+1	 3.310110E-10	 9.983624E-3	 2.777799E-6
1.640000E+1	 3.275082E-10	 9.984093E-3	 2.745433E-6
1.620000E+1	 3.123164E-10	 9.983972E-3	 2.711248E-6
1.600000E+1	 3.001629E-10	 9.984203E-3	 2.677520E-6
1.580000E+1	 2.909207E-10	 9.984085E-3	 2.643975E-6
1.560000E+1	 2.813833E-10	 9.983624E-3	 2.609511E-6
1.540000E+1	 2.675840E-10	 9.983858E-3	 2.576382E-6
1.520000E+1	 2.571179E-10	 9.983620E-3	 2.542013E-6
1.500000E+1	 2.488891E-10	 9.984319E-3	 2.506976E-6
1.480000E+1	 2.275782E-10	 9.983970E-3	 2.473567E-6
1.460000E+1	 2.202773E-10	 9.983507E-3	 2.439037E-6
1.440000E+1	 2.199396E-10	 9.983744E-3	 2.405236E-6
1.420000E+1	 1.995146E-10	 9.983166E-3	 2.371301E-6
1.400000E+1	 1.857995E-10	 9.984090E-3	 2.337095E-6
1.380000E+1	 1.784146E-10	 9.983963E-3	 2.304094E-6
1.360000E+1	 1.637289E-10	 9.983398E-3	 2.269698E-6
1.340000E+1	 1.688349E-10	 9.983744E-3	 2.236306E-6
1.320000E+1	 1.377335E-10	 9.984096E-3	 2.203253E-6
1.300000E+1	 1.332601E-10	 9.984093E-3	 2.170415E-6
1.280000E+1	 1.276899E-10	 9.983859E-3	 2.138262E-6
1.260000E+1	 1.092905E-10	 9.984083E-3	 2.105940E-6
1.240000E+1	 1.041421E-10	 9.983517E-3	 2.075605E-6
1.220000E+1	 9.173515E-11	 9.983744E-3	 2.044462E-6
1.200000E+1	 6.607750E-11	 9.984209E-3	 2.014531E-6
1.180000E+1	 6.375631E-11	 9.984202E-3	 1.985895E-6
1.160000E+1	 6.544429E-11	 9.984320E-3	 1.956973E-6
1.140000E+1	 5.156053E-11	 9.984555E-3	 1.930241E-6
1.120000E+1	 3.408959E-11	 9.984089E-3	 1.903587E-6
1.100000E+1	 2.472110E-11	 9.983396E-3	 1.878502E-6
1.080000E+1	 1.653430E-11	 9.983976E-3	 1.855157E-6
1.060000E+1	 1.307393E-11	 9.983397E-3	 1.828953E-6
1.040000E+1	 5.393366E-12	 9.983972E-3	 1.807963E-6
1.020000E+1	 -1.612872E-11	 9.984203E-3	 1.788682E-6
1.000000E+1	 -3.427489E-11	 9.984557E-3	 1.769829E-6
9.800000E+0	 -2.921090E-11	 9.983740E-3	 1.752978E-6
9.600000E+0	 -5.288511E-11	 9.983745E-3	 1.737046E-6
9.400001E+0	 -6.140970E-11	 9.983632E-3	 1.722623E-6
9.200001E+0	 -7.356334E-11	 9.983744E-3	 1.710416E-6
9.000000E+0	 -7.461837E-11	 9.984083E-3	 1.699105E-6
8.800000E+0	 -8.748946E-11	 9.983858E-3	 1.689694E-6
8.600000E+0	 -9.280674E-11	 9.984205E-3	 1.681699E-6
8.400001E+0	 -1.063530E-10	 9.983055E-3	 1.674584E-6
8.200001E+0	 -1.204479E-10	 9.984433E-3	 1.668817E-6
8.000000E+0	 -1.185489E-10	 9.984206E-3	 1.664887E-6
7.800000E+0	 -1.353024E-10	 9.984549E-3	 1.661498E-6
7.600000E+0	 -1.447131E-10	 9.984657E-3	 1.659430E-6
7.400001E+0	 -1.528155E-10	 9.983862E-3	 1.658842E-6
7.200000E+0	 -1.621418E-10	 9.983745E-3	 1.658360E-6
7.000000E+0	 -1.679654E-10	 9.983977E-3	 1.659531E-6
6.800000E+0	 -1.804989E-10	 9.984661E-3	 1.661367E-6
6.600000E+0	 -1.926527E-10	 9.983629E-3	 1.664129E-6
6.400000E+0	 -2.074237E-10	 9.984782E-3	 1.668195E-6
6.200000E+0	 -2.057356E-10	 9.983970E-3	 1.672456E-6
6.000000E+0	 -2.218993E-10	 9.983975E-3	 1.678301E-6
5.800000E+0	 -2.295380E-10	 9.984207E-3	 1.684358E-6
5.600000E+0	 -2.351931E-10	 9.984665E-3	 1.690658E-6
5.400000E+0	 -2.342225E-10	 9.984324E-3	 1.697298E-6
5.200000E+0	 -2.431273E-10	 9.984437E-3	 1.704149E-6
5.000000E+0	 -2.773116E-10	 9.984553E-3	 1.712180E-6
4.800000E+0	 -2.837686E-10	 9.984204E-3	 1.720182E-6
4.600000E+0	 -2.936441E-10	 9.984093E-3	 1.726853E-6
4.400000E+0	 -3.226374E-10	 9.983514E-3	 1.735547E-6
4.200000E+0	 -3.211603E-10	 9.984200E-3	 1.744489E-6
4.000000E+0	 -3.405314E-10	 9.983975E-3	 1.754465E-6
3.800000E+0	 -3.426837E-10	 9.984089E-3	 1.763936E-6
3.600000E+0	 -3.490142E-10	 9.983972E-3	 1.774588E-6
3.400000E+0	 -3.544583E-10	 9.983973E-3	 1.785933E-6
3.200000E+0	 -3.539941E-10	 9.984433E-3	 1.797102E-6
3.000000E+0	 -3.807929E-10	 9.984086E-3	 1.808653E-6
2.800000E+0	 -3.983493E-10	 9.984319E-3	 1.820539E-6
2.600000E+0	 -3.855195E-10	 9.983972E-3	 1.832535E-6
2.400000E+0	 -4.002905E-10	 9.984206E-3	 1.843974E-6
2.200000E+0	 -4.064944E-10	 9.984202E-3	 1.855991E-6
2.000000E+0	 -4.226580E-10	 9.984203E-3	 1.868178E-6
1.800000E+0	 -4.248949E-10	 9.984437E-3	 1.880499E-6
1.600000E+0	 -4.414805E-10	 9.984319E-3	 1.892774E-6
1.400000E+0	 -4.531708E-10	 9.983857E-3	 1.904998E-6
1.200000E+0	 -4.565470E-10	 9.984195E-3	 1.917996E-6
1.000000E+0	 -4.816998E-10	 9.984320E-3	 1.932811E-6
8.000003E-1	 -4.899295E-10	 9.983858E-3	 1.943111E-6
6.000003E-1	 -4.992561E-10	 9.983975E-3	 1.970156E-6
4.000002E-1	 -4.093642E-10	 9.983740E-3	 2.020073E-6
2.000002E-1	 -5.238183E-10	 9.983396E-3	 2.340189E-6
2.235174E-7	 -5.493510E-10	 9.983630E-3	 2.397519E-6
-1.999998E-1	 -5.278271E-10	 9.984203E-3	 2.403249E-6
-3.999998E-1	 -5.289245E-10	 9.983745E-3	 2.409041E-6
-5.999998E-1	 -5.415433E-10	 9.984089E-3	 2.415552E-6
-7.999998E-1	 -5.478312E-10	 9.984436E-3	 2.423593E-6
-9.999998E-1	 -5.627711E-10	 9.984203E-3	 2.430686E-6
-1.200000E+0	 -5.649236E-10	 9.984327E-3	 2.440180E-6
-1.400000E+0	 -6.327013E-10	 9.983738E-3	 2.475906E-6
-1.600000E+0	 -1.204254E-9	 9.983860E-3	 2.629671E-6
-1.800000E+0	 -6.043408E-10	 9.983620E-3	 2.651304E-6
-2.000000E+0	 -6.076327E-10	 9.983859E-3	 2.677341E-6
-2.200000E+0	 -6.149338E-10	 9.984324E-3	 2.702422E-6
-2.400000E+0	 -6.241340E-10	 9.983166E-3	 2.729070E-6
-2.600000E+0	 -6.298735E-10	 9.983741E-3	 2.757129E-6
-2.800000E+0	 -6.490758E-10	 9.983972E-3	 2.782625E-6
-3.000000E+0	 -6.537604E-10	 9.983977E-3	 2.809595E-6
-3.200000E+0	 -6.598793E-10	 9.984092E-3	 2.836714E-6
-3.400000E+0	 -6.783646E-10	 9.984554E-3	 2.863854E-6
-3.600000E+0	 -6.773939E-10	 9.983858E-3	 2.890637E-6
-3.800000E+0	 -6.942750E-10	 9.983966E-3	 2.917167E-6
-4.000000E+0	 -6.887885E-10	 9.984089E-3	 2.944061E-6
-4.200000E+0	 -7.265180E-10	 9.984202E-3	 2.969532E-6
-4.400000E+0	 -7.123376E-10	 9.983738E-3	 3.000257E-6
-4.600000E+0	 -7.134773E-10	 9.983859E-3	 3.026258E-6
-4.800000E+0	 -7.498139E-10	 9.983969E-3	 3.052619E-6
-5.000000E+0	 -7.577477E-10	 9.983853E-3	 3.078740E-6
-5.200000E+0	 -7.564400E-10	 9.983858E-3	 3.104704E-6
-5.400000E+0	 -7.639940E-10	 9.984093E-3	 3.130362E-6
-5.600000E+0	 -7.725611E-10	 9.984086E-3	 3.159556E-6
-5.800000E+0	 -7.881764E-10	 9.984533E-3	 3.184053E-6
-6.000000E+0	 -8.074205E-10	 9.984440E-3	 3.209802E-6
-6.200000E+0	 -8.159882E-10	 9.984321E-3	 3.234934E-6
-6.400000E+0	 -8.140467E-10	 9.984780E-3	 3.260348E-6
-6.600000E+0	 -8.297462E-10	 9.984318E-3	 3.285220E-6
-6.800000E+0	 -8.356964E-10	 9.984536E-3	 3.309799E-6
-7.000000E+0	 -8.460363E-10	 9.983967E-3	 3.335178E-6
-7.200000E+0	 -8.588659E-10	 9.984900E-3	 3.359648E-6
-7.400000E+0	 -8.535059E-10	 9.984090E-3	 3.385416E-6
-7.600000E+0	 -8.833014E-10	 9.985593E-3	 3.409838E-6
-7.800000E+0	 -8.774772E-10	 9.984552E-3	 3.433481E-6
-8.000000E+0	 -8.938941E-10	 9.983851E-3	 3.457802E-6
-8.200000E+0	 -8.941470E-10	 9.984436E-3	 3.482392E-6
-8.400000E+0	 -9.146160E-10	 9.983979E-3	 3.505845E-6
-8.600000E+0	 -9.196799E-10	 9.984199E-3	 3.529530E-6
-8.800000E+0	 -9.347039E-10	 9.984198E-3	 3.552010E-6
-9.000000E+0	 -9.439469E-10	 9.984320E-3	 3.577385E-6
-9.200000E+0	 -9.519656E-10	 9.984785E-3	 3.599604E-6
-9.400000E+0	 -9.564809E-10	 9.985592E-3	 3.622955E-6
-9.600000E+0	 -9.693106E-10	 9.984668E-3	 3.645281E-6
-9.800000E+0	 -9.731089E-10	 9.984320E-3	 3.667478E-6
-1.000000E+1	 -9.897374E-10	 9.983630E-3	 3.689672E-6
-1.020000E+1	 -9.905388E-10	 9.984320E-3	 3.712161E-6
-1.040000E+1	 -9.960253E-10	 9.984777E-3	 3.733412E-6
-1.060000E+1	 -1.010332E-9	 9.984193E-3	 3.755518E-6
-1.080000E+1	 -1.025229E-9	 9.983511E-3	 3.777291E-6
-1.100000E+1	 -1.025103E-9	 9.984669E-3	 3.798704E-6
-1.120000E+1	 -1.042702E-9	 9.985244E-3	 3.820282E-6
-1.140000E+1	 -1.056502E-9	 9.984091E-3	 3.843408E-6
-1.160000E+1	 -1.065448E-9	 9.984206E-3	 3.863453E-6
-1.180000E+1	 -1.080135E-9	 9.983274E-3	 3.884307E-6
-1.200000E+1	 -1.081528E-9	 9.985008E-3	 3.904675E-6
-1.220000E+1	 -1.106470E-9	 9.985248E-3	 3.925901E-6
-1.240000E+1	 -1.110901E-9	 9.983628E-3	 3.945244E-6
-1.260000E+1	 -1.137658E-9	 9.984785E-3	 3.965426E-6
-1.280000E+1	 -1.185473E-9	 9.985360E-3	 3.984413E-6
-1.300000E+1	 -1.256206E-9	 9.985359E-3	 4.004807E-6
-1.320000E+1	 -1.297691E-9	 9.983861E-3	 4.024918E-6
-1.340000E+1	 -1.304401E-9	 9.983744E-3	 4.044585E-6
-1.360000E+1	 -1.294230E-9	 9.985579E-3	 4.064427E-6
-1.380000E+1	 -1.303304E-9	 9.984552E-3	 4.083886E-6
-1.400000E+1	 -1.310899E-9	 9.985586E-3	 4.103345E-6
-1.420000E+1	 -1.312250E-9	 9.984785E-3	 4.121289E-6
-1.440000E+1	 -1.331326E-9	 9.985358E-3	 4.140742E-6
-1.460000E+1	 -1.323604E-9	 9.984320E-3	 4.159935E-6
-1.480000E+1	 -1.346351E-9	 9.984777E-3	 4.179310E-6
-1.500000E+1	 -1.356944E-9	 9.984783E-3	 4.197846E-6
