1.000000E+0	 4.099683E+0	 4.997299E-2	 8.953792E-6
2.000000E+0	 4.400457E+0	 4.998258E-2	 8.952605E-6
3.000000E+0	 4.800361E+0	 4.998223E-2	 8.952258E-6
4.000000E+0	 5.098709E+0	 4.998270E-2	 8.953459E-6
5.000000E+0	 5.400470E+0	 4.998187E-2	 8.954331E-6
6.000000E+0	 5.698814E+0	 4.998209E-2	 8.953927E-6
7.000000E+0	 6.100193E+0	 4.998235E-2	 8.954265E-6
8.000000E+0	 6.498640E+0	 4.998244E-2	 8.954162E-6
9.000000E+0	 6.898546E+0	 4.998244E-2	 8.955142E-6
1.000000E+1	 7.299926E+0	 4.998213E-2	 8.954502E-6
1.100000E+1	 7.698849E+0	 4.998295E-2	 8.956012E-6
1.200000E+1	 7.998668E+0	 4.998245E-2	 8.955345E-6
1.300000E+1	 8.299944E+0	 4.998268E-2	 8.955110E-6
1.400000E+1	 8.698866E+0	 4.998244E-2	 8.953482E-6
1.500000E+1	 9.100240E+0	 4.998272E-2	 8.956016E-6
1.600000E+1	 9.500149E+0	 4.998282E-2	 8.956615E-6
1.700000E+1	 9.898596E+0	 4.998226E-2	 8.957336E-6
1.800000E+1	 1.030046E+1	 4.998245E-2	 8.957513E-6
1.900000E+1	 1.069890E+1	 4.998212E-2	 8.958706E-6
2.000000E+1	 1.109979E+1	 4.998257E-2	 8.958355E-6
2.100000E+1	 1.139862E+1	 4.998285E-2	 8.957531E-6
2.200000E+1	 1.169990E+1	 4.998259E-2	 8.958730E-6
2.300000E+1	 1.210029E+1	 4.998237E-2	 8.959590E-6
2.400000E+1	 1.249971E+1	 4.998190E-2	 8.959833E-6
2.500000E+1	 1.289864E+1	 4.998233E-2	 8.959844E-6
2.600000E+1	 1.329855E+1	 4.998188E-2	 8.960088E-6
2.700000E+1	 1.369994E+1	 4.998213E-2	 8.962173E-6
2.800000E+1	 1.409886E+1	 4.998211E-2	 8.960125E-6
2.900000E+1	 1.449926E+1	 4.998210E-2	 8.961450E-6
3.000000E+1	 1.489868E+1	 4.998225E-2	 8.959702E-6
3.100000E+1	 1.529859E+1	 4.998202E-2	 8.963392E-6
3.200000E+1	 1.569996E+1	 4.998226E-2	 8.965158E-6
3.300000E+1	 1.600026E+1	 4.998211E-2	 8.964378E-6
3.400000E+1	 1.630008E+1	 4.998250E-2	 8.963391E-6
3.500000E+1	 1.670047E+1	 4.998269E-2	 8.964859E-6
3.600000E+1	 1.710038E+1	 4.998234E-2	 8.964238E-6
3.700000E+1	 1.749932E+1	 4.998236E-2	 8.964022E-6
3.800000E+1	 1.790020E+1	 4.998213E-2	 8.964418E-6
3.900000E+1	 1.829913E+1	 4.998247E-2	 8.966967E-6
4.000000E+1	 1.869855E+1	 4.998234E-2	 8.966955E-6
4.100000E+1	 1.909994E+1	 4.998196E-2	 8.967651E-6
4.200000E+1	 1.940022E+1	 4.998177E-2	 8.967383E-6
4.300000E+1	 1.969858E+1	 4.998198E-2	 8.969227E-6
4.400000E+1	 2.009995E+1	 4.998233E-2	 8.968555E-6
4.500000E+1	 2.050034E+1	 4.998176E-2	 8.968074E-6
4.600000E+1	 2.089976E+1	 4.998188E-2	 8.965818E-6
4.700000E+1	 2.129968E+1	 4.998194E-2	 8.968849E-6
4.800000E+1	 2.169860E+1	 4.998222E-2	 8.969477E-6
4.900000E+1	 2.209999E+1	 4.998210E-2	 8.970588E-6
5.000000E+1	 2.249891E+1	 4.998202E-2	 8.970630E-6
5.100000E+1	 2.280019E+1	 4.998247E-2	 8.971195E-6
5.200000E+1	 2.309999E+1	 4.998244E-2	 8.971037E-6
5.300000E+1	 2.349892E+1	 4.998247E-2	 8.970900E-6
5.400000E+1	 2.390030E+1	 4.998188E-2	 8.971690E-6
5.500000E+1	 2.429973E+1	 4.998200E-2	 8.971075E-6
5.600000E+1	 2.459904E+1	 4.998175E-2	 8.970872E-6
5.700000E+1	 2.490031E+1	 4.998236E-2	 8.973931E-6
5.800000E+1	 2.530022E+1	 4.998187E-2	 8.972971E-6
5.900000E+1	 2.559857E+1	 4.998212E-2	 8.971280E-6
6.000000E+1	 2.589936E+1	 4.998209E-2	 8.972486E-6
6.100000E+1	 2.629976E+1	 4.998209E-2	 9.403018E-6
6.200000E+1	 2.669869E+1	 4.998161E-2	 9.374598E-6
6.300000E+1	 2.709909E+1	 4.998278E-2	 9.357516E-6
6.400000E+1	 2.749998E+1	 4.998210E-2	 9.347135E-6
6.500000E+1	 2.779880E+1	 4.998234E-2	 9.343985E-6
6.600000E+1	 2.809865E+1	 4.998270E-2	 9.332933E-6
6.700000E+1	 2.850047E+1	 4.998247E-2	 9.325636E-6
6.800000E+1	 2.889893E+1	 4.998174E-2	 9.318488E-6
6.900000E+1	 2.919876E+1	 4.998259E-2	 9.315044E-6
7.000000E+1	 2.949857E+1	 4.998211E-2	 9.310337E-6
7.100000E+1	 2.989993E+1	 4.998223E-2	 9.302730E-6
7.200000E+1	 3.029885E+1	 4.998235E-2	 9.299712E-6
7.300000E+1	 3.070023E+1	 4.998269E-2	 9.294136E-6
7.400000E+1	 3.099857E+1	 4.998269E-2	 9.293683E-6
7.500000E+1	 3.129985E+1	 4.998204E-2	 9.286702E-6
7.600000E+1	 3.169877E+1	 4.998280E-2	 9.282671E-6
7.700000E+1	 3.209868E+1	 4.998256E-2	 9.279557E-6
7.800000E+1	 3.250006E+1	 4.998293E-2	 9.271729E-6
7.900000E+1	 3.290046E+1	 4.998258E-2	 9.266982E-6
8.000000E+1	 3.330037E+1	 4.998216E-2	 9.261548E-6
8.100000E+1	 3.370028E+1	 4.998229E-2	 9.257783E-6
8.200000E+1	 3.410018E+1	 4.998219E-2	 9.255793E-6
8.300000E+1	 3.449911E+1	 4.998269E-2	 9.252670E-6
8.400000E+1	 3.490000E+1	 4.998246E-2	 9.249457E-6
8.500000E+1	 3.530039E+1	 4.998199E-2	 9.247059E-6
8.600000E+1	 3.570030E+1	 4.998212E-2	 9.244498E-6
8.700000E+1	 3.610022E+1	 4.998291E-2	 9.242093E-6
8.800000E+1	 3.649866E+1	 4.998258E-2	 9.239580E-6
8.900000E+1	 3.689856E+1	 4.998266E-2	 9.235891E-6
9.000000E+1	 3.730044E+1	 4.998267E-2	 9.235346E-6
9.100000E+1	 3.770034E+1	 4.998304E-2	 9.230374E-6
9.200000E+1	 3.810025E+1	 4.998210E-2	 9.225542E-6
9.300000E+1	 3.839861E+1	 4.998174E-2	 9.226281E-6
9.400000E+1	 3.869987E+1	 4.998210E-2	 9.221354E-6
9.500000E+1	 3.900018E+1	 4.998269E-2	 9.221189E-6
9.600000E+1	 3.929998E+1	 4.998245E-2	 9.220277E-6
9.700000E+1	 3.960027E+1	 4.998187E-2	 9.216408E-6
9.800000E+1	 4.000019E+1	 4.998258E-2	 9.213861E-6
9.900000E+1	 4.030000E+1	 4.998234E-2	 9.213586E-6
1.000000E+2	 4.070039E+1	 4.998258E-2	 9.208251E-6
1.010000E+2	 4.109883E+1	 4.998244E-2	 8.958496E-6
1.020000E+2	 4.150021E+1	 4.998210E-2	 8.842240E-6
1.030000E+2	 4.189865E+1	 4.998272E-2	 8.849306E-6
1.040000E+2	 4.229859E+1	 4.998229E-2	 8.854011E-6
1.050000E+2	 4.269995E+1	 4.998235E-2	 8.859271E-6
1.060000E+2	 4.309887E+1	 4.998267E-2	 8.863943E-6
1.070000E+2	 4.349975E+1	 4.998269E-2	 8.867376E-6
1.080000E+2	 4.379862E+1	 4.998232E-2	 8.868807E-6
1.090000E+2	 4.409890E+1	 4.998219E-2	 8.871803E-6
1.100000E+2	 4.449978E+1	 4.998232E-2	 8.870508E-6
1.110000E+2	 4.489968E+1	 4.998266E-2	 8.874839E-6
1.120000E+2	 4.529910E+1	 4.998262E-2	 8.876091E-6
1.130000E+2	 4.570049E+1	 4.998278E-2	 8.881877E-6
1.140000E+2	 4.610040E+1	 4.998235E-2	 8.881862E-6
1.150000E+2	 4.650029E+1	 4.998267E-2	 8.884189E-6
1.160000E+2	 4.690020E+1	 4.998267E-2	 8.884534E-6
1.170000E+2	 4.729913E+1	 4.998222E-2	 8.886264E-6
1.180000E+2	 4.769855E+1	 4.998257E-2	 8.888727E-6
1.190000E+2	 4.810042E+1	 4.998205E-2	 8.888243E-6
1.200000E+2	 4.849985E+1	 4.998247E-2	 8.889396E-6
1.210000E+2	 4.889877E+1	 4.998268E-2	 8.890236E-6
1.220000E+2	 4.930015E+1	 4.998247E-2	 8.893407E-6
1.230000E+2	 4.969907E+1	 4.998211E-2	 8.894872E-6
1.240000E+2	 5.009997E+1	 4.998223E-2	 8.897326E-6
1.250000E+2	 5.049889E+1	 4.998256E-2	 8.895998E-6
1.260000E+2	 5.089979E+1	 4.998233E-2	 8.898020E-6
1.270000E+2	 5.130019E+1	 4.998270E-2	 8.900372E-6
1.280000E+2	 5.160049E+1	 4.998243E-2	 8.902450E-6
1.290000E+2	 5.189981E+1	 4.998209E-2	 8.900594E-6
1.300000E+2	 5.230019E+1	 4.998234E-2	 8.902347E-6
1.310000E+2	 5.270011E+1	 4.998176E-2	 8.902891E-6
1.320000E+2	 5.309904E+1	 4.998259E-2	 8.903299E-6
1.330000E+2	 5.349994E+1	 4.998199E-2	 8.902834E-6
1.340000E+2	 5.389885E+1	 4.998230E-2	 8.904464E-6
1.350000E+2	 5.430024E+1	 4.998207E-2	 8.907188E-6
1.360000E+2	 5.469867E+1	 4.998175E-2	 8.906653E-6
1.370000E+2	 5.499996E+1	 4.998175E-2	 8.908689E-6
1.380000E+2	 5.529879E+1	 4.998200E-2	 8.909656E-6
1.390000E+2	 5.570016E+1	 4.998280E-2	 8.910474E-6
1.400000E+2	 5.609909E+1	 4.998182E-2	 9.311352E-6
1.410000E+2	 5.650046E+1	 4.998175E-2	 9.294980E-6
1.420000E+2	 5.689988E+1	 4.998153E-2	 9.280650E-6
1.430000E+2	 5.720019E+1	 4.998162E-2	 9.270695E-6
1.440000E+2	 5.759911E+1	 4.998149E-2	 9.261832E-6
1.450000E+2	 5.800050E+1	 4.998200E-2	 9.261700E-6
1.460000E+2	 5.829933E+1	 4.998209E-2	 9.254897E-6
1.470000E+2	 5.870022E+1	 4.998196E-2	 9.245401E-6
1.480000E+2	 5.899905E+1	 4.998151E-2	 9.243402E-6
1.490000E+2	 5.930033E+1	 4.998210E-2	 9.241410E-6
1.500000E+2	 5.969876E+1	 4.998142E-2	 9.235684E-6
1.510000E+2	 6.010014E+1	 4.998198E-2	 9.231072E-6
1.520000E+2	 6.050004E+1	 4.998222E-2	 9.225496E-6
1.530000E+2	 6.080035E+1	 4.998162E-2	 9.223226E-6
1.540000E+2	 6.120025E+1	 4.998174E-2	 9.223243E-6
1.550000E+2	 6.149860E+1	 4.998181E-2	 9.217419E-6
1.560000E+2	 6.190047E+1	 4.998210E-2	 9.217764E-6
1.570000E+2	 6.220027E+1	 4.998200E-2	 9.214955E-6
1.580000E+2	 6.249865E+1	 4.998233E-2	 9.210497E-6
1.590000E+2	 6.279892E+1	 4.998244E-2	 9.211094E-6
1.600000E+2	 6.310019E+1	 4.998177E-2	 9.207270E-6
1.610000E+2	 6.349863E+1	 4.998233E-2	 9.202159E-6
1.620000E+2	 6.390049E+1	 4.998209E-2	 9.200147E-6
1.630000E+2	 6.430040E+1	 4.998198E-2	 9.195335E-6
1.640000E+2	 6.470032E+1	 4.998220E-2	 9.192097E-6
1.650000E+2	 6.510022E+1	 4.998221E-2	 9.188622E-6
1.660000E+2	 6.549866E+1	 4.998209E-2	 9.188752E-6
1.670000E+2	 6.590003E+1	 4.998173E-2	 9.185006E-6
1.680000E+2	 6.629897E+1	 4.998221E-2	 9.182803E-6
1.690000E+2	 6.670034E+1	 4.998196E-2	 9.180805E-6
1.700000E+2	 6.710027E+1	 4.998175E-2	 9.176863E-6
1.710000E+2	 6.749967E+1	 4.998177E-2	 9.176852E-6
1.720000E+2	 6.789861E+1	 4.998152E-2	 9.173804E-6
1.730000E+2	 6.830048E+1	 4.998197E-2	 9.172416E-6
1.740000E+2	 6.870038E+1	 4.998183E-2	 9.168951E-6
1.750000E+2	 6.910030E+1	 4.998197E-2	 9.167768E-6
1.760000E+2	 6.950021E+1	 4.998223E-2	 9.166180E-6
1.770000E+2	 6.989912E+1	 4.998126E-2	 9.163435E-6
1.780000E+2	 7.030003E+1	 4.998165E-2	 9.161764E-6
1.790000E+2	 7.059888E+1	 4.998232E-2	 9.161069E-6
1.800000E+2	 7.090013E+1	 4.998244E-2	 8.802685E-6
1.810000E+2	 7.129905E+1	 4.998185E-2	 8.804975E-6
1.820000E+2	 7.169994E+1	 4.998162E-2	 8.811368E-6
1.830000E+2	 7.209887E+1	 4.998185E-2	 8.813568E-6
1.840000E+2	 7.249977E+1	 4.998162E-2	 8.819668E-6
1.850000E+2	 7.290015E+1	 4.998162E-2	 8.823632E-6
1.860000E+2	 7.319854E+1	 4.998140E-2	 8.824907E-6
1.870000E+2	 7.350026E+1	 4.998199E-2	 8.829519E-6
1.880000E+2	 7.389968E+1	 4.998152E-2	 8.831608E-6
1.890000E+2	 7.429861E+1	 4.998092E-2	 8.834684E-6
1.900000E+2	 7.470048E+1	 4.998164E-2	 8.838216E-6
1.910000E+2	 7.510038E+1	 4.998195E-2	 8.839338E-6
1.920000E+2	 7.550029E+1	 4.998194E-2	 8.842262E-6
1.930000E+2	 7.589972E+1	 4.998126E-2	 8.843212E-6
1.940000E+2	 7.630011E+1	 4.998195E-2	 8.843543E-6
1.950000E+2	 7.669855E+1	 4.998162E-2	 8.846019E-6
1.960000E+2	 7.729769E+1	 4.998164E-2	 8.845850E-6
1.970000E+2	 7.749886E+1	 4.998207E-2	 8.851288E-6
1.980000E+2	 7.790024E+1	 4.998175E-2	 8.852046E-6
1.990000E+2	 7.829868E+1	 4.998196E-2	 8.854572E-6
2.000000E+2	 7.869908E+1	 4.998257E-2	 8.855524E-6
2.010000E+2	 7.909998E+1	 4.998187E-2	 8.857980E-6
2.020000E+2	 7.949890E+1	 4.998164E-2	 8.862722E-6
2.030000E+2	 7.989880E+1	 4.998233E-2	 8.860647E-6
2.040000E+2	 8.030018E+1	 4.998196E-2	 8.862921E-6
2.050000E+2	 8.069912E+1	 4.998184E-2	 8.864788E-6
2.060000E+2	 8.110001E+1	 4.998197E-2	 8.862257E-6
2.070000E+2	 8.140031E+1	 4.998150E-2	 8.862466E-6
2.080000E+2	 8.170011E+1	 4.998184E-2	 8.861296E-6
2.090000E+2	 8.209855E+1	 4.998183E-2	 8.864284E-6
2.100000E+2	 8.250043E+1	 4.998222E-2	 8.866222E-6
2.110000E+2	 8.290032E+1	 4.998209E-2	 8.866978E-6
2.120000E+2	 8.330023E+1	 4.998168E-2	 8.868911E-6
2.130000E+2	 8.369965E+1	 4.998216E-2	 8.868980E-6
2.140000E+2	 8.410005E+1	 4.998150E-2	 8.866316E-6
2.150000E+2	 8.449899E+1	 4.998135E-2	 8.869019E-6
2.160000E+2	 8.489987E+1	 4.998147E-2	 8.869719E-6
2.170000E+2	 8.530027E+1	 4.998175E-2	 8.870269E-6
2.180000E+2	 8.570018E+1	 4.998149E-2	 8.871431E-6
2.190000E+2	 8.609862E+1	 4.998165E-2	 8.874314E-6
2.200000E+2	 8.649999E+1	 4.998175E-2	 8.873749E-6
2.210000E+2	 8.690039E+1	 4.998175E-2	 8.875008E-6
2.220000E+2	 8.730030E+1	 4.998187E-2	 9.261644E-6
2.230000E+2	 8.769972E+1	 4.998188E-2	 9.246753E-6
2.240000E+2	 8.799905E+1	 4.998185E-2	 9.234244E-6
2.250000E+2	 8.840041E+1	 4.998175E-2	 9.235160E-6
2.260000E+2	 8.870023E+1	 4.998220E-2	 9.224638E-6
2.270000E+2	 8.910014E+1	 4.998206E-2	 9.217464E-6
2.280000E+2	 8.939898E+1	 4.998185E-2	 9.215612E-6
2.290000E+2	 8.969879E+1	 4.998220E-2	 9.210470E-6
2.300000E+2	 9.010015E+1	 4.998151E-2	 9.204266E-6
2.310000E+2	 9.049908E+1	 4.998174E-2	 9.199509E-6
2.320000E+2	 9.090047E+1	 4.998207E-2	 9.194023E-6
2.330000E+2	 9.130037E+1	 4.998228E-2	 9.192928E-6
2.340000E+2	 9.159970E+1	 4.998186E-2	 9.192928E-6
2.350000E+2	 9.190049E+1	 4.998229E-2	 9.187649E-6
2.360000E+2	 9.230038E+1	 4.998219E-2	 9.184880E-6
2.370000E+2	 9.269883E+1	 4.998197E-2	 9.179766E-6
2.380000E+2	 9.300011E+1	 4.998155E-2	 9.177873E-6
2.390000E+2	 9.330042E+1	 4.998231E-2	 9.176479E-6
2.400000E+2	 9.369884E+1	 4.998184E-2	 9.171642E-6
2.410000E+2	 9.410022E+1	 4.998219E-2	 9.168254E-6
2.420000E+2	 9.450013E+1	 4.998263E-2	 9.165386E-6
2.430000E+2	 9.489906E+1	 4.998248E-2	 9.163640E-6
2.440000E+2	 9.519986E+1	 4.998228E-2	 9.162941E-6
2.450000E+2	 9.549872E+1	 4.998216E-2	 9.158664E-6
2.460000E+2	 9.579997E+1	 4.998241E-2	 9.158316E-6
2.470000E+2	 9.609929E+1	 4.998252E-2	 9.157462E-6
2.480000E+2	 9.639959E+1	 4.998232E-2	 9.154585E-6
2.490000E+2	 9.670037E+1	 4.998266E-2	 9.151368E-6
2.500000E+2	 9.709978E+1	 4.998244E-2	 9.149442E-6
2.510000E+2	 9.750018E+1	 4.998260E-2	 9.148920E-6
2.520000E+2	 9.809707E+1	 4.998242E-2	 9.148499E-6
2.530000E+2	 9.830048E+1	 4.998220E-2	 9.147511E-6
2.540000E+2	 9.869893E+1	 4.998205E-2	 9.141293E-6
2.550000E+2	 9.909982E+1	 4.998244E-2	 9.139852E-6
2.560000E+2	 9.949875E+1	 4.998160E-2	 9.138662E-6
2.570000E+2	 9.990012E+1	 4.998253E-2	 9.139229E-6
2.580000E+2	 1.002991E+2	 4.998220E-2	 9.132764E-6
2.590000E+2	 1.006003E+2	 4.998219E-2	 9.132184E-6
2.600000E+2	 1.009001E+2	 4.998267E-2	 8.775730E-6
2.610000E+2	 1.012991E+2	 4.998207E-2	 8.784426E-6
2.620000E+2	 1.017000E+2	 4.998242E-2	 8.787661E-6
2.630000E+2	 1.020989E+2	 4.998239E-2	 8.793757E-6
2.640000E+2	 1.024998E+2	 4.998185E-2	 8.798015E-6
2.650000E+2	 1.028997E+2	 4.998208E-2	 8.802666E-6
2.660000E+2	 1.032991E+2	 4.998219E-2	 8.804414E-6
2.670000E+2	 1.037005E+2	 4.998251E-2	 8.809226E-6
2.680000E+2	 1.041004E+2	 4.998241E-2	 8.811344E-6
2.690000E+2	 1.045003E+2	 4.998216E-2	 8.813465E-6
2.700000E+2	 1.048987E+2	 4.998191E-2	 8.816683E-6
2.710000E+2	 1.052000E+2	 4.998183E-2	 8.817216E-6
2.720000E+2	 1.055003E+2	 4.998266E-2	 8.818697E-6
2.730000E+2	 1.059002E+2	 4.998243E-2	 8.821118E-6
2.740000E+2	 1.063001E+2	 4.998194E-2	 8.822899E-6
2.750000E+2	 1.066986E+2	 4.998196E-2	 8.824235E-6
2.760000E+2	 1.071004E+2	 4.998099E-2	 8.826682E-6
2.770000E+2	 1.074989E+2	 4.998198E-2	 8.826648E-6
2.780000E+2	 1.078988E+2	 4.998196E-2	 8.829684E-6
2.790000E+2	 1.083002E+2	 4.998229E-2	 8.833628E-6
2.800000E+2	 1.087001E+2	 4.998184E-2	 8.831878E-6
2.810000E+2	 1.091005E+2	 4.998102E-2	 8.834345E-6
2.820000E+2	 1.094003E+2	 4.998146E-2	 8.835829E-6
2.830000E+2	 1.096986E+2	 4.998161E-2	 8.835989E-6
2.840000E+2	 1.101000E+2	 4.998196E-2	 8.835233E-6
2.850000E+2	 1.104003E+2	 4.998174E-2	 8.838035E-6
2.860000E+2	 1.106996E+2	 4.998137E-2	 8.839357E-6
2.870000E+2	 1.111000E+2	 4.998081E-2	 8.839310E-6
2.880000E+2	 1.115004E+2	 4.998184E-2	 8.839794E-6
2.890000E+2	 1.119003E+2	 4.998171E-2	 8.840033E-6
2.900000E+2	 1.123002E+2	 4.998149E-2	 8.840447E-6
2.910000E+2	 1.127001E+2	 4.998124E-2	 8.841011E-6
2.920000E+2	 1.130986E+2	 4.998170E-2	 8.841667E-6
2.930000E+2	 1.135005E+2	 4.998138E-2	 8.844147E-6
2.940000E+2	 1.139004E+2	 4.998161E-2	 8.845892E-6
2.950000E+2	 1.142002E+2	 4.998159E-2	 8.845889E-6
2.960000E+2	 1.145005E+2	 4.998204E-2	 8.847525E-6
2.970000E+2	 1.149004E+2	 4.998180E-2	 8.846871E-6
2.980000E+2	 1.153003E+2	 4.998195E-2	 8.847221E-6
2.990000E+2	 1.157002E+2	 4.998207E-2	 8.848430E-6
3.000000E+2	 1.160996E+2	 4.998156E-2	 9.241852E-6
3.010000E+2	 1.165000E+2	 4.998162E-2	 9.221899E-6
3.020000E+2	 1.168989E+2	 4.998241E-2	 9.208026E-6
3.030000E+2	 1.172998E+2	 4.998184E-2	 9.200502E-6
3.040000E+2	 1.177002E+2	 4.998208E-2	 9.193181E-6
3.050000E+2	 1.181001E+2	 4.998196E-2	 9.186460E-6
3.060000E+2	 1.184986E+2	 4.998217E-2	 9.181223E-6
3.070000E+2	 1.189000E+2	 4.998205E-2	 9.176127E-6
3.080000E+2	 1.192999E+2	 4.998204E-2	 9.170891E-6
3.090000E+2	 1.196988E+2	 4.998228E-2	 9.166180E-6
3.100000E+2	 1.201002E+2	 4.998228E-2	 9.162756E-6
3.110000E+2	 1.204986E+2	 4.998244E-2	 9.159091E-6
3.120000E+2	 1.209005E+2	 4.998254E-2	 9.156149E-6
3.130000E+2	 1.213004E+2	 4.998207E-2	 9.151310E-6
3.140000E+2	 1.217003E+2	 4.998228E-2	 9.148001E-6
3.150000E+2	 1.220997E+2	 4.998232E-2	 9.147372E-6
3.160000E+2	 1.225001E+2	 4.998183E-2	 9.141895E-6
3.170000E+2	 1.228990E+2	 4.998196E-2	 9.139635E-6
3.180000E+2	 1.232003E+2	 4.998229E-2	 9.140211E-6
3.190000E+2	 1.234987E+2	 4.998229E-2	 9.136106E-6
3.200000E+2	 1.238000E+2	 4.998264E-2	 9.134995E-6
3.210000E+2	 1.240988E+2	 4.998265E-2	 9.131973E-6
3.220000E+2	 1.244987E+2	 4.998228E-2	 9.128741E-6
3.230000E+2	 1.248986E+2	 4.998239E-2	 9.126567E-6
3.240000E+2	 1.251994E+2	 4.998252E-2	 9.126369E-6
3.250000E+2	 1.255002E+2	 4.998222E-2	 9.122578E-6
3.260000E+2	 1.258005E+2	 4.998205E-2	 9.123894E-6
3.270000E+2	 1.260998E+2	 4.998220E-2	 9.122035E-6
3.280000E+2	 1.264997E+2	 4.998205E-2	 9.120522E-6
3.290000E+2	 1.268986E+2	 4.998216E-2	 9.118189E-6
3.300000E+2	 1.272990E+2	 4.998181E-2	 9.115680E-6
3.310000E+2	 1.276989E+2	 4.998122E-2	 9.114404E-6
3.320000E+2	 1.280998E+2	 4.998113E-2	 9.110368E-6
3.330000E+2	 1.285002E+2	 4.998161E-2	 9.109226E-6
3.340000E+2	 1.289001E+2	 4.998173E-2	 9.109419E-6
3.350000E+2	 1.292986E+2	 4.998182E-2	 9.107992E-6
3.360000E+2	 1.297004E+2	 4.998180E-2	 9.103803E-6
3.370000E+2	 1.301003E+2	 4.998183E-2	 9.103037E-6
3.380000E+2	 1.304988E+2	 4.998149E-2	 9.102076E-6
3.390000E+2	 1.309002E+2	 4.998079E-2	 8.743812E-6
3.400000E+2	 1.312986E+2	 4.998159E-2	 8.757125E-6
3.410000E+2	 1.317005E+2	 4.998122E-2	 8.763226E-6
3.420000E+2	 1.320999E+2	 4.998136E-2	 8.769379E-6
3.430000E+2	 1.324002E+2	 4.998146E-2	 8.769224E-6
3.440000E+2	 1.326985E+2	 4.998127E-2	 8.772190E-6
3.450000E+2	 1.331004E+2	 4.998139E-2	 8.776932E-6
3.460000E+2	 1.335003E+2	 4.998160E-2	 8.780638E-6
3.470000E+2	 1.339002E+2	 4.998137E-2	 8.782145E-6
3.480000E+2	 1.342987E+2	 4.998102E-2	 8.784185E-6
3.490000E+2	 1.346986E+2	 4.998123E-2	 8.787357E-6
3.500000E+2	 1.351004E+2	 4.998112E-2	 8.789088E-6
3.510000E+2	 1.354003E+2	 4.998160E-2	 8.790045E-6
3.520000E+2	 1.358002E+2	 4.998101E-2	 8.791493E-6
3.530000E+2	 1.361000E+2	 4.998114E-2	 8.795119E-6
3.540000E+2	 1.365004E+2	 4.998172E-2	 8.797337E-6
3.550000E+2	 1.369003E+2	 4.998172E-2	 8.797793E-6
3.560000E+2	 1.373002E+2	 4.998125E-2	 8.799418E-6
3.570000E+2	 1.377001E+2	 4.998150E-2	 8.802070E-6
3.580000E+2	 1.380990E+2	 4.998146E-2	 8.803795E-6
3.590000E+2	 1.384999E+2	 4.998168E-2	 8.804610E-6
3.600000E+2	 1.388998E+2	 4.998160E-2	 8.806562E-6
3.610000E+2	 1.393002E+2	 4.998150E-2	 8.809644E-6
3.620000E+2	 1.396987E+2	 4.998171E-2	 8.809251E-6
3.630000E+2	 1.400986E+2	 4.998168E-2	 8.811138E-6
3.640000E+2	 1.405004E+2	 4.998172E-2	 8.810007E-6
3.650000E+2	 1.409003E+2	 4.998146E-2	 8.810897E-6
3.660000E+2	 1.413002E+2	 4.998115E-2	 8.811558E-6
3.670000E+2	 1.416997E+2	 4.998090E-2	 8.813721E-6
3.680000E+2	 1.420986E+2	 4.998161E-2	 8.814219E-6
3.690000E+2	 1.425005E+2	 4.998107E-2	 8.814661E-6
3.700000E+2	 1.428989E+2	 4.998124E-2	 8.817234E-6
3.710000E+2	 1.433003E+2	 4.998126E-2	 8.818044E-6
3.720000E+2	 1.437002E+2	 4.998137E-2	 8.817678E-6
3.730000E+2	 1.440991E+2	 4.998098E-2	 8.818607E-6
3.740000E+2	 1.444985E+2	 4.998136E-2	 8.819134E-6
3.750000E+2	 1.448999E+2	 4.998112E-2	 8.821058E-6
3.760000E+2	 1.452998E+2	 4.998124E-2	 8.824186E-6
3.770000E+2	 1.456988E+2	 4.998140E-2	 8.825260E-6
3.780000E+2	 1.461001E+2	 4.998184E-2	 8.824793E-6
3.790000E+2	 1.464986E+2	 4.998147E-2	 8.824529E-6
3.800000E+2	 1.468999E+2	 4.998158E-2	 8.827319E-6
