-1.000000E+1	 -1.166095E-9	 9.983337E-3	 4.563650E-6
-9.800000E+0	 -9.931417E-10	 9.983095E-3	 4.519865E-6
-9.600000E+0	 -8.431050E-10	 9.983915E-3	 4.476422E-6
-9.400000E+0	 -7.609759E-10	 9.983105E-3	 4.433634E-6
-9.200000E+0	 -6.894394E-10	 9.983906E-3	 4.391232E-6
-9.000000E+0	 -6.238542E-10	 9.983446E-3	 4.348949E-6
-8.800000E+0	 -5.673003E-10	 9.983214E-3	 4.306856E-6
-8.600000E+0	 -5.092696E-10	 9.983333E-3	 4.263347E-6
-8.400000E+0	 -4.738178E-10	 9.983550E-3	 4.220776E-6
-8.200000E+0	 -4.359185E-10	 9.983565E-3	 4.177444E-6
-8.000000E+0	 -4.024927E-10	 9.983557E-3	 4.133907E-6
-7.800000E+0	 -3.718101E-10	 9.984375E-3	 4.090475E-6
-7.600000E+0	 -3.369493E-10	 9.983682E-3	 4.045324E-6
-7.400000E+0	 -3.065621E-10	 9.983554E-3	 4.000050E-6
-7.200000E+0	 -2.855022E-10	 9.983791E-3	 3.955424E-6
-7.000000E+0	 -2.595466E-10	 9.983445E-3	 3.909080E-6
-6.800000E+0	 -2.314807E-10	 9.983911E-3	 3.863042E-6
-6.600000E+0	 -1.927372E-10	 9.983683E-3	 3.815935E-6
-6.400000E+0	 -1.852252E-10	 9.983671E-3	 3.769070E-6
-6.200000E+0	 -1.585958E-10	 9.983335E-3	 3.721628E-6
-6.000000E+0	 -1.395207E-10	 9.983794E-3	 3.673271E-6
-5.800000E+0	 -1.270711E-10	 9.983335E-3	 3.625516E-6
-5.600000E+0	 -1.061812E-10	 9.984260E-3	 3.575942E-6
-5.400000E+0	 -8.520695E-11	 9.983798E-3	 3.525864E-6
-5.200000E+0	 -7.431890E-11	 9.984260E-3	 3.475942E-6
-5.000000E+0	 -5.077029E-11	 9.984025E-3	 3.426099E-6
-4.800000E+0	 -3.418502E-11	 9.984259E-3	 3.373923E-6
-4.600000E+0	 -1.814841E-11	 9.984258E-3	 3.322508E-6
-4.400000E+0	 -1.731837E-12	 9.984258E-3	 3.271589E-6
-4.200000E+0	 1.396712E-11	 9.983910E-3	 3.218970E-6
-4.000000E+0	 3.042591E-11	 9.983216E-3	 3.167595E-6
-3.800000E+0	 3.755793E-11	 9.983908E-3	 3.115377E-6
-3.600000E+0	 5.908082E-11	 9.984485E-3	 3.063327E-6
-3.400000E+0	 7.102394E-11	 9.984022E-3	 3.011184E-6
-3.200000E+0	 8.533035E-11	 9.983905E-3	 2.958210E-6
-3.000000E+0	 1.021688E-10	 9.983901E-3	 2.905936E-6
-2.800000E+0	 1.079927E-10	 9.984140E-3	 2.853727E-6
-2.600000E+0	 1.228476E-10	 9.983912E-3	 2.801673E-6
-2.400000E+0	 1.366898E-10	 9.984135E-3	 2.748584E-6
-2.200000E+0	 1.531485E-10	 9.983565E-3	 2.695032E-6
-2.000000E+0	 1.596057E-10	 9.984142E-3	 2.643078E-6
-1.800000E+0	 1.780056E-10	 9.983906E-3	 2.591112E-6
-1.600000E+0	 1.890202E-10	 9.984009E-3	 2.539426E-6
-1.400000E+0	 1.993593E-10	 9.984022E-3	 2.488848E-6
-1.200000E+0	 2.169996E-10	 9.983335E-3	 2.438026E-6
-9.999999E-1	 2.260732E-10	 9.984258E-3	 2.388336E-6
-7.999998E-1	 2.326145E-10	 9.984257E-3	 2.339688E-6
-5.999998E-1	 2.427429E-10	 9.984143E-3	 2.292118E-6
-3.999999E-1	 2.618181E-10	 9.984139E-3	 2.244958E-6
-1.999999E-1	 2.706805E-10	 9.983669E-3	 2.199171E-6
1.490116E-7	 2.865062E-10	 9.984027E-3	 2.154191E-6
2.000002E-1	 2.887427E-10	 9.983333E-3	 2.111048E-6
4.000002E-1	 3.036401E-10	 9.983673E-3	 2.069396E-6
6.000001E-1	 3.125871E-10	 9.983793E-3	 2.029624E-6
8.000002E-1	 3.266403E-10	 9.984254E-3	 1.991904E-6
1.000000E+0	 3.309024E-10	 9.984257E-3	 1.955308E-6
1.200000E+0	 3.398918E-10	 9.983561E-3	 1.921906E-6
1.400000E+0	 3.474457E-10	 9.983788E-3	 1.889773E-6
1.600000E+0	 3.666053E-10	 9.983677E-3	 1.859648E-6
1.800000E+0	 3.810383E-10	 9.983447E-3	 1.832059E-6
2.000000E+0	 3.851315E-10	 9.984137E-3	 1.806815E-6
2.200000E+0	 3.983409E-10	 9.983559E-3	 1.783367E-6
2.400000E+0	 4.095668E-10	 9.983904E-3	 1.762745E-6
2.600000E+0	 4.229027E-10	 9.983559E-3	 1.745071E-6
2.800000E+0	 4.317226E-10	 9.983563E-3	 1.728670E-6
3.000000E+0	 4.383061E-10	 9.983561E-3	 1.715159E-6
3.200000E+0	 4.573391E-10	 9.983666E-3	 1.703946E-6
3.400000E+0	 4.062327E-10	 9.984024E-3	 1.695147E-6
3.600000E+0	 4.239151E-10	 9.983794E-3	 1.688077E-6
3.800000E+0	 4.737550E-10	 9.984137E-3	 1.683982E-6
4.000000E+0	 4.916912E-10	 9.983673E-3	 1.680995E-6
4.200000E+0	 4.975995E-10	 9.983908E-3	 1.681481E-6
4.400000E+0	 5.083185E-10	 9.984250E-3	 1.682921E-6
4.600000E+0	 5.266345E-10	 9.984022E-3	 1.686311E-6
4.800000E+0	 5.263809E-10	 9.983786E-3	 1.691129E-6
5.000000E+0	 5.412786E-10	 9.984255E-3	 1.698486E-6
5.200000E+0	 5.490013E-10	 9.984019E-3	 1.706586E-6
5.400000E+0	 5.663884E-10	 9.983675E-3	 1.716590E-6
5.600000E+0	 5.705664E-10	 9.983791E-3	 1.727617E-6
5.800000E+0	 5.790909E-10	 9.983565E-3	 1.740540E-6
6.000000E+0	 6.012469E-10	 9.983445E-3	 1.754204E-6
6.200000E+0	 5.926800E-10	 9.984022E-3	 1.769263E-6
6.400000E+0	 6.140338E-10	 9.983792E-3	 1.784654E-6
6.600000E+0	 6.195203E-10	 9.984009E-3	 1.801576E-6
6.800000E+0	 6.275384E-10	 9.983561E-3	 1.818361E-6
7.000000E+0	 6.444619E-10	 9.983097E-3	 1.836316E-6
7.200000E+0	 6.464452E-10	 9.983445E-3	 1.854475E-6
7.400000E+0	 6.635791E-10	 9.983556E-3	 1.874149E-6
7.600000E+0	 6.664064E-10	 9.983788E-3	 1.893880E-6
7.800000E+0	 6.807974E-10	 9.984024E-3	 1.914196E-6
8.000000E+0	 6.914325E-10	 9.983782E-3	 1.934940E-6
8.200000E+0	 6.895336E-10	 9.983432E-3	 1.961644E-6
8.400001E+0	 7.104229E-10	 9.983674E-3	 1.983410E-6
8.600000E+0	 7.321146E-10	 9.984020E-3	 2.006213E-6
8.800000E+0	 7.322409E-10	 9.983789E-3	 2.029385E-6
9.000000E+0	 7.522871E-10	 9.983901E-3	 2.053710E-6
9.200001E+0	 7.473914E-10	 9.983786E-3	 2.077957E-6
9.400001E+0	 7.632169E-10	 9.983548E-3	 2.102819E-6
9.600000E+0	 7.752446E-10	 9.983327E-3	 2.127787E-6
9.800000E+0	 7.797182E-10	 9.983557E-3	 2.152834E-6
1.000000E+1	 7.835160E-10	 9.982975E-3	 2.178602E-6
9.800000E+0	 5.009330E-10	 9.983902E-3	 2.134345E-6
9.600000E+0	 4.189773E-10	 9.983552E-3	 2.093581E-6
9.400001E+0	 3.630178E-10	 9.983440E-3	 2.055915E-6
9.200001E+0	 3.122489E-10	 9.984244E-3	 2.019984E-6
9.000000E+0	 2.623244E-10	 9.983906E-3	 1.985720E-6
8.800000E+0	 2.301666E-10	 9.984015E-3	 1.953535E-6
8.600000E+0	 1.951816E-10	 9.983666E-3	 1.923058E-6
8.400001E+0	 1.728988E-10	 9.983662E-3	 1.894546E-6
8.200000E+0	 1.438642E-10	 9.983785E-3	 1.867804E-6
8.000000E+0	 1.141119E-10	 9.983675E-3	 1.842985E-6
7.800000E+0	 9.039464E-11	 9.984365E-3	 1.819386E-6
7.600000E+0	 6.908260E-11	 9.984137E-3	 1.798226E-6
7.400000E+0	 3.924605E-11	 9.983791E-3	 1.778852E-6
7.200000E+0	 2.624788E-11	 9.984124E-3	 1.761606E-6
7.000000E+0	 4.809389E-12	 9.984364E-3	 1.745728E-6
6.800000E+0	 -8.146567E-12	 9.984707E-3	 1.732399E-6
6.600000E+0	 -2.625111E-11	 9.983554E-3	 1.719658E-6
6.400000E+0	 -4.486209E-11	 9.984137E-3	 1.710437E-6
6.200000E+0	 -7.845469E-11	 9.984135E-3	 1.701853E-6
6.000000E+0	 -9.440700E-11	 9.983779E-3	 1.695696E-6
5.800000E+0	 -9.917579E-11	 9.984133E-3	 1.692188E-6
5.600000E+0	 -1.138620E-10	 9.983789E-3	 1.690804E-6
5.400000E+0	 -1.330216E-10	 9.984467E-3	 1.691735E-6
5.200000E+0	 -1.586803E-10	 9.984476E-3	 1.694753E-6
5.000000E+0	 -1.723114E-10	 9.984481E-3	 1.700149E-6
4.800000E+0	 -1.846343E-10	 9.984367E-3	 1.707729E-6
4.600000E+0	 -1.970842E-10	 9.984250E-3	 1.717370E-6
4.400000E+0	 -2.113071E-10	 9.984705E-3	 1.729454E-6
4.200000E+0	 -2.218582E-10	 9.984939E-3	 1.743615E-6
4.000000E+0	 -2.373049E-10	 9.985285E-3	 1.760300E-6
3.800000E+0	 -2.477293E-10	 9.984939E-3	 1.779234E-6
3.600000E+0	 -2.579850E-10	 9.985053E-3	 1.799738E-6
3.400000E+0	 -2.708573E-10	 9.984593E-3	 1.822505E-6
3.200000E+0	 -2.898914E-10	 9.984366E-3	 1.847553E-6
3.000000E+0	 -2.966019E-10	 9.984595E-3	 1.874432E-6
2.800000E+0	 -3.020885E-10	 9.984359E-3	 1.906202E-6
2.600000E+0	 -3.171553E-10	 9.984132E-3	 1.935703E-6
2.400000E+0	 -3.415072E-10	 9.984593E-3	 1.966802E-6
2.200000E+0	 -3.573338E-10	 9.984590E-3	 1.999088E-6
2.000000E+0	 -3.601193E-10	 9.984241E-3	 2.033834E-6
1.800000E+0	 -3.686868E-10	 9.984008E-3	 2.068971E-6
1.600000E+0	 -3.826986E-10	 9.984357E-3	 2.105597E-6
1.400000E+0	 -3.929964E-10	 9.983897E-3	 2.142930E-6
1.200000E+0	 -4.054466E-10	 9.983669E-3	 2.181355E-6
1.000000E+0	 -4.126214E-10	 9.983786E-3	 2.220377E-6
8.000002E-1	 -4.257047E-10	 9.984015E-3	 2.260069E-6
6.000001E-1	 -4.351584E-10	 9.983899E-3	 2.300313E-6
4.000002E-1	 -4.445278E-10	 9.983668E-3	 2.341630E-6
2.000002E-1	 -4.527576E-10	 9.984128E-3	 2.382519E-6
1.490116E-7	 -4.699348E-10	 9.983785E-3	 2.423747E-6
-1.999999E-1	 -4.773203E-10	 9.983901E-3	 2.465240E-6
-3.999999E-1	 -4.900239E-10	 9.984132E-3	 2.507983E-6
-5.999998E-1	 -5.031496E-10	 9.984133E-3	 2.550941E-6
-7.999998E-1	 -5.128565E-10	 9.984017E-3	 2.593752E-6
-9.999999E-1	 -5.243356E-10	 9.984133E-3	 2.637247E-6
-1.200000E+0	 -5.334520E-10	 9.984362E-3	 2.680095E-6
-1.400000E+0	 -5.467464E-10	 9.983785E-3	 2.724132E-6
-1.600000E+0	 -5.525284E-10	 9.984129E-3	 2.767182E-6
-1.800000E+0	 -5.731239E-10	 9.984013E-3	 2.810556E-6
-2.000000E+0	 -5.755297E-10	 9.984708E-3	 2.853348E-6
-2.200000E+0	 -5.843079E-10	 9.983664E-3	 2.896926E-6
-2.400000E+0	 -5.935086E-10	 9.984018E-3	 2.940063E-6
-2.600000E+0	 -6.045238E-10	 9.983783E-3	 2.983225E-6
-2.800000E+0	 -6.178182E-10	 9.984015E-3	 3.025372E-6
-3.000000E+0	 -6.278205E-10	 9.983663E-3	 3.067929E-6
-3.200000E+0	 -6.368943E-10	 9.984123E-3	 3.109869E-6
-3.400000E+0	 -6.422122E-10	 9.984011E-3	 3.151798E-6
-3.600000E+0	 -6.570258E-10	 9.983782E-3	 3.192541E-6
-3.800000E+0	 -6.633988E-10	 9.984244E-3	 3.232715E-6
-4.000000E+0	 -6.790144E-10	 9.984239E-3	 3.274055E-6
-4.200000E+0	 -6.826438E-10	 9.983893E-3	 3.313895E-6
-4.400000E+0	 -6.975419E-10	 9.984122E-3	 3.353564E-6
-4.600000E+0	 -7.118070E-10	 9.984242E-3	 3.393331E-6
-4.800000E+0	 -7.148034E-10	 9.983546E-3	 3.432176E-6
-5.000000E+0	 -7.238773E-10	 9.983771E-3	 3.471168E-6
-5.200000E+0	 -7.346814E-10	 9.983202E-3	 3.508215E-6
-5.400000E+0	 -7.453590E-10	 9.982973E-3	 3.546282E-6
-5.600000E+0	 -7.568808E-10	 9.983436E-3	 3.582599E-6
-5.800000E+0	 -7.637603E-10	 9.984124E-3	 3.619861E-6
-6.000000E+0	 -7.726229E-10	 9.983089E-3	 3.656467E-6
-6.200000E+0	 -7.800512E-10	 9.984011E-3	 3.692416E-6
-6.400000E+0	 -7.928387E-10	 9.983433E-3	 3.728608E-6
-6.600000E+0	 -7.999714E-10	 9.984246E-3	 3.763266E-6
-6.800000E+0	 -8.149540E-10	 9.983663E-3	 3.798062E-6
-7.000000E+0	 -8.230995E-10	 9.983307E-3	 3.832128E-6
-7.200000E+0	 -8.281635E-10	 9.984011E-3	 3.865091E-6
-7.400000E+0	 -8.391370E-10	 9.983662E-3	 3.898776E-6
-7.600000E+0	 -8.494349E-10	 9.984474E-3	 3.930850E-6
-7.800000E+0	 -8.579600E-10	 9.983778E-3	 3.962644E-6
-8.000000E+0	 -8.760234E-10	 9.983892E-3	 3.995362E-6
-8.200000E+0	 -8.759813E-10	 9.983772E-3	 4.027300E-6
-8.400000E+0	 -8.915120E-10	 9.983538E-3	 4.059229E-6
-8.600000E+0	 -8.963238E-10	 9.983314E-3	 4.089870E-6
-8.800000E+0	 -9.094491E-10	 9.983663E-3	 4.121179E-6
-9.000000E+0	 -9.175102E-10	 9.983086E-3	 4.151242E-6
-9.200000E+0	 -9.243055E-10	 9.983306E-3	 4.180436E-6
-9.400000E+0	 -9.382746E-10	 9.983200E-3	 4.211602E-6
-9.600000E+0	 -9.505138E-10	 9.983662E-3	 4.238894E-6
-9.800000E+0	 -9.514419E-10	 9.983659E-3	 4.267819E-6
-1.000000E+1	 -9.686196E-10	 9.983199E-3	 4.296894E-6
-9.800000E+0	 -6.781281E-10	 9.983190E-3	 4.252885E-6
-9.600000E+0	 -5.992482E-10	 9.983431E-3	 4.210710E-6
-9.400000E+0	 -5.356466E-10	 9.983428E-3	 4.169445E-6
-9.200000E+0	 -4.877869E-10	 9.982843E-3	 4.127603E-6
-9.000000E+0	 -4.464689E-10	 9.983665E-3	 4.084666E-6
-8.800000E+0	 -4.034205E-10	 9.983663E-3	 4.043754E-6
-8.600000E+0	 -3.778027E-10	 9.983665E-3	 4.001631E-6
-8.400000E+0	 -3.437860E-10	 9.983775E-3	 3.960523E-6
-8.200000E+0	 -3.088833E-10	 9.983543E-3	 3.917692E-6
-8.000000E+0	 -2.835185E-10	 9.983303E-3	 3.874447E-6
-7.800000E+0	 -2.637247E-10	 9.982971E-3	 3.831803E-6
-7.600000E+0	 -2.365451E-10	 9.983890E-3	 3.789096E-6
-7.400000E+0	 -2.153586E-10	 9.983080E-3	 3.745104E-6
-7.200000E+0	 -2.019377E-10	 9.983663E-3	 3.701045E-6
-7.000000E+0	 -1.786839E-10	 9.983654E-3	 3.656577E-6
-6.800000E+0	 -1.591023E-10	 9.983544E-3	 3.611436E-6
-6.600000E+0	 -1.380015E-10	 9.983659E-3	 3.565786E-6
-6.400000E+0	 -1.173227E-10	 9.984123E-3	 3.520100E-6
-6.200000E+0	 -1.074474E-10	 9.984009E-3	 3.474183E-6
-6.000000E+0	 -9.888054E-11	 9.983432E-3	 3.428619E-6
-5.800000E+0	 -7.718882E-11	 9.983083E-3	 3.382187E-6
-5.600000E+0	 -4.633936E-11	 9.983650E-3	 3.336120E-6
-5.400000E+0	 -2.874129E-11	 9.983775E-3	 3.289574E-6
-5.200000E+0	 -2.055421E-11	 9.983771E-3	 3.242892E-6
-5.000000E+0	 -4.306569E-12	 9.983778E-3	 3.196323E-6
-4.800000E+0	 7.678663E-12	 9.983892E-3	 3.148794E-6
-4.600000E+0	 2.371536E-11	 9.983765E-3	 3.101149E-6
-4.400000E+0	 3.536303E-11	 9.983652E-3	 3.052435E-6
-4.200000E+0	 4.836115E-11	 9.984118E-3	 3.005111E-6
-4.000000E+0	 6.228770E-11	 9.983893E-3	 2.956321E-6
-3.800000E+0	 6.954629E-11	 9.983654E-3	 2.908356E-6
-3.600000E+0	 9.377016E-11	 9.983657E-3	 2.860762E-6
-3.400000E+0	 1.014087E-10	 9.983778E-3	 2.811773E-6
-3.200000E+0	 1.134361E-10	 9.984586E-3	 2.764289E-6
-3.000000E+0	 1.295992E-10	 9.983542E-3	 2.716274E-6
-2.800000E+0	 1.340305E-10	 9.984009E-3	 2.668117E-6
-2.600000E+0	 1.513333E-10	 9.983767E-3	 2.621057E-6
-2.400000E+0	 1.634028E-10	 9.983657E-3	 2.572966E-6
-2.200000E+0	 1.764854E-10	 9.983769E-3	 2.525517E-6
-2.000000E+0	 1.872894E-10	 9.984005E-3	 2.479048E-6
-1.800000E+0	 1.896523E-10	 9.984120E-3	 2.428909E-6
-1.600000E+0	 2.041698E-10	 9.983888E-3	 2.384768E-6
-1.400000E+0	 2.309677E-10	 9.983769E-3	 2.339354E-6
-1.200000E+0	 2.382688E-10	 9.983658E-3	 2.294309E-6
-9.999999E-1	 2.519842E-10	 9.983775E-3	 2.250456E-6
-7.999998E-1	 2.554871E-10	 9.984125E-3	 2.207495E-6
-5.999998E-1	 2.615640E-10	 9.983663E-3	 2.162974E-6
-3.999999E-1	 2.773474E-10	 9.983769E-3	 2.122586E-6
-1.999999E-1	 3.003471E-10	 9.983882E-3	 2.082775E-6
1.490116E-7	 3.041032E-10	 9.983545E-3	 2.044277E-6
2.000002E-1	 3.137675E-10	 9.984115E-3	 2.006817E-6
4.000002E-1	 3.345307E-10	 9.984001E-3	 1.971043E-6
6.000001E-1	 3.298891E-10	 9.983662E-3	 1.936554E-6
8.000002E-1	 3.454613E-10	 9.984002E-3	 1.904211E-6
1.000000E+0	 3.433932E-10	 9.984002E-3	 1.873858E-6
1.200000E+0	 3.580795E-10	 9.984352E-3	 1.846089E-6
1.400000E+0	 3.623842E-10	 9.984233E-3	 1.819820E-6
1.600000E+0	 3.855949E-10	 9.984122E-3	 1.796200E-6
1.800000E+0	 3.882113E-10	 9.984584E-3	 1.772516E-6
2.000000E+0	 3.976646E-10	 9.984581E-3	 1.753371E-6
2.200000E+0	 4.273745E-10	 9.984111E-3	 1.735648E-6
2.400000E+0	 4.317637E-10	 9.984459E-3	 1.720547E-6
2.600000E+0	 4.395707E-10	 9.984583E-3	 1.707699E-6
2.800000E+0	 4.511765E-10	 9.984238E-3	 1.696887E-6
3.000000E+0	 4.569582E-10	 9.984241E-3	 1.688512E-6
3.200000E+0	 4.567893E-10	 9.984576E-3	 1.681840E-6
3.400000E+0	 4.737127E-10	 9.984230E-3	 1.678085E-6
3.600000E+0	 4.959946E-10	 9.984583E-3	 1.675686E-6
3.800000E+0	 5.053635E-10	 9.984931E-3	 1.675438E-6
4.000000E+0	 5.073040E-10	 9.984235E-3	 1.677284E-6
4.200000E+0	 5.186149E-10	 9.984464E-3	 1.681474E-6
4.400000E+0	 5.274772E-10	 9.984352E-3	 1.687114E-6
4.600000E+0	 5.369301E-10	 9.984581E-3	 1.694627E-6
4.800000E+0	 5.476916E-10	 9.984815E-3	 1.703783E-6
5.000000E+0	 5.580733E-10	 9.984925E-3	 1.714472E-6
5.200000E+0	 5.699318E-10	 9.984353E-3	 1.726312E-6
5.400000E+0	 5.771914E-10	 9.984581E-3	 1.740069E-6
5.600000E+0	 5.821703E-10	 9.984696E-3	 1.754785E-6
5.800000E+0	 5.924681E-10	 9.984353E-3	 1.770085E-6
6.000000E+0	 6.072803E-10	 9.984688E-3	 1.787201E-6
6.200000E+0	 6.133994E-10	 9.984346E-3	 1.804788E-6
6.400000E+0	 6.244986E-10	 9.984233E-3	 1.823169E-6
6.600000E+0	 6.298162E-10	 9.984342E-3	 1.842304E-6
6.800000E+0	 6.436587E-10	 9.984924E-3	 1.862034E-6
7.000000E+0	 6.496089E-10	 9.984341E-3	 1.882467E-6
7.200000E+0	 6.588508E-10	 9.984465E-3	 1.903146E-6
7.400000E+0	 6.709204E-10	 9.984698E-3	 1.924585E-6
7.600000E+0	 6.801628E-10	 9.983998E-3	 1.946122E-6
7.800000E+0	 6.937090E-10	 9.984233E-3	 1.968877E-6
8.000000E+0	 6.908822E-10	 9.984346E-3	 1.992228E-6
8.200000E+0	 7.116874E-10	 9.984118E-3	 2.015393E-6
8.400001E+0	 7.245165E-10	 9.983412E-3	 2.039908E-6
8.600000E+0	 7.398361E-10	 9.984339E-3	 2.064655E-6
8.800000E+0	 7.381900E-10	 9.984232E-3	 2.089502E-6
9.000000E+0	 7.537200E-10	 9.983657E-3	 2.115075E-6
9.200001E+0	 7.536357E-10	 9.983424E-3	 2.141278E-6
9.400001E+0	 7.699258E-10	 9.984005E-3	 2.166816E-6
9.600000E+0	 7.792946E-10	 9.983650E-3	 2.192924E-6
9.800000E+0	 7.866370E-10	 9.983302E-3	 2.219191E-6
1.000000E+1	 7.963858E-10	 9.983657E-3	 2.245258E-6
9.800000E+0	 5.050677E-10	 9.984000E-3	 2.199438E-6
9.600000E+0	 4.232812E-10	 9.984697E-3	 2.157524E-6
9.400001E+0	 3.658024E-10	 9.984236E-3	 2.117715E-6
9.200001E+0	 3.181990E-10	 9.984810E-3	 2.080211E-6
9.000000E+0	 2.726209E-10	 9.984810E-3	 2.044264E-6
8.800000E+0	 2.380575E-10	 9.984810E-3	 2.010359E-6
8.600000E+0	 2.064908E-10	 9.984575E-3	 1.977592E-6
8.400001E+0	 1.694800E-10	 9.984917E-3	 1.947036E-6
8.200000E+0	 1.414157E-10	 9.985034E-3	 1.917905E-6
8.000000E+0	 1.250415E-10	 9.984697E-3	 1.889880E-6
7.800000E+0	 9.558468E-11	 9.984463E-3	 1.864323E-6
7.600000E+0	 7.055903E-11	 9.984347E-3	 1.839857E-6
7.400000E+0	 4.089137E-11	 9.984693E-3	 1.817237E-6
7.200000E+0	 2.046587E-11	 9.984346E-3	 1.796783E-6
7.000000E+0	 8.818141E-12	 9.983992E-3	 1.777354E-6
6.800000E+0	 -1.380190E-11	 9.983999E-3	 1.759873E-6
6.600000E+0	 -2.933219E-11	 9.984116E-3	 1.743961E-6
6.400000E+0	 -5.182570E-11	 9.983998E-3	 1.730605E-6
6.200000E+0	 -6.904394E-11	 9.983760E-3	 1.718297E-6
6.000000E+0	 -8.495399E-11	 9.983538E-3	 1.708321E-6
5.800000E+0	 -1.029741E-10	 9.984225E-3	 1.700284E-6
5.600000E+0	 -1.171538E-10	 9.983880E-3	 1.694209E-6
5.400000E+0	 -1.328529E-10	 9.983888E-3	 1.690572E-6
5.200000E+0	 -1.431079E-10	 9.983654E-3	 1.689068E-6
5.000000E+0	 -1.633647E-10	 9.983422E-3	 1.689478E-6
4.800000E+0	 -1.739995E-10	 9.984234E-3	 1.692638E-6
4.600000E+0	 -1.912600E-10	 9.983420E-3	 1.697594E-6
4.400000E+0	 -2.085216E-10	 9.984112E-3	 1.704843E-6
4.200000E+0	 -2.208452E-10	 9.984230E-3	 1.714528E-6
4.000000E+0	 -2.256565E-10	 9.984002E-3	 1.726772E-6
3.800000E+0	 -2.468008E-10	 9.984001E-3	 1.740857E-6
3.600000E+0	 -2.601795E-10	 9.984000E-3	 1.756884E-6
3.400000E+0	 -2.751198E-10	 9.984230E-3	 1.775524E-6
3.200000E+0	 -2.810705E-10	 9.984232E-3	 1.795245E-6
3.000000E+0	 -2.920859E-10	 9.984345E-3	 1.817896E-6
2.800000E+0	 -3.055068E-10	 9.984114E-3	 1.842283E-6
2.600000E+0	 -3.158890E-10	 9.984684E-3	 1.868284E-6
2.400000E+0	 -3.375397E-10	 9.984693E-3	 1.895546E-6
2.200000E+0	 -3.438704E-10	 9.984001E-3	 1.924731E-6
2.000000E+0	 -3.576712E-10	 9.984572E-3	 1.954582E-6
1.800000E+0	 -3.656056E-10	 9.984340E-3	 1.987247E-6
1.600000E+0	 -3.789420E-10	 9.984463E-3	 2.019056E-6
1.400000E+0	 -3.910546E-10	 9.984691E-3	 2.053577E-6
1.200000E+0	 -3.946842E-10	 9.984225E-3	 2.088324E-6
1.000000E+0	 -4.125366E-10	 9.984572E-3	 2.123604E-6
8.000002E-1	 -4.173059E-10	 9.983884E-3	 2.159907E-6
6.000001E-1	 -4.303046E-10	 9.984230E-3	 2.196625E-6
4.000002E-1	 -4.402647E-10	 9.984224E-3	 2.234454E-6
2.000002E-1	 -4.530104E-10	 9.984102E-3	 2.272501E-6
1.490116E-7	 -4.684150E-10	 9.984338E-3	 2.310617E-6
-1.999999E-1	 -4.740701E-10	 9.984459E-3	 2.349539E-6
-3.999999E-1	 -4.917116E-10	 9.984111E-3	 2.389010E-6
-5.999998E-1	 -5.020935E-10	 9.984803E-3	 2.429562E-6
-7.999998E-1	 -5.146705E-10	 9.984341E-3	 2.469887E-6
-9.999999E-1	 -5.281336E-10	 9.984111E-3	 2.510656E-6
-1.200000E+0	 -5.257280E-10	 9.984459E-3	 2.551899E-6
-1.400000E+0	 -5.487291E-10	 9.984223E-3	 2.592912E-6
-1.600000E+0	 -5.572967E-10	 9.984116E-3	 2.633385E-6
-1.800000E+0	 -5.643023E-10	 9.983994E-3	 2.675079E-6
-2.000000E+0	 -5.883588E-10	 9.983880E-3	 2.715970E-6
-2.200000E+0	 -5.772171E-10	 9.984113E-3	 2.756771E-6
-2.400000E+0	 -5.970531E-10	 9.984228E-3	 2.798290E-6
-2.600000E+0	 -6.040168E-10	 9.984115E-3	 2.838311E-6
-2.800000E+0	 -6.192946E-10	 9.984115E-3	 2.879006E-6
-3.000000E+0	 -6.368514E-10	 9.983765E-3	 2.919673E-6
-3.200000E+0	 -6.276087E-10	 9.984109E-3	 2.959867E-6
-3.400000E+0	 -6.407342E-10	 9.984112E-3	 3.000768E-6
-3.600000E+0	 -6.590508E-10	 9.983995E-3	 3.039929E-6
-3.800000E+0	 -6.699817E-10	 9.983765E-3	 3.079488E-6
-4.000000E+0	 -6.761012E-10	 9.983875E-3	 3.119064E-6
-4.200000E+0	 -6.994401E-10	 9.983763E-3	 3.158469E-6
-4.400000E+0	 -7.001152E-10	 9.983647E-3	 3.196641E-6
-4.600000E+0	 -7.015925E-10	 9.983877E-3	 3.234679E-6
-4.800000E+0	 -7.138740E-10	 9.983878E-3	 3.272185E-6
-5.000000E+0	 -7.273370E-10	 9.983995E-3	 3.308749E-6
-5.200000E+0	 -7.301649E-10	 9.983071E-3	 3.350466E-6
-5.400000E+0	 -7.443454E-10	 9.983879E-3	 3.387485E-6
-5.600000E+0	 -7.641813E-10	 9.984461E-3	 3.422704E-6
-5.800000E+0	 -7.740992E-10	 9.983763E-3	 3.459090E-6
-6.000000E+0	 -7.843547E-10	 9.983882E-3	 3.495677E-6
-6.200000E+0	 -7.894612E-10	 9.983758E-3	 3.529681E-6
-6.400000E+0	 -8.032621E-10	 9.983533E-3	 3.564682E-6
-6.600000E+0	 -8.047391E-10	 9.983300E-3	 3.598649E-6
-6.800000E+0	 -8.207766E-10	 9.983765E-3	 3.633371E-6
-7.000000E+0	 -8.225912E-10	 9.983532E-3	 3.665458E-6
-7.200000E+0	 -8.283735E-10	 9.983867E-3	 3.702891E-6
-7.400000E+0	 -8.430608E-10	 9.983302E-3	 3.735222E-6
-7.600000E+0	 -8.668216E-10	 9.983413E-3	 3.767640E-6
-7.800000E+0	 -8.768238E-10	 9.983416E-3	 3.798110E-6
-8.000000E+0	 -8.768658E-10	 9.983303E-3	 3.830724E-6
-8.200000E+0	 -8.935368E-10	 9.983760E-3	 3.861595E-6
-8.400000E+0	 -9.018091E-10	 9.983753E-3	 3.893419E-6
-8.600000E+0	 -8.962799E-10	 9.982837E-3	 3.924487E-6
-8.800000E+0	 -9.097433E-10	 9.983070E-3	 3.954130E-6
-9.000000E+0	 -9.232908E-10	 9.983070E-3	 3.984407E-6
-9.200000E+0	 -9.318580E-10	 9.983525E-3	 4.014213E-6
-9.400000E+0	 -9.453632E-10	 9.983534E-3	 4.043892E-6
-9.600000E+0	 -9.558300E-10	 9.982835E-3	 4.072035E-6
-9.800000E+0	 -9.559566E-10	 9.983187E-3	 4.100928E-6
-1.000000E+1	 -9.776918E-10	 9.982610E-3	 4.128720E-6
-9.800000E+0	 -6.792666E-10	 9.983414E-3	 4.085524E-6
-9.600000E+0	 -5.956601E-10	 9.983643E-3	 4.042873E-6
-9.400000E+0	 -5.473364E-10	 9.983526E-3	 4.002427E-6
-9.200000E+0	 -4.903186E-10	 9.983417E-3	 3.961690E-6
-9.000000E+0	 -4.439362E-10	 9.983650E-3	 3.919687E-6
-8.800000E+0	 -4.080627E-10	 9.983527E-3	 3.878922E-6
-8.600000E+0	 -3.696569E-10	 9.983302E-3	 3.838074E-6
-8.400000E+0	 -3.488080E-10	 9.983529E-3	 3.795340E-6
-8.200000E+0	 -3.097270E-10	 9.983071E-3	 3.753956E-6
-8.000000E+0	 -2.926343E-10	 9.983650E-3	 3.710879E-6
-7.800000E+0	 -2.662146E-10	 9.983649E-3	 3.668307E-6
-7.600000E+0	 -2.405545E-10	 9.983531E-3	 3.626607E-6
-7.400000E+0	 -2.269225E-10	 9.983184E-3	 3.583327E-6
-7.200000E+0	 -1.961557E-10	 9.983530E-3	 3.540931E-6
-7.000000E+0	 -1.731133E-10	 9.983066E-3	 3.497657E-6
-6.800000E+0	 -1.631960E-10	 9.983406E-3	 3.454100E-6
-6.600000E+0	 -1.406181E-10	 9.983527E-3	 3.409437E-6
-6.400000E+0	 -1.220072E-10	 9.983064E-3	 3.365444E-6
-6.200000E+0	 -1.045779E-10	 9.983877E-3	 3.321672E-6
-6.000000E+0	 -9.149544E-11	 9.983986E-3	 3.277695E-6
-5.800000E+0	 -7.659819E-11	 9.983300E-3	 3.232615E-6
-5.600000E+0	 -5.165704E-11	 9.983415E-3	 3.187625E-6
-5.400000E+0	 -4.667730E-11	 9.983527E-3	 3.142617E-6
-5.200000E+0	 -3.600023E-11	 9.983764E-3	 3.095650E-6
-5.000000E+0	 -1.798020E-11	 9.983869E-3	 3.050559E-6
-4.800000E+0	 8.986575E-12	 9.983532E-3	 3.005228E-6
-4.600000E+0	 2.616266E-11	 9.984339E-3	 2.959020E-6
-4.400000E+0	 3.637540E-11	 9.984106E-3	 2.913327E-6
-4.200000E+0	 4.798084E-11	 9.983523E-3	 2.867182E-6
-4.000000E+0	 6.832207E-11	 9.984109E-3	 2.821167E-6
-3.800000E+0	 7.182480E-11	 9.983872E-3	 2.775910E-6
-3.600000E+0	 8.925399E-11	 9.984219E-3	 2.729514E-6
-3.400000E+0	 9.921367E-11	 9.983991E-3	 2.683288E-6
-3.200000E+0	 1.113254E-10	 9.983757E-3	 2.637552E-6
-3.000000E+0	 1.227199E-10	 9.984453E-3	 2.591678E-6
-2.800000E+0	 1.382501E-10	 9.983172E-3	 2.546364E-6
-2.600000E+0	 1.514592E-10	 9.983296E-3	 2.500935E-6
-2.400000E+0	 1.651325E-10	 9.983531E-3	 2.455614E-6
-2.200000E+0	 1.683819E-10	 9.983173E-3	 2.410361E-6
-2.000000E+0	 1.851360E-10	 9.983180E-3	 2.366180E-6
-1.800000E+0	 1.978388E-10	 9.983644E-3	 2.322427E-6
-1.600000E+0	 1.926480E-10	 9.983525E-3	 2.278881E-6
-1.400000E+0	 2.209652E-10	 9.983757E-3	 2.236212E-6
-1.200000E+0	 2.342165E-10	 9.983404E-3	 2.194375E-6
-9.999999E-1	 2.468348E-10	 9.983529E-3	 2.153244E-6
-7.999998E-1	 2.515191E-10	 9.983875E-3	 2.112857E-6
-5.999998E-1	 2.652346E-10	 9.983876E-3	 2.074840E-6
-3.999999E-1	 2.773465E-10	 9.983866E-3	 2.037508E-6
-1.999999E-1	 2.770933E-10	 9.984218E-3	 1.998481E-6
1.490116E-7	 2.950293E-10	 9.984105E-3	 1.964379E-6
2.000002E-1	 3.135980E-10	 9.984219E-3	 1.931168E-6
4.000002E-1	 3.271869E-10	 9.983985E-3	 1.899787E-6
6.000001E-1	 3.334326E-10	 9.984219E-3	 1.870321E-6
8.000002E-1	 3.387922E-10	 9.984919E-3	 1.841791E-6
1.000000E+0	 3.491739E-10	 9.983988E-3	 1.815200E-6
1.200000E+0	 3.607373E-10	 9.984339E-3	 1.791497E-6
1.400000E+0	 3.691775E-10	 9.984105E-3	 1.769898E-6
1.600000E+0	 3.828932E-10	 9.984453E-3	 1.749831E-6
1.800000E+0	 3.938231E-10	 9.983750E-3	 1.732315E-6
2.000000E+0	 4.072857E-10	 9.984570E-3	 1.717032E-6
2.200000E+0	 4.102397E-10	 9.984684E-3	 1.703805E-6
2.400000E+0	 4.299056E-10	 9.984917E-3	 1.693238E-6
2.600000E+0	 4.391900E-10	 9.984436E-3	 1.684139E-6
2.800000E+0	 4.431144E-10	 9.984328E-3	 1.677339E-6
3.000000E+0	 4.582228E-10	 9.984332E-3	 1.673889E-6
3.200000E+0	 4.642999E-10	 9.984337E-3	 1.672053E-6
3.400000E+0	 4.762002E-10	 9.984335E-3	 1.672040E-6
3.600000E+0	 4.893254E-10	 9.984337E-3	 1.674209E-6
3.800000E+0	 4.938408E-10	 9.985031E-3	 1.677986E-6
4.000000E+0	 5.069233E-10	 9.985027E-3	 1.684280E-6
4.200000E+0	 5.158705E-10	 9.984567E-3	 1.692039E-6
4.400000E+0	 5.290796E-10	 9.984083E-3	 1.701332E-6
4.600000E+0	 5.414869E-10	 9.984790E-3	 1.712094E-6
4.800000E+0	 5.455384E-10	 9.984332E-3	 1.724438E-6
5.000000E+0	 5.554974E-10	 9.984335E-3	 1.738197E-6
5.200000E+0	 5.635578E-10	 9.984566E-3	 1.752836E-6
5.400000E+0	 5.782018E-10	 9.984449E-3	 1.769404E-6
5.600000E+0	 5.883725E-10	 9.983988E-3	 1.786747E-6
5.800000E+0	 5.961801E-10	 9.984332E-3	 1.805100E-6
6.000000E+0	 6.103171E-10	 9.984097E-3	 1.824805E-6
6.200000E+0	 6.087560E-10	 9.984104E-3	 1.844410E-6
6.400000E+0	 6.252988E-10	 9.983523E-3	 1.865634E-6
6.600000E+0	 6.341188E-10	 9.983876E-3	 1.886541E-6
6.800000E+0	 6.451757E-10	 9.983753E-3	 1.907791E-6
7.000000E+0	 6.560217E-10	 9.983408E-3	 1.929865E-6
7.200000E+0	 6.591031E-10	 9.983748E-3	 1.952142E-6
7.400000E+0	 6.791481E-10	 9.983296E-3	 1.974831E-6
7.600000E+0	 6.804563E-10	 9.983408E-3	 1.997768E-6
7.800000E+0	 6.958598E-10	 9.983173E-3	 2.021490E-6
8.000000E+0	 7.091114E-10	 9.983524E-3	 2.045703E-6
8.200000E+0	 7.124454E-10	 9.984216E-3	 2.070466E-6
8.400001E+0	 7.305495E-10	 9.983413E-3	 2.095941E-6
8.600000E+0	 7.300014E-10	 9.983177E-3	 2.121435E-6
8.800000E+0	 7.457847E-10	 9.983527E-3	 2.147399E-6
9.000000E+0	 7.562085E-10	 9.983292E-3	 2.173400E-6
9.200001E+0	 7.608510E-10	 9.983056E-3	 2.199957E-6
9.400001E+0	 7.711058E-10	 9.983638E-3	 2.226747E-6
9.600000E+0	 7.832593E-10	 9.983987E-3	 2.253596E-6
9.800000E+0	 7.907291E-10	 9.983866E-3	 2.279762E-6
1.000000E+1	 8.001400E-10	 9.983858E-3	 2.306442E-6
9.800000E+0	 5.121144E-10	 9.983869E-3	 2.259340E-6
9.600000E+0	 4.280061E-10	 9.984676E-3	 2.216707E-6
9.400001E+0	 3.717936E-10	 9.983872E-3	 2.176170E-6
9.200001E+0	 3.244437E-10	 9.984219E-3	 2.137723E-6
9.000000E+0	 2.774732E-10	 9.984332E-3	 2.100332E-6
8.800000E+0	 2.339210E-10	 9.984562E-3	 2.064585E-6
8.600000E+0	 2.042534E-10	 9.984213E-3	 2.030664E-6
8.400001E+0	 1.743746E-10	 9.984445E-3	 1.997112E-6
8.200000E+0	 1.420060E-10	 9.984449E-3	 1.966112E-6
8.000000E+0	 1.200613E-10	 9.984332E-3	 1.935985E-6
7.800000E+0	 9.731452E-11	 9.984563E-3	 1.908089E-6
7.600000E+0	 8.528714E-11	 9.984561E-3	 1.880467E-6
7.400000E+0	 5.848910E-11	 9.984788E-3	 1.856035E-6
7.200000E+0	 2.135168E-11	 9.984557E-3	 1.833419E-6
7.000000E+0	 7.551570E-12	 9.984210E-3	 1.812014E-6
6.800000E+0	 -9.286724E-12	 9.984331E-3	 1.791348E-6
6.600000E+0	 -3.984069E-11	 9.984443E-3	 1.773054E-6
6.400000E+0	 -4.967360E-11	 9.984563E-3	 1.755681E-6
6.200000E+0	 -6.258734E-11	 9.984448E-3	 1.741246E-6
6.000000E+0	 -6.997264E-11	 9.984673E-3	 1.726360E-6
5.800000E+0	 -8.811932E-11	 9.984549E-3	 1.715154E-6
5.600000E+0	 -1.229779E-10	 9.984556E-3	 1.705439E-6
5.400000E+0	 -1.332328E-10	 9.984676E-3	 1.698220E-6
5.200000E+0	 -1.519703E-10	 9.984331E-3	 1.692356E-6
5.000000E+0	 -1.579629E-10	 9.984446E-3	 1.688718E-6
4.800000E+0	 -1.783463E-10	 9.984445E-3	 1.687505E-6
4.600000E+0	 -1.860692E-10	 9.984793E-3	 1.689124E-6
4.400000E+0	 -2.093234E-10	 9.984446E-3	 1.692340E-6
4.200000E+0	 -2.181019E-10	 9.984794E-3	 1.697915E-6
4.000000E+0	 -2.295392E-10	 9.984102E-3	 1.705373E-6
3.800000E+0	 -2.382754E-10	 9.984794E-3	 1.715585E-6
3.600000E+0	 -2.566342E-10	 9.983987E-3	 1.727839E-6
3.400000E+0	 -2.646530E-10	 9.983750E-3	 1.741986E-6
3.200000E+0	 -2.890470E-10	 9.984332E-3	 1.757987E-6
3.000000E+0	 -2.981630E-10	 9.984446E-3	 1.776869E-6
2.800000E+0	 -3.079544E-10	 9.984210E-3	 1.797153E-6
2.600000E+0	 -3.208689E-10	 9.984680E-3	 1.819026E-6
2.400000E+0	 -3.326438E-10	 9.984211E-3	 1.842601E-6
2.200000E+0	 -3.443766E-10	 9.984445E-3	 1.868878E-6
2.000000E+0	 -3.602031E-10	 9.984676E-3	 1.895535E-6
1.800000E+0	 -3.620601E-10	 9.984673E-3	 1.923814E-6
1.600000E+0	 -3.783509E-10	 9.984793E-3	 1.953010E-6
1.400000E+0	 -3.825290E-10	 9.984559E-3	 1.987986E-6
1.200000E+0	 -3.950636E-10	 9.984205E-3	 2.018781E-6
1.000000E+0	 -4.198374E-10	 9.983860E-3	 2.051263E-6
8.000002E-1	 -3.313355E-10	 9.984326E-3	 2.086974E-6
6.000001E-1	 -4.446534E-10	 9.983753E-3	 2.119730E-6
4.000002E-1	 -4.453288E-10	 9.983868E-3	 2.154570E-6
2.000002E-1	 -4.560908E-10	 9.984086E-3	 2.189976E-6
1.490116E-7	 -4.681189E-10	 9.984212E-3	 2.226134E-6
-1.999999E-1	 -4.820885E-10	 9.983871E-3	 2.262952E-6
-3.999999E-1	 -4.889255E-10	 9.983868E-3	 2.300369E-6
-5.999998E-1	 -5.071575E-10	 9.983636E-3	 2.337965E-6
-7.999998E-1	 -5.180041E-10	 9.983754E-3	 2.376333E-6
-9.999999E-1	 -5.281329E-10	 9.984212E-3	 2.415160E-6
-1.200000E+0	 -5.375447E-10	 9.983751E-3	 2.454059E-6
-1.400000E+0	 -5.436218E-10	 9.983749E-3	 2.492893E-6
-1.600000E+0	 -5.597440E-10	 9.983520E-3	 2.532004E-6
-1.800000E+0	 -5.688178E-10	 9.983515E-3	 2.571514E-6
-2.000000E+0	 -5.833358E-10	 9.983865E-3	 2.611507E-6
-2.200000E+0	 -5.925365E-10	 9.983289E-3	 2.651620E-6
-2.400000E+0	 -6.001332E-10	 9.983402E-3	 2.691371E-6
-2.600000E+0	 -6.121612E-10	 9.983288E-3	 2.730918E-6
-2.800000E+0	 -6.208554E-10	 9.983052E-3	 2.771157E-6
-3.000000E+0	 -6.265528E-10	 9.982710E-3	 2.809577E-6
-3.200000E+0	 -6.406070E-10	 9.983399E-3	 2.848159E-6
-3.400000E+0	 -6.566444E-10	 9.983289E-3	 2.887770E-6
-3.600000E+0	 -5.532867E-10	 9.983284E-3	 2.928700E-6
-3.800000E+0	 -6.687148E-10	 9.983173E-3	 2.964819E-6
-4.000000E+0	 -6.791392E-10	 9.983864E-3	 3.003962E-6
-4.200000E+0	 -6.822620E-10	 9.984085E-3	 3.042074E-6
-4.400000E+0	 -6.991440E-10	 9.983163E-3	 3.079832E-6
-4.600000E+0	 -7.145484E-10	 9.983975E-3	 3.117206E-6
-4.800000E+0	 -7.184316E-10	 9.984323E-3	 3.154389E-6
-5.000000E+0	 -7.294887E-10	 9.983981E-3	 3.191602E-6
-5.200000E+0	 -7.364102E-10	 9.983860E-3	 3.227725E-6
-5.400000E+0	 -7.502107E-10	 9.983630E-3	 3.264445E-6
-5.600000E+0	 -7.551065E-10	 9.983744E-3	 3.300500E-6
-5.800000E+0	 -7.677677E-10	 9.983395E-3	 3.336097E-6
-6.000000E+0	 -7.794159E-10	 9.983517E-3	 3.371698E-6
-6.200000E+0	 -7.903047E-10	 9.983400E-3	 3.406452E-6
-6.400000E+0	 -7.956644E-10	 9.983166E-3	 3.439601E-6
-6.600000E+0	 -8.008557E-10	 9.983516E-3	 3.478466E-6
-6.800000E+0	 -8.174838E-10	 9.983744E-3	 3.510599E-6
-7.000000E+0	 -8.370667E-10	 9.983282E-3	 3.544931E-6
-7.200000E+0	 -8.465629E-10	 9.983393E-3	 3.577820E-6
-7.400000E+0	 -8.521336E-10	 9.983400E-3	 3.610762E-6
-7.600000E+0	 -8.607432E-10	 9.983172E-3	 3.642160E-6
-7.800000E+0	 -8.650483E-10	 9.983857E-3	 3.674477E-6
-8.000000E+0	 -8.793552E-10	 9.983279E-3	 3.706082E-6
-8.200000E+0	 -8.877959E-10	 9.983515E-3	 3.736805E-6
-8.400000E+0	 -9.027780E-10	 9.983052E-3	 3.767912E-6
-8.600000E+0	 -9.092780E-10	 9.983168E-3	 3.798443E-6
-8.800000E+0	 -9.156085E-10	 9.983055E-3	 3.828425E-6
-9.000000E+0	 -9.287761E-10	 9.982935E-3	 3.858472E-6
-9.200000E+0	 -9.351913E-10	 9.982364E-3	 3.887240E-6
-9.400000E+0	 -9.465022E-10	 9.982939E-3	 3.917405E-6
-9.600000E+0	 -9.579391E-10	 9.982817E-3	 3.945018E-6
-9.800000E+0	 -9.655360E-10	 9.983399E-3	 3.973783E-6
-1.000000E+1	 -9.838946E-10	 9.982825E-3	 4.001558E-6
-9.800000E+0	 -6.808273E-10	 9.983171E-3	 3.958327E-6
-9.600000E+0	 -6.009770E-10	 9.982824E-3	 3.917306E-6
-9.400000E+0	 -5.394437E-10	 9.982707E-3	 3.875814E-6
-9.200000E+0	 -5.034856E-10	 9.982821E-3	 3.837356E-6
-9.000000E+0	 -4.607752E-10	 9.982706E-3	 3.796931E-6
-8.800000E+0	 -4.120295E-10	 9.983283E-3	 3.756314E-6
-8.600000E+0	 -3.808830E-10	 9.983166E-3	 3.715992E-6
-8.400000E+0	 -3.537879E-10	 9.983045E-3	 3.675402E-6
-8.200000E+0	 -3.156354E-10	 9.983855E-3	 3.635567E-6
-8.000000E+0	 -2.879917E-10	 9.982938E-3	 3.593234E-6
-7.800000E+0	 -2.642731E-10	 9.982821E-3	 3.552616E-6
-7.600000E+0	 -2.441417E-10	 9.983510E-3	 3.509643E-6
-7.400000E+0	 -2.219846E-10	 9.982581E-3	 3.468298E-6
-7.200000E+0	 -1.991944E-10	 9.982934E-3	 3.425482E-6
-7.000000E+0	 -1.811738E-10	 9.982814E-3	 3.383315E-6
-6.800000E+0	 -1.628162E-10	 9.983169E-3	 3.339888E-6
-6.600000E+0	 -1.399429E-10	 9.983630E-3	 3.297457E-6
-6.400000E+0	 -1.201504E-10	 9.982937E-3	 3.253075E-6
-6.200000E+0	 -1.052110E-10	 9.983054E-3	 3.210376E-6
-6.000000E+0	 -9.221302E-11	 9.982924E-3	 3.167262E-6
-5.800000E+0	 -7.233603E-11	 9.982940E-3	 3.122065E-6
-5.600000E+0	 -5.659483E-11	 9.983743E-3	 3.078786E-6
-5.400000E+0	 -4.515824E-11	 9.983169E-3	 3.033851E-6
-5.200000E+0	 -2.625195E-11	 9.983157E-3	 2.989601E-6
-5.000000E+0	 -2.534598E-12	 9.983513E-3	 2.945254E-6
-4.800000E+0	 -8.888029E-13	 9.982819E-3	 2.901118E-6
-4.600000E+0	 1.936792E-11	 9.982818E-3	 2.856000E-6
-4.400000E+0	 3.434950E-11	 9.983165E-3	 2.811725E-6
-4.200000E+0	 4.692557E-11	 9.983284E-3	 2.766835E-6
-4.000000E+0	 6.148498E-11	 9.983390E-3	 2.721925E-6
-3.800000E+0	 6.760420E-11	 9.983394E-3	 2.676904E-6
-3.600000E+0	 8.980225E-11	 9.983051E-3	 2.632980E-6
-3.400000E+0	 1.024628E-10	 9.983512E-3	 2.587388E-6
-3.200000E+0	 9.997281E-11	 9.983399E-3	 2.543814E-6
-3.000000E+0	 1.286274E-10	 9.983511E-3	 2.499185E-6
-2.800000E+0	 1.208627E-10	 9.983166E-3	 2.455069E-6
-2.600000E+0	 1.529779E-10	 9.983399E-3	 2.410859E-6
-2.400000E+0	 1.623045E-10	 9.983742E-3	 2.367447E-6
-2.200000E+0	 1.805778E-10	 9.983507E-3	 2.324443E-6
-2.000000E+0	 1.822657E-10	 9.983624E-3	 2.282245E-6
-1.800000E+0	 1.966566E-10	 9.983634E-3	 2.240607E-6
-1.600000E+0	 2.094013E-10	 9.983281E-3	 2.199151E-6
-1.400000E+0	 2.194875E-10	 9.982932E-3	 2.158849E-6
-1.200000E+0	 2.298270E-10	 9.983052E-3	 2.119606E-6
-9.999999E-1	 2.405041E-10	 9.983276E-3	 2.081193E-6
-7.999998E-1	 2.511387E-10	 9.983629E-3	 2.043688E-6
-5.999998E-1	 2.704248E-10	 9.983162E-3	 2.008339E-6
-3.999999E-1	 2.719861E-10	 9.983629E-3	 1.971073E-6
-1.999999E-1	 2.858283E-10	 9.983392E-3	 1.938367E-6
1.490116E-7	 3.081953E-10	 9.983513E-3	 1.906904E-6
2.000002E-1	 3.152428E-10	 9.983743E-3	 1.877204E-6
4.000002E-1	 3.312375E-10	 9.983861E-3	 1.849231E-6
6.000001E-1	 3.294229E-10	 9.983165E-3	 1.820413E-6
8.000002E-1	 3.412814E-10	 9.983976E-3	 1.796574E-6
1.000000E+0	 3.625510E-10	 9.983853E-3	 1.774222E-6
1.200000E+0	 3.630152E-10	 9.983741E-3	 1.754147E-6
1.400000E+0	 3.838628E-10	 9.983748E-3	 1.736099E-6
1.600000E+0	 3.812045E-10	 9.983166E-3	 1.718562E-6
1.800000E+0	 3.990555E-10	 9.983629E-3	 1.704885E-6
2.000000E+0	 4.197764E-10	 9.983396E-3	 1.693232E-6
2.200000E+0	 4.239119E-10	 9.983741E-3	 1.683998E-6
2.400000E+0	 4.296937E-10	 9.984434E-3	 1.676455E-6
2.600000E+0	 4.419321E-10	 9.984210E-3	 1.671675E-6
2.800000E+0	 4.620203E-10	 9.983978E-3	 1.668532E-6
3.000000E+0	 4.714312E-10	 9.983166E-3	 1.667782E-6
3.200000E+0	 4.772548E-10	 9.983744E-3	 1.669220E-6
3.400000E+0	 4.890293E-10	 9.983744E-3	 1.672156E-6
3.600000E+0	 4.938398E-10	 9.983743E-3	 1.678475E-6
3.800000E+0	 4.992842E-10	 9.983395E-3	 1.686033E-6
4.000000E+0	 5.246050E-10	 9.983049E-3	 1.694490E-6
4.200000E+0	 5.316530E-10	 9.983629E-3	 1.704935E-6
4.400000E+0	 5.389116E-10	 9.984090E-3	 1.717079E-6
4.600000E+0	 5.536397E-10	 9.984077E-3	 1.730520E-6
4.800000E+0	 5.543994E-10	 9.983045E-3	 1.745432E-6
5.000000E+0	 5.708155E-10	 9.983271E-3	 1.761832E-6
5.200000E+0	 5.733058E-10	 9.982931E-3	 1.779370E-6
5.400000E+0	 5.843202E-10	 9.983280E-3	 1.797832E-6
5.600000E+0	 5.991751E-10	 9.983858E-3	 1.817044E-6
5.800000E+0	 6.101053E-10	 9.983166E-3	 1.837199E-6
6.000000E+0	 6.125530E-10	 9.983399E-3	 1.857797E-6
6.200000E+0	 6.221323E-10	 9.983734E-3	 1.880173E-6
6.400000E+0	 6.306569E-10	 9.984091E-3	 1.901818E-6
6.600000E+0	 6.479602E-10	 9.983513E-3	 1.924738E-6
6.800000E+0	 6.474114E-10	 9.983384E-3	 1.947627E-6
7.000000E+0	 6.606204E-10	 9.983514E-3	 1.970884E-6
7.200000E+0	 6.732383E-10	 9.983513E-3	 1.994405E-6
7.400000E+0	 6.805399E-10	 9.983163E-3	 2.017951E-6
7.600000E+0	 6.901195E-10	 9.983283E-3	 2.042512E-6
7.800000E+0	 7.019783E-10	 9.983044E-3	 2.067965E-6
8.000000E+0	 7.065780E-10	 9.982815E-3	 2.092839E-6
8.200000E+0	 7.200825E-10	 9.982934E-3	 2.118535E-6
8.400001E+0	 7.276788E-10	 9.982921E-3	 2.144249E-6
8.600000E+0	 7.401704E-10	 9.983622E-3	 2.171081E-6
8.800000E+0	 7.450239E-10	 9.983627E-3	 2.197185E-6
9.000000E+0	 7.589080E-10	 9.984196E-3	 2.223976E-6
9.200001E+0	 7.600470E-10	 9.983625E-3	 2.250154E-6
9.400001E+0	 7.779406E-10	 9.983501E-3	 2.277637E-6
9.600000E+0	 7.833426E-10	 9.983503E-3	 2.304810E-6
9.800000E+0	 7.960028E-10	 9.984200E-3	 2.331801E-6
1.000000E+1	 8.062158E-10	 9.983849E-3	 2.358980E-6
9.800000E+0	 5.111427E-10	 9.984312E-3	 2.311785E-6
9.600000E+0	 4.320991E-10	 9.983857E-3	 2.267421E-6
9.400001E+0	 3.695565E-10	 9.983390E-3	 2.226119E-6
9.200001E+0	 3.225861E-10	 9.983161E-3	 2.186631E-6
9.000000E+0	 2.746872E-10	 9.983502E-3	 2.148260E-6
8.800000E+0	 2.410525E-10	 9.983965E-3	 2.110953E-6
8.600000E+0	 2.069960E-10	 9.983972E-3	 2.075714E-6
8.400001E+0	 1.902419E-10	 9.983856E-3	 2.040907E-6
8.200000E+0	 1.552991E-10	 9.983853E-3	 2.009252E-6
8.000000E+0	 1.211157E-10	 9.984086E-3	 1.978020E-6
7.800000E+0	 9.334711E-11	 9.983964E-3	 1.948124E-6
7.600000E+0	 6.456569E-11	 9.984545E-3	 1.920082E-6
7.400000E+0	 5.498610E-11	 9.983849E-3	 1.893664E-6
7.200000E+0	 4.468878E-11	 9.983622E-3	 1.866728E-6
7.000000E+0	 1.941008E-11	 9.983509E-3	 1.843042E-6
6.800000E+0	 -1.224101E-11	 9.983622E-3	 1.820208E-6
6.600000E+0	 -2.836212E-11	 9.983150E-3	 1.799192E-6
6.400000E+0	 -4.996926E-11	 9.983387E-3	 1.779590E-6
6.200000E+0	 -6.081503E-11	 9.982814E-3	 1.761571E-6
6.000000E+0	 -8.001681E-11	 9.983271E-3	 1.745175E-6
5.800000E+0	 -9.453408E-11	 9.983507E-3	 1.730356E-6
5.600000E+0	 -1.146220E-10	 9.983506E-3	 1.718163E-6
5.400000E+0	 -1.305742E-10	 9.984201E-3	 1.707160E-6
5.200000E+0	 -1.388457E-10	 9.984073E-3	 1.698315E-6
5.000000E+0	 -1.575832E-10	 9.984085E-3	 1.691809E-6
4.800000E+0	 -1.828619E-10	 9.984078E-3	 1.687593E-6
4.600000E+0	 -1.933280E-10	 9.983853E-3	 1.685869E-6
4.400000E+0	 -2.090702E-10	 9.984312E-3	 1.685742E-6
4.200000E+0	 -2.184816E-10	 9.983502E-3	 1.687671E-6
4.000000E+0	 -2.332109E-10	 9.984088E-3	 1.692359E-6
3.800000E+0	 -2.442684E-10	 9.984084E-3	 1.699371E-6
3.600000E+0	 -2.575626E-10	 9.983506E-3	 1.708166E-6
3.400000E+0	 -2.677760E-10	 9.983161E-3	 1.719616E-6
3.200000E+0	 -2.828006E-10	 9.983967E-3	 1.732667E-6
3.000000E+0	 -3.047468E-10	 9.983966E-3	 1.747964E-6
2.800000E+0	 -3.006529E-10	 9.983044E-3	 1.764771E-6
2.600000E+0	 -3.202778E-10	 9.983047E-3	 1.784203E-6
2.400000E+0	 -3.332767E-10	 9.983392E-3	 1.805302E-6
2.200000E+0	 -3.465709E-10	 9.983392E-3	 1.828140E-6
2.000000E+0	 -3.590212E-10	 9.983510E-3	 1.852436E-6
1.800000E+0	 -3.626085E-10	 9.983159E-3	 1.878485E-6
1.600000E+0	 -3.742990E-10	 9.983276E-3	 1.905608E-6
1.400000E+0	 -3.890705E-10	 9.983392E-3	 1.934450E-6
1.200000E+0	 -3.988618E-10	 9.983275E-3	 1.963883E-6
1.000000E+0	 -4.083577E-10	 9.983390E-3	 1.994813E-6
8.000002E-1	 -4.188666E-10	 9.983853E-3	 2.025917E-6
6.000001E-1	 -4.359592E-10	 9.983150E-3	 2.058638E-6
4.000002E-1	 -4.411502E-10	 9.983500E-3	 2.092167E-6
2.000002E-1	 -4.435137E-10	 9.983853E-3	 2.126223E-6
1.490116E-7	 -4.685828E-10	 9.983037E-3	 2.159091E-6
-1.999999E-1	 -4.714103E-10	 9.983622E-3	 2.199337E-6
-3.999999E-1	 -4.876589E-10	 9.983731E-3	 2.234466E-6
-5.999998E-1	 -5.088033E-10	 9.983384E-3	 2.271454E-6
-7.999998E-1	 -5.153447E-10	 9.983739E-3	 2.307917E-6
-9.999999E-1	 -5.342943E-10	 9.983970E-3	 2.345774E-6
-1.200000E+0	 -5.366577E-10	 9.983618E-3	 2.383608E-6
-1.400000E+0	 -5.483063E-10	 9.983158E-3	 2.421704E-6
-1.600000E+0	 -5.560293E-10	 9.983733E-3	 2.460058E-6
-1.800000E+0	 -5.623177E-10	 9.984083E-3	 2.498590E-6
-2.000000E+0	 -5.775534E-10	 9.983621E-3	 2.537398E-6
-2.200000E+0	 -5.870917E-10	 9.984077E-3	 2.576082E-6
-2.400000E+0	 -5.943504E-10	 9.984200E-3	 2.614370E-6
-2.600000E+0	 -6.016097E-10	 9.983622E-3	 2.652717E-6
-2.800000E+0	 -6.154948E-10	 9.983735E-3	 2.691211E-6
-3.000000E+0	 -6.249065E-10	 9.983495E-3	 2.730338E-6
-3.200000E+0	 -6.379051E-10	 9.983850E-3	 2.768763E-6
-3.400000E+0	 -6.454173E-10	 9.983733E-3	 2.806653E-6
-3.600000E+0	 -6.582053E-10	 9.984079E-3	 2.845225E-6
-3.800000E+0	 -6.636496E-10	 9.984079E-3	 2.882496E-6
-4.000000E+0	 -6.781677E-10	 9.984305E-3	 2.919808E-6
-4.200000E+0	 -6.793072E-10	 9.984429E-3	 2.962471E-6
-4.400000E+0	 -6.956824E-10	 9.984079E-3	 2.998105E-6
-4.600000E+0	 -7.153074E-10	 9.983731E-3	 3.035358E-6
-4.800000E+0	 -7.319357E-10	 9.983961E-3	 3.071916E-6
-5.000000E+0	 -7.205828E-10	 9.983617E-3	 3.108816E-6
-5.200000E+0	 -7.364091E-10	 9.983848E-3	 3.144989E-6
-5.400000E+0	 -7.589459E-10	 9.983730E-3	 3.180206E-6
-5.600000E+0	 -7.564137E-10	 9.983730E-3	 3.216558E-6
-5.800000E+0	 -7.646441E-10	 9.983734E-3	 3.251321E-6
-6.000000E+0	 -7.817788E-10	 9.983844E-3	 3.286434E-6
-6.200000E+0	 -7.845218E-10	 9.983379E-3	 3.321146E-6
-6.400000E+0	 -8.028805E-10	 9.984079E-3	 3.355027E-6
-6.600000E+0	 -8.041888E-10	 9.983848E-3	 3.388837E-6
-6.800000E+0	 -8.136429E-10	 9.983499E-3	 3.422398E-6
-7.000000E+0	 -8.301441E-10	 9.984074E-3	 3.455594E-6
-7.200000E+0	 -8.335209E-10	 9.983617E-3	 3.487348E-6
-7.400000E+0	 -8.368126E-10	 9.983849E-3	 3.525011E-6
-7.600000E+0	 -8.560154E-10	 9.983616E-3	 3.556632E-6
-7.800000E+0	 -8.666085E-10	 9.983500E-3	 3.586948E-6
-8.000000E+0	 -8.851359E-10	 9.983617E-3	 3.617311E-6
-8.200000E+0	 -8.828573E-10	 9.983269E-3	 3.647684E-6
-8.400000E+0	 -9.001608E-10	 9.983498E-3	 3.678370E-6
-8.600000E+0	 -9.104163E-10	 9.983613E-3	 3.709746E-6
-8.800000E+0	 -9.140457E-10	 9.983261E-3	 3.740349E-6
-9.000000E+0	 -9.275505E-10	 9.983727E-3	 3.769678E-6
-9.200000E+0	 -9.297456E-10	 9.983495E-3	 3.799129E-6
-9.400000E+0	 -9.513542E-10	 9.983847E-3	 3.827631E-6
-9.600000E+0	 -9.525776E-10	 9.983837E-3	 3.856702E-6
-9.800000E+0	 -9.636779E-10	 9.983151E-3	 3.884603E-6
-1.000000E+1	 -9.752417E-10	 9.983146E-3	 3.912457E-6
