-1.500000E+1	 -1.492711E-9	 9.984205E-3	 3.355407E-6
-1.480000E+1	 -1.299380E-9	 9.983848E-3	 3.324576E-6
-1.460000E+1	 -1.163571E-9	 9.983855E-3	 3.293825E-6
-1.440000E+1	 -1.081782E-9	 9.983851E-3	 3.265463E-6
-1.420000E+1	 -1.024935E-9	 9.984089E-3	 3.236350E-6
-1.400000E+1	 -9.559333E-10	 9.983627E-3	 3.208688E-6
-1.380000E+1	 -8.981997E-10	 9.983859E-3	 3.179314E-6
-1.360000E+1	 -8.322786E-10	 9.983859E-3	 3.150743E-6
-1.340000E+1	 -7.995714E-10	 9.984316E-3	 3.123759E-6
-1.320000E+1	 -7.547523E-10	 9.983968E-3	 3.094719E-6
-1.300000E+1	 -7.191755E-10	 9.983275E-3	 3.066078E-6
-1.280000E+1	 -6.715281E-10	 9.983280E-3	 3.038147E-6
-1.260000E+1	 -6.296209E-10	 9.983509E-3	 3.009165E-6
-1.240000E+1	 -6.104608E-10	 9.983283E-3	 2.981235E-6
-1.220000E+1	 -5.761077E-10	 9.983396E-3	 2.953795E-6
-1.200000E+1	 -5.444133E-10	 9.983627E-3	 2.923917E-6
-1.180000E+1	 -4.997205E-10	 9.983628E-3	 2.895329E-6
-1.160000E+1	 -4.833036E-10	 9.984089E-3	 2.867478E-6
-1.140000E+1	 -4.687859E-10	 9.983747E-3	 2.839063E-6
-1.120000E+1	 -4.342639E-10	 9.983849E-3	 2.810295E-6
-1.100000E+1	 -4.190288E-10	 9.983511E-3	 2.780530E-6
-1.080000E+1	 -3.386323E-10	 9.984200E-3	 2.752051E-6
-1.060000E+1	 -3.732387E-10	 9.983625E-3	 2.722800E-6
-1.040000E+1	 -3.523060E-10	 9.983503E-3	 2.693846E-6
-1.020000E+1	 -3.502381E-10	 9.984207E-3	 2.664580E-6
-1.000000E+1	 -3.246632E-10	 9.983858E-3	 2.635829E-6
-9.800000E+0	 -3.011562E-10	 9.983625E-3	 2.606688E-6
-9.600000E+0	 -2.785355E-10	 9.984783E-3	 2.577042E-6
-9.400000E+0	 -2.578561E-10	 9.984204E-3	 2.548485E-6
-9.200000E+0	 -2.476008E-10	 9.984657E-3	 2.520499E-6
-9.000000E+0	 -2.279765E-10	 9.983971E-3	 2.491279E-6
-8.800000E+0	 -2.234608E-10	 9.984198E-3	 2.461989E-6
-8.600000E+0	 -1.986877E-10	 9.983973E-3	 2.432299E-6
-8.400000E+0	 -1.734093E-10	 9.984205E-3	 2.402113E-6
-8.200000E+0	 -1.610024E-10	 9.984780E-3	 2.373296E-6
-8.000000E+0	 -1.508743E-10	 9.983621E-3	 2.344653E-6
-7.800000E+0	 -1.340364E-10	 9.984426E-3	 2.314889E-6
-7.600000E+0	 -1.386362E-10	 9.984324E-3	 2.282814E-6
-7.400000E+0	 -1.139912E-10	 9.984319E-3	 2.254211E-6
-7.200000E+0	 -9.284883E-11	 9.984540E-3	 2.225361E-6
-7.000000E+0	 -8.407121E-11	 9.984207E-3	 2.195835E-6
-6.800000E+0	 -4.132227E-11	 9.984314E-3	 2.166461E-6
-6.600000E+0	 -3.630042E-11	 9.983618E-3	 2.137328E-6
-6.400000E+0	 -2.857788E-11	 9.983973E-3	 2.109007E-6
-6.200000E+0	 -1.916711E-11	 9.983851E-3	 2.081077E-6
-6.000000E+0	 -3.299902E-12	 9.984323E-3	 2.051891E-6
-5.800000E+0	 -8.490417E-12	 9.983975E-3	 2.023698E-6
-5.600000E+0	 2.075433E-11	 9.983972E-3	 1.995703E-6
-5.400000E+0	 2.126080E-11	 9.983742E-3	 1.968076E-6
-5.200000E+0	 6.687928E-11	 9.984204E-3	 1.940342E-6
-5.000000E+0	 4.459766E-11	 9.984554E-3	 1.914003E-6
-4.800000E+0	 5.831277E-11	 9.984324E-3	 1.888093E-6
-4.600000E+0	 6.789211E-11	 9.983627E-3	 1.864053E-6
-4.400000E+0	 8.831713E-11	 9.983860E-3	 1.836655E-6
-4.200000E+0	 9.329670E-11	 9.984092E-3	 1.813423E-6
-4.000000E+0	 1.995148E-10	 9.983858E-3	 1.791245E-6
-3.800000E+0	 1.296734E-10	 9.983970E-3	 1.769364E-6
-3.600000E+0	 1.372693E-10	 9.983857E-3	 1.749238E-6
-3.400000E+0	 1.483257E-10	 9.984088E-3	 1.729551E-6
-3.200000E+0	 1.483260E-10	 9.984092E-3	 1.711092E-6
-3.000000E+0	 1.759250E-10	 9.984089E-3	 1.694329E-6
-2.800000E+0	 1.952525E-10	 9.984551E-3	 1.678896E-6
-2.600000E+0	 2.090942E-10	 9.984321E-3	 1.665955E-6
-2.400000E+0	 1.961388E-10	 9.983972E-3	 1.653747E-6
-2.200000E+0	 2.243288E-10	 9.984089E-3	 1.643989E-6
-2.000000E+0	 2.286752E-10	 9.984783E-3	 1.635446E-6
-1.800000E+0	 2.419261E-10	 9.985355E-3	 1.629806E-6
-1.600000E+0	 2.792312E-10	 9.986515E-3	 1.625571E-6
-1.400000E+0	 2.856881E-10	 9.983975E-3	 1.623701E-6
-1.200000E+0	 2.802442E-10	 9.984888E-3	 1.624085E-6
-9.999998E-1	 2.880934E-10	 9.984670E-3	 1.626335E-6
-7.999998E-1	 3.084337E-10	 9.984550E-3	 1.630547E-6
-5.999998E-1	 3.198279E-10	 9.984320E-3	 1.637159E-6
-3.999998E-1	 3.258624E-10	 9.985358E-3	 1.646497E-6
-1.999998E-1	 3.514357E-10	 9.984656E-3	 1.656844E-6
2.235174E-7	 3.264537E-10	 9.984665E-3	 1.669752E-6
2.000002E-1	 3.470899E-10	 9.984549E-3	 1.684428E-6
4.000002E-1	 3.520692E-10	 9.983858E-3	 1.701059E-6
6.000003E-1	 3.818625E-10	 9.984433E-3	 1.720209E-6
8.000003E-1	 3.756593E-10	 9.983162E-3	 1.739815E-6
1.000000E+0	 4.041445E-10	 9.984088E-3	 1.762370E-6
1.200000E+0	 3.902607E-10	 9.984319E-3	 1.786267E-6
1.400000E+0	 4.035537E-10	 9.983169E-3	 1.810801E-6
1.600000E+0	 4.089974E-10	 9.984898E-3	 1.836056E-6
1.800000E+0	 4.166779E-10	 9.984090E-3	 1.868917E-6
2.000000E+0	 4.310682E-10	 9.984200E-3	 1.896189E-6
2.200000E+0	 4.814132E-10	 9.983972E-3	 1.926328E-6
2.400000E+0	 4.692595E-10	 9.983512E-3	 1.956799E-6
2.600000E+0	 4.643647E-10	 9.983853E-3	 1.987626E-6
2.800000E+0	 4.822150E-10	 9.983975E-3	 2.019109E-6
3.000000E+0	 4.791768E-10	 9.984200E-3	 2.051817E-6
3.200000E+0	 5.264408E-10	 9.983967E-3	 2.085097E-6
3.400000E+0	 5.040327E-10	 9.983513E-3	 2.116611E-6
3.600000E+0	 5.191402E-10	 9.984432E-3	 2.150022E-6
3.800000E+0	 5.280865E-10	 9.984663E-3	 2.183079E-6
4.000000E+0	 5.473300E-10	 9.984316E-3	 2.216823E-6
4.200000E+0	 5.574159E-10	 9.984088E-3	 2.250178E-6
4.400000E+0	 5.588925E-10	 9.983853E-3	 2.282930E-6
4.600000E+0	 5.734100E-10	 9.984204E-3	 2.314164E-6
4.800000E+0	 5.955229E-10	 9.984320E-3	 2.354245E-6
5.000000E+0	 6.021064E-10	 9.984436E-3	 2.384390E-6
5.200000E+0	 6.205482E-10	 9.984318E-3	 2.416637E-6
5.400000E+0	 6.285237E-10	 9.984320E-3	 2.447854E-6
5.600000E+0	 6.255272E-10	 9.984205E-3	 2.479067E-6
5.800000E+0	 6.749017E-10	 9.984315E-3	 2.510183E-6
6.000000E+0	 6.436737E-10	 9.984085E-3	 2.539073E-6
6.200000E+0	 6.634232E-10	 9.984552E-3	 2.568958E-6
6.400000E+0	 6.868023E-10	 9.984549E-3	 2.597586E-6
6.600000E+0	 7.353329E-10	 9.984086E-3	 2.626890E-6
6.800000E+0	 6.939339E-10	 9.984320E-3	 2.655205E-6
7.000000E+0	 7.015299E-10	 9.984320E-3	 2.682696E-6
7.200000E+0	 7.068053E-10	 9.984436E-3	 2.710472E-6
7.400001E+0	 7.028810E-10	 9.984551E-3	 2.737469E-6
7.600000E+0	 7.319146E-10	 9.984195E-3	 2.764722E-6
7.800000E+0	 7.272308E-10	 9.984320E-3	 2.791882E-6
8.000000E+0	 7.557153E-10	 9.983507E-3	 2.818068E-6
8.200001E+0	 7.470226E-10	 9.984433E-3	 2.845154E-6
8.400001E+0	 7.644934E-10	 9.984086E-3	 2.870504E-6
8.600000E+0	 7.743259E-10	 9.983853E-3	 2.898068E-6
8.800000E+0	 8.085079E-10	 9.984426E-3	 2.924275E-6
9.000000E+0	 8.074531E-10	 9.983627E-3	 2.951156E-6
9.200001E+0	 7.947091E-10	 9.983742E-3	 2.976202E-6
9.400001E+0	 8.236162E-10	 9.983389E-3	 3.003426E-6
9.600000E+0	 8.193118E-10	 9.983624E-3	 3.028907E-6
9.800000E+0	 8.387234E-10	 9.983972E-3	 3.054676E-6
1.000000E+1	 8.493164E-10	 9.983973E-3	 3.079360E-6
1.020000E+1	 8.488521E-10	 9.984315E-3	 3.105834E-6
1.040000E+1	 8.761555E-10	 9.983614E-3	 3.130605E-6
1.060000E+1	 8.834560E-10	 9.984437E-3	 3.154058E-6
1.080000E+1	 8.742562E-10	 9.984320E-3	 3.185951E-6
1.100000E+1	 8.822320E-10	 9.984436E-3	 3.207739E-6
1.120000E+1	 9.189463E-10	 9.984091E-3	 3.232253E-6
1.140000E+1	 9.308049E-10	 9.983853E-3	 3.255615E-6
1.160000E+1	 9.249815E-10	 9.983971E-3	 3.278872E-6
1.180000E+1	 9.377258E-10	 9.983741E-3	 3.301598E-6
1.200000E+1	 9.446461E-10	 9.984205E-3	 3.324692E-6
1.220000E+1	 9.609777E-10	 9.984090E-3	 3.347034E-6
1.240000E+1	 9.754534E-10	 9.984082E-3	 3.368786E-6
1.260000E+1	 9.804322E-10	 9.983394E-3	 3.391000E-6
1.280000E+1	 9.952866E-10	 9.983624E-3	 3.412614E-6
1.300000E+1	 9.920375E-10	 9.983858E-3	 3.433461E-6
1.320000E+1	 1.006807E-9	 9.983858E-3	 3.454827E-6
1.340000E+1	 1.012716E-9	 9.983859E-3	 3.473790E-6
1.360000E+1	 1.010690E-9	 9.983742E-3	 3.501327E-6
1.380000E+1	 1.017653E-9	 9.983511E-3	 3.519130E-6
1.400000E+1	 1.066900E-9	 9.984436E-3	 3.538375E-6
1.420000E+1	 1.058165E-9	 9.983855E-3	 3.558598E-6
1.440000E+1	 1.075847E-9	 9.983500E-3	 3.577391E-6
1.460000E+1	 1.081291E-9	 9.983848E-3	 3.595266E-6
1.480000E+1	 1.091631E-9	 9.983159E-3	 3.613877E-6
1.500000E+1	 1.092052E-9	 9.983735E-3	 3.632648E-6
1.520000E+1	 1.097665E-9	 9.983622E-3	 3.651172E-6
1.540000E+1	 1.116697E-9	 9.984082E-3	 3.668508E-6
1.560000E+1	 1.125348E-9	 9.983506E-3	 3.684721E-6
1.580000E+1	 1.138726E-9	 9.983744E-3	 3.702426E-6
1.600000E+1	 1.140624E-9	 9.983855E-3	 3.719931E-6
1.620000E+1	 1.163202E-9	 9.983975E-3	 3.737953E-6
1.640000E+1	 1.181306E-9	 9.984319E-3	 3.756019E-6
1.660000E+1	 1.179744E-9	 9.984203E-3	 3.771879E-6
1.680000E+1	 1.172106E-9	 9.983731E-3	 3.788552E-6
1.700000E+1	 1.188944E-9	 9.984088E-3	 3.803720E-6
1.720000E+1	 1.203757E-9	 9.983969E-3	 3.820396E-6
1.740000E+1	 1.203841E-9	 9.984316E-3	 3.836876E-6
1.760000E+1	 1.222789E-9	 9.984538E-3	 3.852232E-6
1.780000E+1	 1.218104E-9	 9.984434E-3	 3.868301E-6
1.800000E+1	 1.241230E-9	 9.984550E-3	 3.883243E-6
1.820000E+1	 1.241357E-9	 9.984195E-3	 3.897923E-6
1.840000E+1	 1.259799E-9	 9.984088E-3	 3.913038E-6
1.860000E+1	 1.254102E-9	 9.984205E-3	 3.926417E-6
1.880000E+1	 1.281404E-9	 9.984205E-3	 3.942074E-6
1.900000E+1	 1.307148E-9	 9.983855E-3	 3.956987E-6
1.920000E+1	 1.305037E-9	 9.984088E-3	 3.969646E-6
1.940000E+1	 1.318878E-9	 9.983846E-3	 3.983198E-6
1.960000E+1	 1.328331E-9	 9.983392E-3	 3.997109E-6
1.980000E+1	 1.330062E-9	 9.984088E-3	 4.011239E-6
2.000000E+1	 1.328585E-9	 9.983742E-3	 4.024486E-6
2.020000E+1	 1.355932E-9	 9.983160E-3	 4.037695E-6
2.040000E+1	 1.398806E-9	 9.983270E-3	 4.049728E-6
2.060000E+1	 1.376904E-9	 9.984082E-3	 4.062159E-6
2.080000E+1	 1.371588E-9	 9.983391E-3	 4.074936E-6
2.100000E+1	 1.376862E-9	 9.983396E-3	 4.087691E-6
2.120000E+1	 1.375217E-9	 9.983733E-3	 4.099250E-6
2.140000E+1	 1.410369E-9	 9.983389E-3	 4.111420E-6
2.160000E+1	 1.417628E-9	 9.983741E-3	 4.122918E-6
2.180000E+1	 1.428684E-9	 9.984312E-3	 4.135211E-6
2.200000E+1	 1.439150E-9	 9.983502E-3	 4.146718E-6
2.220000E+1	 1.440543E-9	 9.983853E-3	 4.158052E-6
2.240000E+1	 1.450671E-9	 9.983043E-3	 4.168973E-6
2.260000E+1	 1.456915E-9	 9.983378E-3	 4.181217E-6
2.280000E+1	 1.480169E-9	 9.983508E-3	 4.192157E-6
2.300000E+1	 1.484135E-9	 9.983274E-3	 4.204071E-6
2.320000E+1	 1.476708E-9	 9.983150E-3	 4.214017E-6
2.340000E+1	 1.525534E-9	 9.983733E-3	 4.224516E-6
2.360000E+1	 1.517938E-9	 9.983851E-3	 4.235518E-6
2.380000E+1	 1.516630E-9	 9.983622E-3	 4.245947E-6
2.400000E+1	 1.526801E-9	 9.983971E-3	 4.255939E-6
2.420000E+1	 1.531359E-9	 9.983510E-3	 4.264266E-6
2.440000E+1	 1.530978E-9	 9.983734E-3	 4.279968E-6
2.460000E+1	 1.541739E-9	 9.983269E-3	 4.289454E-6
2.480000E+1	 1.569421E-9	 9.982928E-3	 4.298646E-6
2.500000E+1	 1.601916E-9	 9.984082E-3	 4.308155E-6
2.480000E+1	 1.274568E-9	 9.982584E-3	 4.277839E-6
2.460000E+1	 1.213590E-9	 9.982691E-3	 4.249784E-6
2.440000E+1	 1.127542E-9	 9.983273E-3	 4.223463E-6
2.420000E+1	 1.105303E-9	 9.982694E-3	 4.197951E-6
2.400000E+1	 1.071078E-9	 9.982929E-3	 4.172678E-6
2.380000E+1	 1.017357E-9	 9.983045E-3	 4.148304E-6
2.360000E+1	 9.974389E-10	 9.983390E-3	 4.124881E-6
2.340000E+1	 9.429162E-10	 9.983280E-3	 4.101116E-6
2.320000E+1	 9.032064E-10	 9.983507E-3	 4.076921E-6
2.300000E+1	 8.812621E-10	 9.983506E-3	 4.053337E-6
2.280000E+1	 8.615546E-10	 9.983848E-3	 4.029836E-6
2.260000E+1	 8.284690E-10	 9.983627E-3	 4.005986E-6
2.240000E+1	 7.859309E-10	 9.983278E-3	 3.982154E-6
2.220000E+1	 7.909108E-10	 9.983275E-3	 3.957507E-6
2.200000E+1	 7.320411E-10	 9.983972E-3	 3.934127E-6
2.180000E+1	 7.964390E-10	 9.983390E-3	 3.909565E-6
2.160000E+1	 7.212380E-10	 9.983742E-3	 3.884975E-6
2.140000E+1	 7.142325E-10	 9.983504E-3	 3.861484E-6
2.120000E+1	 6.973948E-10	 9.983973E-3	 3.837087E-6
2.100000E+1	 6.768853E-10	 9.984202E-3	 3.812986E-6
2.080000E+1	 6.682340E-10	 9.983500E-3	 3.787914E-6
2.060000E+1	 6.397069E-10	 9.983389E-3	 3.762604E-6
2.040000E+1	 6.273839E-10	 9.983277E-3	 3.737947E-6
2.020000E+1	 6.105040E-10	 9.983504E-3	 3.713641E-6
2.000000E+1	 5.895308E-10	 9.984079E-3	 3.687173E-6
1.980000E+1	 5.952273E-10	 9.983508E-3	 3.661672E-6
1.960000E+1	 5.639149E-10	 9.983853E-3	 3.635779E-6
1.940000E+1	 5.594838E-10	 9.983970E-3	 3.609930E-6
1.920000E+1	 5.354721E-10	 9.983740E-3	 3.583962E-6
1.900000E+1	 5.382149E-10	 9.984081E-3	 3.557466E-6
1.880000E+1	 5.235294E-10	 9.983970E-3	 3.531292E-6
1.860000E+1	 4.936095E-10	 9.984433E-3	 3.504727E-6
1.840000E+1	 4.741969E-10	 9.983625E-3	 3.477706E-6
1.820000E+1	 4.630564E-10	 9.984203E-3	 3.450629E-6
1.800000E+1	 4.558396E-10	 9.983854E-3	 3.423290E-6
1.780000E+1	 4.434751E-10	 9.984088E-3	 3.396162E-6
1.760000E+1	 4.267217E-10	 9.983624E-3	 3.367936E-6
1.740000E+1	 4.091243E-10	 9.984082E-3	 3.339748E-6
1.720000E+1	 3.971812E-10	 9.983735E-3	 3.312215E-6
1.700000E+1	 3.929613E-10	 9.984202E-3	 3.280327E-6
1.680000E+1	 3.834664E-10	 9.984663E-3	 3.252447E-6
1.660000E+1	 3.499170E-10	 9.984198E-3	 3.223908E-6
1.640000E+1	 3.483558E-10	 9.984204E-3	 3.195998E-6
1.620000E+1	 3.311375E-10	 9.983735E-3	 3.166279E-6
1.600000E+1	 3.358643E-10	 9.984316E-3	 3.136001E-6
1.580000E+1	 2.921871E-10	 9.983852E-3	 3.107162E-6
1.560000E+1	 2.906256E-10	 9.984661E-3	 3.076903E-6
1.540000E+1	 2.961117E-10	 9.984549E-3	 3.045959E-6
1.520000E+1	 2.804973E-10	 9.984196E-3	 3.015963E-6
1.500000E+1	 2.744627E-10	 9.983738E-3	 2.984538E-6
1.480000E+1	 2.506619E-10	 9.983742E-3	 2.954712E-6
1.460000E+1	 2.508306E-10	 9.984202E-3	 2.924386E-6
1.440000E+1	 2.341615E-10	 9.983506E-3	 2.892832E-6
1.420000E+1	 2.147915E-10	 9.983854E-3	 2.860831E-6
1.400000E+1	 2.083772E-10	 9.984204E-3	 2.829217E-6
1.380000E+1	 2.013717E-10	 9.984083E-3	 2.798327E-6
1.360000E+1	 1.870661E-10	 9.983506E-3	 2.766744E-6
1.340000E+1	 1.818332E-10	 9.984084E-3	 2.734284E-6
1.320000E+1	 1.673584E-10	 9.983855E-3	 2.702518E-6
1.300000E+1	 1.492542E-10	 9.983849E-3	 2.669326E-6
1.280000E+1	 1.410675E-10	 9.983730E-3	 2.637570E-6
1.260000E+1	 1.371428E-10	 9.983624E-3	 2.605353E-6
1.240000E+1	 1.225415E-10	 9.983624E-3	 2.572850E-6
1.220000E+1	 1.036781E-10	 9.983852E-3	 2.539562E-6
1.200000E+1	 9.612419E-11	 9.984079E-3	 2.505813E-6
1.180000E+1	 7.848439E-11	 9.983730E-3	 2.474723E-6
1.160000E+1	 7.616346E-11	 9.984203E-3	 2.441844E-6
1.140000E+1	 6.772349E-11	 9.983278E-3	 2.410415E-6
1.120000E+1	 5.654022E-11	 9.984200E-3	 2.377668E-6
1.100000E+1	 4.358494E-11	 9.984203E-3	 2.345140E-6
1.080000E+1	 2.413041E-11	 9.983968E-3	 2.313999E-6
1.060000E+1	 2.252684E-11	 9.984085E-3	 2.282522E-6
1.040000E+1	 1.391796E-11	 9.984187E-3	 2.250762E-6
1.020000E+1	 1.933120E-12	 9.984195E-3	 2.221086E-6
1.000000E+1	 -3.932743E-12	 9.983969E-3	 2.189912E-6
9.800000E+0	 -1.950470E-11	 9.983741E-3	 2.161227E-6
9.600000E+0	 -2.591899E-11	 9.983725E-3	 2.131640E-6
9.400001E+0	 -4.693486E-11	 9.983968E-3	 2.102625E-6
9.200001E+0	 -4.625962E-11	 9.983853E-3	 2.075642E-6
9.000000E+0	 -6.968079E-11	 9.983390E-3	 2.047870E-6
8.800000E+0	 -6.689564E-11	 9.983971E-3	 2.021499E-6
8.600000E+0	 -8.238316E-11	 9.983970E-3	 1.996010E-6
8.400001E+0	 -1.023439E-10	 9.983506E-3	 1.971260E-6
8.200001E+0	 -8.094831E-11	 9.983740E-3	 1.947325E-6
8.000000E+0	 -1.069437E-10	 9.983969E-3	 1.924097E-6
7.800000E+0	 -1.108262E-10	 9.984314E-3	 1.902056E-6
7.600000E+0	 -1.210387E-10	 9.984084E-3	 1.882801E-6
7.400001E+0	 -1.278752E-10	 9.984314E-3	 1.858386E-6
7.200000E+0	 -1.334033E-10	 9.984551E-3	 1.840521E-6
7.000000E+0	 -1.729873E-10	 9.984313E-3	 1.822049E-6
6.800000E+0	 -1.626482E-10	 9.984199E-3	 1.804573E-6
6.600000E+0	 -1.893610E-10	 9.984769E-3	 1.788147E-6
6.400000E+0	 -2.063264E-10	 9.984773E-3	 1.772019E-6
6.200000E+0	 -2.094495E-10	 9.984424E-3	 1.757281E-6
6.000000E+0	 -2.235030E-10	 9.984085E-3	 1.742514E-6
5.800000E+0	 -2.189873E-10	 9.984666E-3	 1.729542E-6
5.600000E+0	 -2.310573E-10	 9.983970E-3	 1.717037E-6
5.400000E+0	 -2.485293E-10	 9.984199E-3	 1.706423E-6
5.200000E+0	 -2.482339E-10	 9.984316E-3	 1.696834E-6
5.000000E+0	 -2.669298E-10	 9.984315E-3	 1.688305E-6
4.800000E+0	 -2.670563E-10	 9.984897E-3	 1.680913E-6
4.600000E+0	 -2.874825E-10	 9.984895E-3	 1.674757E-6
4.400000E+0	 -2.961763E-10	 9.983967E-3	 1.669879E-6
4.200000E+0	 -2.964295E-10	 9.984084E-3	 1.666285E-6
4.000000E+0	 -3.123400E-10	 9.983969E-3	 1.664042E-6
3.800000E+0	 -3.185438E-10	 9.984082E-3	 1.663867E-6
3.600000E+0	 -3.278285E-10	 9.983733E-3	 1.664185E-6
3.400000E+0	 -3.531501E-10	 9.984434E-3	 1.665967E-6
3.200000E+0	 -3.457224E-10	 9.984661E-3	 1.668760E-6
3.000000E+0	 -3.724790E-10	 9.984430E-3	 1.673738E-6
2.800000E+0	 -3.731543E-10	 9.984312E-3	 1.679263E-6
2.600000E+0	 -3.780500E-10	 9.984318E-3	 1.686504E-6
2.400000E+0	 -3.851821E-10	 9.984543E-3	 1.694465E-6
2.200000E+0	 -4.082249E-10	 9.983964E-3	 1.703423E-6
2.000000E+0	 -4.045110E-10	 9.984083E-3	 1.713800E-6
1.800000E+0	 -4.355301E-10	 9.984318E-3	 1.725559E-6
1.600000E+0	 -4.349815E-10	 9.984191E-3	 1.737315E-6
1.400000E+0	 -4.326605E-10	 9.984892E-3	 1.750779E-6
1.200000E+0	 -4.465450E-10	 9.984321E-3	 1.765202E-6
1.000000E+0	 -4.477688E-10	 9.984086E-3	 1.780724E-6
8.000003E-1	 -4.665492E-10	 9.984430E-3	 1.795792E-6
6.000003E-1	 -4.716557E-10	 9.984312E-3	 1.812996E-6
4.000002E-1	 -4.891699E-10	 9.984314E-3	 1.830710E-6
2.000002E-1	 -4.888323E-10	 9.983621E-3	 1.848027E-6
2.235174E-7	 -5.091318E-10	 9.983852E-3	 1.866747E-6
-1.999998E-1	 -5.200621E-10	 9.984316E-3	 1.885554E-6
-3.999998E-1	 -5.304017E-10	 9.984430E-3	 1.905614E-6
-5.999998E-1	 -5.316679E-10	 9.983734E-3	 1.925718E-6
-7.999998E-1	 -5.507437E-10	 9.984314E-3	 1.945857E-6
-9.999998E-1	 -5.582135E-10	 9.984426E-3	 1.966909E-6
-1.200000E+0	 -5.551328E-10	 9.984316E-3	 1.988633E-6
-1.400000E+0	 -5.788086E-10	 9.984544E-3	 2.009724E-6
-1.600000E+0	 -5.758964E-10	 9.984424E-3	 2.031340E-6
-1.800000E+0	 -6.017670E-10	 9.984547E-3	 2.053737E-6
-2.000000E+0	 -6.018512E-10	 9.984433E-3	 2.076097E-6
-2.200000E+0	 -6.166643E-10	 9.984079E-3	 2.098446E-6
-2.400000E+0	 -6.295363E-10	 9.984424E-3	 2.121684E-6
-2.600000E+0	 -6.333345E-10	 9.984192E-3	 2.143803E-6
-2.800000E+0	 -6.461646E-10	 9.984085E-3	 2.165468E-6
-3.000000E+0	 -6.592890E-10	 9.984203E-3	 2.189146E-6
-3.200000E+0	 -6.806016E-10	 9.984661E-3	 2.212459E-6
-3.400000E+0	 -6.784916E-10	 9.984648E-3	 2.236280E-6
-3.600000E+0	 -6.944019E-10	 9.984537E-3	 2.259621E-6
-3.800000E+0	 -6.948662E-10	 9.983855E-3	 2.280925E-6
-4.000000E+0	 -7.043621E-10	 9.983614E-3	 2.305108E-6
-4.200000E+0	 -7.051637E-10	 9.984079E-3	 2.327026E-6
-4.400000E+0	 -7.111143E-10	 9.984543E-3	 2.350095E-6
-4.600000E+0	 -7.329330E-10	 9.984194E-3	 2.372619E-6
-4.800000E+0	 -7.377866E-10	 9.984316E-3	 2.394937E-6
-5.000000E+0	 -7.513339E-10	 9.983968E-3	 2.418778E-6
-5.200000E+0	 -7.454672E-10	 9.984544E-3	 2.441534E-6
-5.400000E+0	 -7.872480E-10	 9.984664E-3	 2.464035E-6
-5.600000E+0	 -7.801580E-10	 9.983735E-3	 2.486398E-6
-5.800000E+0	 -7.945916E-10	 9.984195E-3	 2.508042E-6
-6.000000E+0	 -8.059441E-10	 9.983851E-3	 2.531230E-6
-6.200000E+0	 -8.091516E-10	 9.983854E-3	 2.552794E-6
-6.400000E+0	 -8.205041E-10	 9.984194E-3	 2.572916E-6
-6.600000E+0	 -8.253998E-10	 9.984085E-3	 2.600799E-6
-6.800000E+0	 -8.474293E-10	 9.983963E-3	 2.621374E-6
-7.000000E+0	 -8.639727E-10	 9.984425E-3	 2.643185E-6
-7.200000E+0	 -8.699234E-10	 9.983621E-3	 2.664037E-6
-7.400000E+0	 -8.754942E-10	 9.983623E-3	 2.685448E-6
-7.600000E+0	 -7.599006E-10	 9.983853E-3	 2.710315E-6
-7.800000E+0	 -9.039393E-10	 9.984536E-3	 2.728814E-6
-8.000000E+0	 -8.795882E-10	 9.984084E-3	 2.748692E-6
-8.200000E+0	 -9.054160E-10	 9.983854E-3	 2.775199E-6
-8.400000E+0	 -9.178657E-10	 9.983387E-3	 2.794043E-6
-8.600000E+0	 -9.478300E-10	 9.984193E-3	 2.814843E-6
-8.800000E+0	 -9.549621E-10	 9.983849E-3	 2.835714E-6
-9.000000E+0	 -9.682561E-10	 9.984081E-3	 2.853952E-6
-9.200000E+0	 -1.004382E-9	 9.984764E-3	 2.875242E-6
-9.400000E+0	 -9.744597E-10	 9.983853E-3	 2.895255E-6
-9.600000E+0	 -9.944643E-10	 9.984890E-3	 2.914830E-6
-9.800000E+0	 -9.967851E-10	 9.983267E-3	 2.934192E-6
-1.000000E+1	 -9.964473E-10	 9.982581E-3	 2.953546E-6
-1.020000E+1	 -1.015271E-9	 9.983737E-3	 2.971711E-6
-1.040000E+1	 -1.012189E-9	 9.983621E-3	 2.996302E-6
-1.060000E+1	 -1.025525E-9	 9.982700E-3	 3.012928E-6
-1.080000E+1	 -1.054645E-9	 9.983613E-3	 3.039592E-6
-1.100000E+1	 -1.054181E-9	 9.983507E-3	 3.055144E-6
-1.120000E+1	 -1.079671E-9	 9.984085E-3	 3.074892E-6
-1.140000E+1	 -1.086762E-9	 9.983968E-3	 3.092694E-6
-1.160000E+1	 -1.095202E-9	 9.983972E-3	 3.110799E-6
-1.180000E+1	 -1.102841E-9	 9.983507E-3	 3.130370E-6
-1.200000E+1	 -1.118498E-9	 9.984203E-3	 3.146304E-6
-1.220000E+1	 -1.120059E-9	 9.983622E-3	 3.170005E-6
-1.240000E+1	 -1.132636E-9	 9.983510E-3	 3.187038E-6
-1.260000E+1	 -1.144875E-9	 9.983622E-3	 3.204251E-6
-1.280000E+1	 -1.156312E-9	 9.983271E-3	 3.221017E-6
-1.300000E+1	 -1.170197E-9	 9.983738E-3	 3.238091E-6
-1.320000E+1	 -1.166103E-9	 9.983273E-3	 3.255084E-6
-1.340000E+1	 -1.180916E-9	 9.983744E-3	 3.272115E-6
-1.360000E+1	 -1.167285E-9	 9.983621E-3	 3.289236E-6
-1.380000E+1	 -1.191003E-9	 9.983968E-3	 3.307026E-6
-1.400000E+1	 -1.201385E-9	 9.983622E-3	 3.323486E-6
-1.420000E+1	 -1.208981E-9	 9.983735E-3	 3.340170E-6
-1.440000E+1	 -1.223161E-9	 9.983852E-3	 3.358031E-6
-1.460000E+1	 -1.227930E-9	 9.983502E-3	 3.374013E-6
-1.480000E+1	 -1.245571E-9	 9.983971E-3	 3.389101E-6
-1.500000E+1	 -1.251691E-9	 9.983738E-3	 3.406021E-6
-1.480000E+1	 -9.566078E-10	 9.984433E-3	 3.373426E-6
-1.460000E+1	 -8.642262E-10	 9.983621E-3	 3.343692E-6
-1.440000E+1	 -8.041716E-10	 9.984198E-3	 3.315396E-6
-1.420000E+1	 -7.660199E-10	 9.983613E-3	 3.284294E-6
-1.400000E+1	 -7.133512E-10	 9.983969E-3	 3.254985E-6
-1.380000E+1	 -6.905193E-10	 9.984076E-3	 3.227552E-6
-1.360000E+1	 -6.400028E-10	 9.983731E-3	 3.199926E-6
-1.340000E+1	 -6.117687E-10	 9.983620E-3	 3.172058E-6
-1.320000E+1	 -5.797792E-10	 9.983849E-3	 3.143553E-6
-1.300000E+1	 -5.501950E-10	 9.983739E-3	 3.115317E-6
-1.280000E+1	 -5.413744E-10	 9.983844E-3	 3.087790E-6
-1.260000E+1	 -4.963442E-10	 9.984082E-3	 3.060978E-6
-1.240000E+1	 -4.804337E-10	 9.983510E-3	 3.031118E-6
-1.220000E+1	 -4.586571E-10	 9.984086E-3	 3.002797E-6
-1.200000E+1	 -4.351501E-10	 9.984196E-3	 2.975328E-6
-1.180000E+1	 -4.119806E-10	 9.984312E-3	 2.948206E-6
-1.160000E+1	 -3.930739E-10	 9.984200E-3	 2.921474E-6
-1.140000E+1	 -3.821856E-10	 9.984086E-3	 2.892778E-6
-1.120000E+1	 -3.561887E-10	 9.983737E-3	 2.865230E-6
-1.100000E+1	 -3.295165E-10	 9.983502E-3	 2.837663E-6
-1.080000E+1	 -3.217511E-10	 9.983846E-3	 2.809474E-6
-1.060000E+1	 -3.214557E-10	 9.983857E-3	 2.779911E-6
-1.040000E+1	 -3.046169E-10	 9.983622E-3	 2.752448E-6
-1.020000E+1	 -2.691241E-10	 9.983967E-3	 2.724305E-6
-1.000000E+1	 -2.687444E-10	 9.983500E-3	 2.695689E-6
-9.800000E+0	 -2.455751E-10	 9.983851E-3	 2.669733E-6
-9.600000E+0	 -2.297490E-10	 9.983507E-3	 2.640823E-6
-9.400000E+0	 -2.085210E-10	 9.983613E-3	 2.612348E-6
-9.200000E+0	 -2.025704E-10	 9.983509E-3	 2.585051E-6
-9.000000E+0	 -1.772917E-10	 9.984083E-3	 2.556869E-6
-8.800000E+0	 -1.748019E-10	 9.983275E-3	 2.528902E-6
-8.600000E+0	 -1.548411E-10	 9.983625E-3	 2.501148E-6
-8.400000E+0	 -1.394380E-10	 9.984084E-3	 2.472877E-6
-8.200000E+0	 -1.330658E-10	 9.983394E-3	 2.446230E-6
-8.000000E+0	 -1.115436E-10	 9.983741E-3	 2.417913E-6
-7.800000E+0	 -1.018375E-10	 9.983507E-3	 2.389012E-6
-7.600000E+0	 -9.500113E-11	 9.983392E-3	 2.361810E-6
-7.400000E+0	 -7.790994E-11	 9.983392E-3	 2.334355E-6
-7.200000E+0	 -7.373217E-11	 9.984202E-3	 2.306745E-6
-7.000000E+0	 -5.288529E-11	 9.983157E-3	 2.278946E-6
-6.800000E+0	 -4.094251E-11	 9.983386E-3	 2.250820E-6
-6.600000E+0	 -2.199452E-11	 9.984202E-3	 2.223450E-6
-6.400000E+0	 -1.714158E-11	 9.984194E-3	 2.196266E-6
-6.200000E+0	 2.397235E-12	 9.983971E-3	 2.168844E-6
-6.000000E+0	 1.071067E-11	 9.984077E-3	 2.141358E-6
-5.800000E+0	 6.786058E-12	 9.983507E-3	 2.115001E-6
-5.600000E+0	 3.248589E-11	 9.984203E-3	 2.088183E-6
-5.400000E+0	 4.054623E-11	 9.983954E-3	 2.061973E-6
-5.200000E+0	 6.337653E-11	 9.984314E-3	 2.035280E-6
-5.000000E+0	 6.531783E-11	 9.983733E-3	 2.010105E-6
-4.800000E+0	 8.578491E-11	 9.983965E-3	 1.984928E-6
-4.600000E+0	 9.464682E-11	 9.984200E-3	 1.960100E-6
-4.400000E+0	 1.097970E-10	 9.983738E-3	 1.935524E-6
-4.200000E+0	 1.209799E-10	 9.983969E-3	 1.911152E-6
-4.000000E+0	 1.258331E-10	 9.983849E-3	 1.888282E-6
-3.800000E+0	 1.477772E-10	 9.983965E-3	 1.865535E-6
-3.600000E+0	 1.573565E-10	 9.984202E-3	 1.843675E-6
-3.400000E+0	 1.545291E-10	 9.984203E-3	 1.822392E-6
-3.200000E+0	 1.891334E-10	 9.984780E-3	 1.802095E-6
-3.000000E+0	 1.707763E-10	 9.984195E-3	 1.783378E-6
-2.800000E+0	 2.093473E-10	 9.984539E-3	 1.764759E-6
-2.600000E+0	 1.874032E-10	 9.984202E-3	 1.745997E-6
-2.400000E+0	 2.117950E-10	 9.984429E-3	 1.729731E-6
-2.200000E+0	 2.185892E-10	 9.984204E-3	 1.714065E-6
-2.000000E+0	 2.309113E-10	 9.984200E-3	 1.700001E-6
-1.800000E+0	 2.415459E-10	 9.984316E-3	 1.687159E-6
-1.600000E+0	 2.555566E-10	 9.984657E-3	 1.676105E-6
-1.400000E+0	 2.659380E-10	 9.984660E-3	 1.666453E-6
-1.200000E+0	 2.831558E-10	 9.984541E-3	 1.658561E-6
-9.999998E-1	 2.927353E-10	 9.984663E-3	 1.651273E-6
-7.999998E-1	 3.006269E-10	 9.984549E-3	 1.646035E-6
-5.999998E-1	 3.239636E-10	 9.983971E-3	 1.642163E-6
-3.999998E-1	 3.221066E-10	 9.983840E-3	 1.640448E-6
-1.999998E-1	 3.470891E-10	 9.984198E-3	 1.640417E-6
2.235174E-7	 3.272548E-10	 9.984776E-3	 1.642010E-6
2.000002E-1	 3.405060E-10	 9.984075E-3	 1.645416E-6
4.000002E-1	 3.617330E-10	 9.984309E-3	 1.650590E-6
6.000003E-1	 4.327140E-10	 9.984200E-3	 1.656650E-6
8.000003E-1	 3.595808E-10	 9.984084E-3	 1.665258E-6
1.000000E+0	 3.770941E-10	 9.984086E-3	 1.675244E-6
1.200000E+0	 3.938050E-10	 9.983849E-3	 1.686694E-6
1.400000E+0	 4.000509E-10	 9.983623E-3	 1.699759E-6
1.600000E+0	 4.081953E-10	 9.983618E-3	 1.715316E-6
1.800000E+0	 4.320811E-10	 9.983846E-3	 1.731235E-6
2.000000E+0	 4.290844E-10	 9.983386E-3	 1.749313E-6
2.200000E+0	 4.513664E-10	 9.984316E-3	 1.769056E-6
2.400000E+0	 4.417867E-10	 9.984078E-3	 1.789905E-6
2.600000E+0	 4.601866E-10	 9.983849E-3	 1.812150E-6
2.800000E+0	 4.736485E-10	 9.983507E-3	 1.834729E-6
3.000000E+0	 4.940731E-10	 9.983047E-3	 1.858410E-6
3.200000E+0	 4.965630E-10	 9.983391E-3	 1.888928E-6
3.400000E+0	 5.055515E-10	 9.983972E-3	 1.914135E-6
3.600000E+0	 5.315889E-10	 9.983392E-3	 1.941289E-6
3.800000E+0	 5.348386E-10	 9.984539E-3	 1.968112E-6
4.000000E+0	 5.604121E-10	 9.983507E-3	 1.997580E-6
4.200000E+0	 5.573736E-10	 9.985004E-3	 2.026153E-6
4.400000E+0	 5.515081E-10	 9.984428E-3	 2.054840E-6
4.600000E+0	 5.689784E-10	 9.982347E-3	 2.085396E-6
4.800000E+0	 5.902890E-10	 9.985122E-3	 2.115983E-6
5.000000E+0	 5.807526E-10	 9.983620E-3	 2.145802E-6
5.200000E+0	 6.025699E-10	 9.983847E-3	 2.175983E-6
5.400000E+0	 5.934550E-10	 9.983961E-3	 2.206188E-6
5.600000E+0	 6.251473E-10	 9.983273E-3	 2.236549E-6
5.800000E+0	 6.327432E-10	 9.983617E-3	 2.267381E-6
6.000000E+0	 6.403816E-10	 9.983963E-3	 2.297304E-6
6.200000E+0	 6.640979E-10	 9.983387E-3	 2.327880E-6
6.400000E+0	 6.675163E-10	 9.985005E-3	 2.357127E-6
6.600000E+0	 6.750281E-10	 9.985006E-3	 2.386849E-6
6.800000E+0	 6.971831E-10	 9.983961E-3	 2.416650E-6
7.000000E+0	 6.812736E-10	 9.984663E-3	 2.445250E-6
7.200000E+0	 7.023313E-10	 9.983732E-3	 2.474388E-6
7.400001E+0	 7.079018E-10	 9.983159E-3	 2.503256E-6
7.600000E+0	 7.192119E-10	 9.983852E-3	 2.532132E-6
7.800000E+0	 7.376959E-10	 9.984665E-3	 2.561077E-6
8.000000E+0	 7.622138E-10	 9.984301E-3	 2.589095E-6
8.200001E+0	 7.569390E-10	 9.983270E-3	 2.617501E-6
8.400001E+0	 7.665184E-10	 9.984777E-3	 2.646430E-6
8.600000E+0	 7.883362E-10	 9.984203E-3	 2.676037E-6
8.800000E+0	 7.846647E-10	 9.984310E-3	 2.704648E-6
9.000000E+0	 7.939065E-10	 9.984544E-3	 2.732932E-6
9.200001E+0	 8.044145E-10	 9.984431E-3	 2.762241E-6
9.400001E+0	 8.230243E-10	 9.982345E-3	 2.790558E-6
9.600000E+0	 8.311271E-10	 9.983739E-3	 2.818823E-6
9.800000E+0	 8.456015E-10	 9.983854E-3	 2.848614E-6
1.000000E+1	 8.539991E-10	 9.983964E-3	 2.875327E-6
1.020000E+1	 8.431970E-10	 9.983501E-3	 2.910361E-6
1.040000E+1	 8.560672E-10	 9.984200E-3	 2.935811E-6
1.060000E+1	 8.858184E-10	 9.983610E-3	 2.963965E-6
1.080000E+1	 8.828648E-10	 9.983612E-3	 2.991509E-6
1.100000E+1	 8.969595E-10	 9.983739E-3	 3.019028E-6
1.120000E+1	 9.079741E-10	 9.983737E-3	 3.046811E-6
1.140000E+1	 9.203809E-10	 9.983965E-3	 3.073211E-6
1.160000E+1	 9.251070E-10	 9.984310E-3	 3.099238E-6
1.180000E+1	 9.249803E-10	 9.983848E-3	 3.125668E-6
1.200000E+1	 9.369657E-10	 9.983962E-3	 3.151205E-6
1.220000E+1	 9.589093E-10	 9.983393E-3	 3.176408E-6
1.240000E+1	 9.632141E-10	 9.983269E-3	 3.201715E-6
1.260000E+1	 9.665054E-10	 9.983620E-3	 3.226215E-6
1.280000E+1	 9.779414E-10	 9.983504E-3	 3.250055E-6
1.300000E+1	 9.884077E-10	 9.983849E-3	 3.274399E-6
1.320000E+1	 1.006217E-9	 9.985238E-3	 3.296625E-6
1.340000E+1	 9.976915E-10	 9.983385E-3	 3.327466E-6
1.360000E+1	 1.020099E-9	 9.983379E-3	 3.349247E-6
1.380000E+1	 1.041284E-9	 9.983855E-3	 3.372152E-6
1.400000E+1	 1.042930E-9	 9.983738E-3	 3.394028E-6
1.420000E+1	 1.053438E-9	 9.983387E-3	 3.416626E-6
1.440000E+1	 1.064369E-9	 9.983956E-3	 3.438434E-6
1.460000E+1	 1.066056E-9	 9.983965E-3	 3.460202E-6
1.480000E+1	 1.097749E-9	 9.983735E-3	 3.482744E-6
1.500000E+1	 1.077113E-9	 9.983967E-3	 3.503286E-6
1.520000E+1	 1.087114E-9	 9.983492E-3	 3.523901E-6
1.540000E+1	 1.092727E-9	 9.984074E-3	 3.545175E-6
1.560000E+1	 1.118764E-9	 9.984198E-3	 3.565034E-6
1.580000E+1	 1.123618E-9	 9.983855E-3	 3.585985E-6
1.600000E+1	 1.130876E-9	 9.983620E-3	 3.604986E-6
1.620000E+1	 1.136573E-9	 9.983509E-3	 3.625074E-6
1.640000E+1	 1.150456E-9	 9.983731E-3	 3.645049E-6
1.660000E+1	 1.164341E-9	 9.984088E-3	 3.664569E-6
1.680000E+1	 1.178477E-9	 9.983621E-3	 3.683414E-6
1.700000E+1	 1.180588E-9	 9.983387E-3	 3.703202E-6
1.720000E+1	 1.181516E-9	 9.983160E-3	 3.721490E-6
1.740000E+1	 1.195738E-9	 9.983387E-3	 3.740157E-6
1.760000E+1	 1.216120E-9	 9.983269E-3	 3.757619E-6
1.780000E+1	 1.212449E-9	 9.983966E-3	 3.775199E-6
1.800000E+1	 1.237685E-9	 9.983738E-3	 3.794370E-6
1.820000E+1	 1.228358E-9	 9.983380E-3	 3.810929E-6
1.840000E+1	 1.243677E-9	 9.983504E-3	 3.828989E-6
1.860000E+1	 1.265158E-9	 9.983498E-3	 3.845239E-6
1.880000E+1	 1.270728E-9	 9.983390E-3	 3.861943E-6
1.900000E+1	 1.277184E-9	 9.983732E-3	 3.879260E-6
1.920000E+1	 1.292544E-9	 9.983161E-3	 3.895816E-6
1.940000E+1	 1.293895E-9	 9.984310E-3	 3.911364E-6
1.960000E+1	 1.307357E-9	 9.983622E-3	 3.927506E-6
1.980000E+1	 1.301534E-9	 9.983971E-3	 3.943379E-6
2.000000E+1	 1.321199E-9	 9.984198E-3	 3.957852E-6
2.020000E+1	 1.330484E-9	 9.983509E-3	 3.973885E-6
2.040000E+1	 1.343143E-9	 9.983853E-3	 3.988699E-6
2.060000E+1	 1.344958E-9	 9.983737E-3	 4.003366E-6
2.080000E+1	 1.360994E-9	 9.983039E-3	 4.018023E-6
2.100000E+1	 1.363569E-9	 9.983275E-3	 4.032757E-6
2.120000E+1	 1.373697E-9	 9.984196E-3	 4.047366E-6
2.140000E+1	 1.377284E-9	 9.983855E-3	 4.060878E-6
2.160000E+1	 1.399059E-9	 9.984300E-3	 4.074589E-6
2.180000E+1	 1.407118E-9	 9.983964E-3	 4.088590E-6
2.200000E+1	 1.432185E-9	 9.984074E-3	 4.102767E-6
2.220000E+1	 1.426362E-9	 9.983613E-3	 4.115679E-6
2.240000E+1	 1.441428E-9	 9.984195E-3	 4.127412E-6
2.260000E+1	 1.442272E-9	 9.983849E-3	 4.145773E-6
2.280000E+1	 1.448602E-9	 9.984199E-3	 4.157204E-6
2.300000E+1	 1.482490E-9	 9.984200E-3	 4.169215E-6
2.320000E+1	 1.501816E-9	 9.983969E-3	 4.182012E-6
2.340000E+1	 1.498229E-9	 9.984196E-3	 4.193207E-6
2.360000E+1	 1.505278E-9	 9.983390E-3	 4.205422E-6
2.380000E+1	 1.512197E-9	 9.983737E-3	 4.217610E-6
2.400000E+1	 1.507936E-9	 9.983738E-3	 4.226782E-6
2.420000E+1	 1.515152E-9	 9.984081E-3	 4.238462E-6
2.440000E+1	 1.536632E-9	 9.983961E-3	 4.249882E-6
2.460000E+1	 1.546086E-9	 9.983511E-3	 4.260298E-6
2.480000E+1	 1.550853E-9	 9.983963E-3	 4.271570E-6
2.500000E+1	 1.588833E-9	 9.983507E-3	 4.283007E-6
2.480000E+1	 1.264905E-9	 9.983507E-3	 4.251672E-6
2.460000E+1	 1.192953E-9	 9.984085E-3	 4.225473E-6
2.440000E+1	 1.125981E-9	 9.983624E-3	 4.197935E-6
2.420000E+1	 1.079560E-9	 9.983503E-3	 4.173023E-6
2.400000E+1	 1.043395E-9	 9.983269E-3	 4.147551E-6
2.380000E+1	 9.969748E-10	 9.983504E-3	 4.122667E-6
2.360000E+1	 9.573492E-10	 9.983616E-3	 4.098279E-6
2.340000E+1	 9.267533E-10	 9.983390E-3	 4.074132E-6
2.320000E+1	 9.083109E-10	 9.984078E-3	 4.050428E-6
2.300000E+1	 8.880553E-10	 9.984079E-3	 4.025788E-6
2.280000E+1	 8.483449E-10	 9.984082E-3	 4.001700E-6
2.260000E+1	 8.280044E-10	 9.983846E-3	 3.977358E-6
2.240000E+1	 7.893065E-10	 9.983851E-3	 3.953776E-6
2.220000E+1	 7.744521E-10	 9.983853E-3	 3.928820E-6
2.200000E+1	 7.476549E-10	 9.983972E-3	 3.905020E-6
2.180000E+1	 7.273562E-10	 9.983851E-3	 3.880501E-6
2.160000E+1	 7.251623E-10	 9.983848E-3	 3.853984E-6
2.140000E+1	 6.975213E-10	 9.984083E-3	 3.830028E-6
2.120000E+1	 6.872658E-10	 9.984195E-3	 3.805373E-6
2.100000E+1	 6.524931E-10	 9.984426E-3	 3.780647E-6
2.080000E+1	 6.332077E-10	 9.984535E-3	 3.754233E-6
2.060000E+1	 6.222778E-10	 9.984655E-3	 3.728539E-6
2.040000E+1	 6.137948E-10	 9.984656E-3	 3.703646E-6
2.020000E+1	 5.910493E-10	 9.983280E-3	 3.676831E-6
2.000000E+1	 5.758152E-10	 9.984539E-3	 3.651693E-6
1.980000E+1	 5.618468E-10	 9.983741E-3	 3.625847E-6
1.960000E+1	 5.419279E-10	 9.984316E-3	 3.599641E-6
1.940000E+1	 5.307872E-10	 9.984312E-3	 3.573463E-6
1.920000E+1	 5.311665E-10	 9.984196E-3	 3.546787E-6
1.900000E+1	 5.019219E-10	 9.984428E-3	 3.520464E-6
1.880000E+1	 4.927646E-10	 9.984891E-3	 3.492396E-6
1.860000E+1	 4.859281E-10	 9.983739E-3	 3.464351E-6
1.840000E+1	 4.573590E-10	 9.983849E-3	 3.438205E-6
1.820000E+1	 4.465552E-10	 9.983045E-3	 3.410734E-6
1.800000E+1	 4.330091E-10	 9.983726E-3	 3.381511E-6
1.780000E+1	 4.160872E-10	 9.983618E-3	 3.354292E-6
1.760000E+1	 4.177753E-10	 9.984083E-3	 3.325275E-6
1.740000E+1	 4.010637E-10	 9.983848E-3	 3.297047E-6
1.720000E+1	 3.955777E-10	 9.983966E-3	 3.267642E-6
1.700000E+1	 3.773468E-10	 9.984434E-3	 3.239175E-6
1.680000E+1	 3.711016E-10	 9.983971E-3	 3.209623E-6
1.660000E+1	 3.490727E-10	 9.983964E-3	 3.180069E-6
1.640000E+1	 3.482710E-10	 9.984081E-3	 3.149998E-6
1.620000E+1	 3.413926E-10	 9.983724E-3	 3.118963E-6
1.600000E+1	 3.148483E-10	 9.983966E-3	 3.088845E-6
1.580000E+1	 3.049314E-10	 9.983272E-3	 3.058415E-6
1.560000E+1	 2.849704E-10	 9.984081E-3	 3.027823E-6
1.540000E+1	 2.865319E-10	 9.983851E-3	 2.997946E-6
1.520000E+1	 2.700738E-10	 9.983041E-3	 2.966858E-6
1.500000E+1	 2.589751E-10	 9.983972E-3	 2.935242E-6
1.480000E+1	 2.507039E-10	 9.983964E-3	 2.904359E-6
1.460000E+1	 2.334017E-10	 9.984892E-3	 2.872788E-6
1.440000E+1	 2.276624E-10	 9.984432E-3	 2.841003E-6
1.420000E+1	 2.038193E-10	 9.984661E-3	 2.809082E-6
1.400000E+1	 2.009496E-10	 9.983854E-3	 2.777165E-6
1.380000E+1	 1.920874E-10	 9.983849E-3	 2.744956E-6
1.360000E+1	 1.744058E-10	 9.984658E-3	 2.711911E-6
1.340000E+1	 1.590026E-10	 9.983971E-3	 2.678815E-6
1.320000E+1	 1.529684E-10	 9.984896E-3	 2.646617E-6
1.300000E+1	 1.547825E-10	 9.984200E-3	 2.613806E-6
1.280000E+1	 1.342731E-10	 9.984202E-3	 2.581598E-6
1.260000E+1	 1.257064E-10	 9.984434E-3	 2.547935E-6
1.240000E+1	 1.187435E-10	 9.984200E-3	 2.516333E-6
1.220000E+1	 9.528023E-11	 9.984316E-3	 2.483210E-6
1.200000E+1	 1.013991E-10	 9.983854E-3	 2.450433E-6
1.180000E+1	 7.979256E-11	 9.984202E-3	 2.418798E-6
1.160000E+1	 6.561324E-11	 9.983735E-3	 2.386056E-6
1.140000E+1	 5.472556E-11	 9.984077E-3	 2.354396E-6
1.120000E+1	 6.295470E-11	 9.984653E-3	 2.321798E-6
1.100000E+1	 3.759235E-11	 9.984319E-3	 2.290215E-6
1.080000E+1	 3.290804E-11	 9.983967E-3	 2.259161E-6
1.060000E+1	 2.104986E-11	 9.983163E-3	 2.228123E-6
1.040000E+1	 1.644995E-11	 9.983847E-3	 2.197707E-6
1.020000E+1	 -1.566446E-11	 9.984664E-3	 2.167605E-6
1.000000E+1	 -1.085360E-11	 9.984547E-3	 2.137961E-6
9.800000E+0	 -1.498929E-11	 9.983622E-3	 2.109687E-6
9.600000E+0	 -2.380912E-11	 9.983971E-3	 2.081072E-6
9.400001E+0	 -4.870730E-11	 9.984314E-3	 2.053244E-6
9.200001E+0	 -5.984814E-11	 9.983851E-3	 2.026233E-6
9.000000E+0	 -6.271779E-11	 9.984895E-3	 2.000772E-6
8.800000E+0	 -8.128596E-11	 9.983613E-3	 1.975808E-6
8.600000E+0	 -8.888200E-11	 9.984894E-3	 1.951753E-6
8.400001E+0	 -9.065441E-11	 9.984424E-3	 1.928536E-6
8.200001E+0	 -1.011623E-10	 9.983043E-3	 1.906255E-6
8.000000E+0	 -1.180425E-10	 9.984766E-3	 1.884882E-6
7.800000E+0	 -1.150884E-10	 9.985006E-3	 1.864943E-6
7.600000E+0	 -1.450085E-10	 9.984083E-3	 1.845466E-6
7.400001E+0	 -1.303227E-10	 9.984544E-3	 1.827302E-6
7.200000E+0	 -1.529421E-10	 9.984543E-3	 1.809968E-6
7.000000E+0	 -1.575841E-10	 9.983965E-3	 1.793038E-6
6.800000E+0	 -1.753505E-10	 9.983392E-3	 1.776941E-6
6.600000E+0	 -1.861960E-10	 9.984078E-3	 1.762111E-6
6.400000E+0	 -1.983923E-10	 9.983738E-3	 1.748575E-6
6.200000E+0	 -2.157799E-10	 9.983737E-3	 1.735501E-6
6.000000E+0	 -2.137119E-10	 9.984088E-3	 1.723077E-6
5.800000E+0	 -2.363749E-10	 9.983506E-3	 1.711929E-6
5.600000E+0	 -2.260774E-10	 9.983969E-3	 1.701978E-6
5.400000E+0	 -2.480650E-10	 9.983855E-3	 1.693398E-6
5.200000E+0	 -2.577295E-10	 9.983854E-3	 1.685105E-6
5.000000E+0	 -2.607681E-10	 9.984425E-3	 1.678514E-6
4.800000E+0	 -2.795906E-10	 9.983963E-3	 1.673629E-6
4.600000E+0	 -2.736400E-10	 9.984085E-3	 1.669146E-6
4.400000E+0	 -2.918294E-10	 9.984199E-3	 1.666075E-6
4.200000E+0	 -2.922937E-10	 9.983731E-3	 1.664407E-6
4.000000E+0	 -3.041105E-10	 9.983396E-3	 1.664307E-6
3.800000E+0	 -3.151676E-10	 9.983966E-3	 1.665470E-6
3.600000E+0	 -3.371131E-10	 9.984547E-3	 1.667436E-6
3.400000E+0	 -3.511244E-10	 9.984200E-3	 1.670752E-6
3.200000E+0	 -3.534455E-10	 9.983612E-3	 1.675188E-6
3.000000E+0	 -3.657688E-10	 9.984316E-3	 1.680649E-6
2.800000E+0	 -3.795269E-10	 9.984316E-3	 1.688084E-6
2.600000E+0	 -3.774590E-10	 9.984078E-3	 1.695822E-6
2.400000E+0	 -3.883896E-10	 9.984430E-3	 1.705823E-6
2.200000E+0	 -3.956906E-10	 9.984199E-3	 1.715994E-6
2.000000E+0	 -4.199573E-10	 9.983848E-3	 1.727659E-6
1.800000E+0	 -4.156947E-10	 9.984316E-3	 1.740025E-6
1.600000E+0	 -4.395393E-10	 9.984543E-3	 1.753413E-6
1.400000E+0	 -4.538461E-10	 9.984773E-3	 1.767466E-6
1.200000E+0	 -4.505543E-10	 9.984310E-3	 1.781492E-6
1.000000E+0	 -4.568424E-10	 9.984203E-3	 1.797108E-6
8.000003E-1	 -4.605563E-10	 9.984436E-3	 1.813968E-6
6.000003E-1	 -4.768889E-10	 9.984536E-3	 1.830732E-6
4.000002E-1	 -4.830083E-10	 9.984436E-3	 1.848566E-6
2.000002E-1	 -4.952893E-10	 9.984664E-3	 1.867003E-6
2.235174E-7	 -5.041519E-10	 9.984549E-3	 1.885296E-6
-1.999998E-1	 -5.103133E-10	 9.984312E-3	 1.904607E-6
-3.999998E-1	 -5.353817E-10	 9.984195E-3	 1.924800E-6
-5.999998E-1	 -5.364370E-10	 9.984780E-3	 1.944190E-6
-7.999998E-1	 -5.447929E-10	 9.983975E-3	 1.965703E-6
-9.999998E-1	 -5.485069E-10	 9.983972E-3	 1.986856E-6
-1.200000E+0	 -5.606191E-10	 9.984318E-3	 2.007662E-6
-1.400000E+0	 -5.709166E-10	 9.983740E-3	 2.028133E-6
-1.600000E+0	 -5.813829E-10	 9.984200E-3	 2.055157E-6
-1.800000E+0	 -6.059450E-10	 9.983392E-3	 2.075747E-6
-2.000000E+0	 -6.205049E-10	 9.983963E-3	 2.097436E-6
-2.200000E+0	 -6.195340E-10	 9.984658E-3	 2.119214E-6
-2.400000E+0	 -6.320260E-10	 9.983966E-3	 2.140164E-6
-2.600000E+0	 -6.334190E-10	 9.983851E-3	 2.163158E-6
-2.800000E+0	 -6.334610E-10	 9.983735E-3	 2.185368E-6
-3.000000E+0	 -6.443072E-10	 9.983853E-3	 2.206580E-6
-3.200000E+0	 -6.631719E-10	 9.983269E-3	 2.234052E-6
-3.400000E+0	 -6.843153E-10	 9.983391E-3	 2.255604E-6
-3.600000E+0	 -6.935578E-10	 9.983734E-3	 2.276848E-6
-3.800000E+0	 -6.982847E-10	 9.983851E-3	 2.299057E-6
-4.000000E+0	 -7.125070E-10	 9.984200E-3	 2.321332E-6
-4.200000E+0	 -7.146170E-10	 9.983622E-3	 2.343057E-6
-4.400000E+0	 -7.264762E-10	 9.984196E-3	 2.365310E-6
-4.600000E+0	 -7.283754E-10	 9.984199E-3	 2.387686E-6
-4.800000E+0	 -7.348746E-10	 9.984079E-3	 2.408842E-6
-5.000000E+0	 -7.550475E-10	 9.984422E-3	 2.431468E-6
-5.200000E+0	 -7.573686E-10	 9.984200E-3	 2.453505E-6
-5.400000E+0	 -7.576215E-10	 9.984312E-3	 2.475098E-6
-5.600000E+0	 -7.886829E-10	 9.984086E-3	 2.497246E-6
-5.800000E+0	 -7.759379E-10	 9.983742E-3	 2.519353E-6
-6.000000E+0	 -7.985162E-10	 9.983852E-3	 2.541374E-6
-6.200000E+0	 -8.126121E-10	 9.984203E-3	 2.563091E-6
-6.400000E+0	 -8.148909E-10	 9.983967E-3	 2.584401E-6
-6.600000E+0	 -8.782374E-10	 9.984086E-3	 2.605197E-6
-6.800000E+0	 -8.403397E-10	 9.983969E-3	 2.627541E-6
-7.000000E+0	 -8.419010E-10	 9.983967E-3	 2.648677E-6
-7.200000E+0	 -8.718226E-10	 9.983618E-3	 2.670276E-6
-7.400000E+0	 -8.527049E-10	 9.983854E-3	 2.691190E-6
-7.600000E+0	 -8.849898E-10	 9.983506E-3	 2.712621E-6
-7.800000E+0	 -8.815711E-10	 9.984203E-3	 2.732955E-6
-8.000000E+0	 -8.992118E-10	 9.984088E-3	 2.754236E-6
-8.200000E+0	 -9.049093E-10	 9.983623E-3	 2.775069E-6
-8.400000E+0	 -9.149538E-10	 9.983511E-3	 2.795436E-6
-8.600000E+0	 -9.205245E-10	 9.983387E-3	 2.816098E-6
-8.800000E+0	 -9.324258E-10	 9.983394E-3	 2.837263E-6
-9.000000E+0	 -9.385451E-10	 9.984431E-3	 2.855934E-6
-9.200000E+0	 -9.430613E-10	 9.983156E-3	 2.881604E-6
-9.400000E+0	 -9.485898E-10	 9.983849E-3	 2.899510E-6
-9.600000E+0	 -9.713368E-10	 9.983742E-3	 2.919670E-6
-9.800000E+0	 -9.871204E-10	 9.984085E-3	 2.939871E-6
-1.000000E+1	 -9.850525E-10	 9.984437E-3	 2.958320E-6
-1.020000E+1	 -1.008602E-9	 9.984313E-3	 2.978417E-6
-1.040000E+1	 -1.015565E-9	 9.983970E-3	 2.997287E-6
-1.060000E+1	 -1.013751E-9	 9.983965E-3	 3.016884E-6
-1.080000E+1	 -1.032320E-9	 9.983622E-3	 3.036763E-6
-1.100000E+1	 -1.034895E-9	 9.984203E-3	 3.055077E-6
-1.120000E+1	 -1.049497E-9	 9.983844E-3	 3.073234E-6
-1.140000E+1	 -1.066209E-9	 9.983503E-3	 3.092025E-6
-1.160000E+1	 -1.059246E-9	 9.983378E-3	 3.110384E-6
-1.180000E+1	 -1.073046E-9	 9.983618E-3	 3.128509E-6
-1.200000E+1	 -1.070935E-9	 9.983625E-3	 3.146811E-6
-1.220000E+1	 -1.097354E-9	 9.983050E-3	 3.165448E-6
-1.240000E+1	 -1.097312E-9	 9.983726E-3	 3.183222E-6
-1.260000E+1	 -1.111239E-9	 9.983622E-3	 3.201123E-6
-1.280000E+1	 -1.113476E-9	 9.983858E-3	 3.219675E-6
-1.300000E+1	 -1.141288E-9	 9.983388E-3	 3.236082E-6
-1.320000E+1	 -1.138882E-9	 9.983504E-3	 3.253721E-6
-1.340000E+1	 -1.161840E-9	 9.983742E-3	 3.271269E-6
-1.360000E+1	 -1.162684E-9	 9.983732E-3	 3.288160E-6
-1.380000E+1	 -1.165596E-9	 9.983855E-3	 3.305051E-6
-1.400000E+1	 -1.195391E-9	 9.983512E-3	 3.320968E-6
-1.420000E+1	 -1.181000E-9	 9.983618E-3	 3.339104E-6
-1.440000E+1	 -1.195223E-9	 9.983509E-3	 3.354564E-6
-1.460000E+1	 -1.209234E-9	 9.983278E-3	 3.371112E-6
-1.480000E+1	 -1.210373E-9	 9.984318E-3	 3.386796E-6
-1.500000E+1	 -1.228563E-9	 9.983394E-3	 3.407285E-6
-1.480000E+1	 -9.728980E-10	 9.982817E-3	 3.374254E-6
-1.460000E+1	 -8.529580E-10	 9.983165E-3	 3.344420E-6
-1.440000E+1	 -8.144690E-10	 9.982925E-3	 3.316317E-6
-1.420000E+1	 -7.533597E-10	 9.983278E-3	 3.286389E-6
-1.400000E+1	 -7.178245E-10	 9.983611E-3	 3.257769E-6
-1.380000E+1	 -6.714858E-10	 9.984202E-3	 3.229952E-6
-1.360000E+1	 -6.366684E-10	 9.983623E-3	 3.200717E-6
-1.340000E+1	 -6.149763E-10	 9.983854E-3	 3.173082E-6
-1.320000E+1	 -5.736177E-10	 9.982811E-3	 3.145608E-6
-1.300000E+1	 -5.299797E-10	 9.983393E-3	 3.118542E-6
-1.280000E+1	 -5.242823E-10	 9.983512E-3	 3.091675E-6
-1.260000E+1	 -4.942340E-10	 9.983854E-3	 3.063941E-6
-1.240000E+1	 -4.756648E-10	 9.983968E-3	 3.035659E-6
-1.220000E+1	 -4.417758E-10	 9.983738E-3	 3.007851E-6
-1.200000E+1	 -4.281444E-10	 9.983973E-3	 2.980870E-6
-1.180000E+1	 -4.032025E-10	 9.983859E-3	 2.953735E-6
-1.160000E+1	 -3.872077E-10	 9.984777E-3	 2.925025E-6
-1.140000E+1	 -3.666549E-10	 9.984084E-3	 2.897306E-6
-1.120000E+1	 -3.450471E-10	 9.983627E-3	 2.870198E-6
-1.100000E+1	 -3.298541E-10	 9.983278E-3	 2.842537E-6
-1.080000E+1	 -3.115803E-10	 9.983855E-3	 2.816088E-6
-1.060000E+1	 -2.960074E-10	 9.984314E-3	 2.787908E-6
-1.040000E+1	 -2.822915E-10	 9.983623E-3	 2.760466E-6
-1.020000E+1	 -2.622873E-10	 9.983048E-3	 2.733183E-6
-1.000000E+1	 -2.526229E-10	 9.983622E-3	 2.704813E-6
-9.800000E+0	 -2.404685E-10	 9.983280E-3	 2.678776E-6
-9.600000E+0	 -2.240094E-10	 9.983625E-3	 2.650300E-6
-9.400000E+0	 -2.034144E-10	 9.983624E-3	 2.621732E-6
-9.200000E+0	 -1.983923E-10	 9.983625E-3	 2.595601E-6
-9.000000E+0	 -1.737469E-10	 9.983730E-3	 2.567636E-6
-8.800000E+0	 -1.729029E-10	 9.984088E-3	 2.539737E-6
-8.600000E+0	 -1.550943E-10	 9.984314E-3	 2.512066E-6
-8.400000E+0	 -7.191756E-11	 9.983049E-3	 2.484622E-6
-8.200000E+0	 -1.238240E-10	 9.984090E-3	 2.456978E-6
-8.000000E+0	 -1.131472E-10	 9.983975E-3	 2.429220E-6
-7.800000E+0	 -9.744874E-11	 9.983853E-3	 2.402026E-6
-7.600000E+0	 -9.014808E-11	 9.983849E-3	 2.375301E-6
-7.400000E+0	 -6.925895E-11	 9.984076E-3	 2.347756E-6
-7.200000E+0	 -5.807582E-11	 9.983971E-3	 2.318686E-6
-7.000000E+0	 -4.693497E-11	 9.983858E-3	 2.291919E-6
-6.800000E+0	 -4.111136E-11	 9.983511E-3	 2.265106E-6
-6.600000E+0	 -2.482201E-11	 9.983858E-3	 2.238360E-6
-6.400000E+0	 -1.714157E-11	 9.983742E-3	 2.211073E-6
-6.200000E+0	 4.169581E-12	 9.984433E-3	 2.184154E-6
-6.000000E+0	 1.113264E-11	 9.984191E-3	 2.157808E-6
-5.800000E+0	 2.708432E-11	 9.984665E-3	 2.131089E-6
-5.600000E+0	 3.826739E-11	 9.983963E-3	 2.105316E-6
-5.400000E+0	 4.594783E-11	 9.984088E-3	 2.078898E-6
-5.200000E+0	 6.890472E-11	 9.983859E-3	 2.053348E-6
-5.000000E+0	 7.367351E-11	 9.984305E-3	 2.028104E-6
-4.800000E+0	 8.000359E-11	 9.983855E-3	 2.003592E-6
-4.600000E+0	 9.232584E-11	 9.983511E-3	 1.979271E-6
-4.400000E+0	 1.093328E-10	 9.983161E-3	 1.955327E-6
-4.200000E+0	 1.139748E-10	 9.983855E-3	 1.929451E-6
-4.000000E+0	 1.183635E-10	 9.983971E-3	 1.907344E-6
-3.800000E+0	 1.352014E-10	 9.983497E-3	 1.884609E-6
-3.600000E+0	 1.579054E-10	 9.983740E-3	 1.862765E-6
-3.400000E+0	 1.769799E-10	 9.983972E-3	 1.840976E-6
-3.200000E+0	 1.738991E-10	 9.983854E-3	 1.821060E-6
-3.000000E+0	 1.784989E-10	 9.983972E-3	 1.801253E-6
-2.800000E+0	 1.874456E-10	 9.983627E-3	 1.782370E-6
-2.600000E+0	 2.069842E-10	 9.984436E-3	 1.764673E-6
-2.400000E+0	 2.169438E-10	 9.983853E-3	 1.747672E-6
-2.200000E+0	 2.331065E-10	 9.983853E-3	 1.731410E-6
-2.000000E+0	 2.244553E-10	 9.983740E-3	 1.717118E-6
-1.800000E+0	 2.481716E-10	 9.983854E-3	 1.702889E-6
-1.600000E+0	 2.618024E-10	 9.984088E-3	 1.690273E-6
-1.400000E+0	 2.620555E-10	 9.983625E-3	 1.679678E-6
-1.200000E+0	 2.719305E-10	 9.984189E-3	 1.669604E-6
-9.999998E-1	 2.009074E-10	 9.983621E-3	 1.661463E-6
-7.999998E-1	 3.033696E-10	 9.983628E-3	 1.655352E-6
-5.999998E-1	 3.228665E-10	 9.984319E-3	 1.650054E-6
-3.999998E-1	 3.241744E-10	 9.983851E-3	 1.645903E-6
-1.999998E-1	 3.238367E-10	 9.983620E-3	 1.643931E-6
2.235174E-7	 3.537570E-10	 9.983853E-3	 1.644279E-6
2.000002E-1	 3.428694E-10	 9.983507E-3	 1.645375E-6
4.000002E-1	 3.686539E-10	 9.983975E-3	 1.647801E-6
6.000003E-1	 3.735069E-10	 9.983511E-3	 1.652462E-6
8.000003E-1	 3.806385E-10	 9.983742E-3	 1.658107E-6
1.000000E+0	 3.874330E-10	 9.984434E-3	 1.666155E-6
1.200000E+0	 3.971813E-10	 9.983839E-3	 1.675589E-6
1.400000E+0	 4.134280E-10	 9.983972E-3	 1.686003E-6
1.600000E+0	 4.197166E-10	 9.984203E-3	 1.698676E-6
1.800000E+0	 4.251604E-10	 9.983972E-3	 1.712825E-6
2.000000E+0	 4.382421E-10	 9.984076E-3	 1.728753E-6
2.200000E+0	 4.482013E-10	 9.984433E-3	 1.745461E-6
2.400000E+0	 4.597221E-10	 9.984549E-3	 1.763376E-6
2.600000E+0	 4.733527E-10	 9.984084E-3	 1.781744E-6
2.800000E+0	 4.645750E-10	 9.984546E-3	 1.806614E-6
3.000000E+0	 4.988836E-10	 9.984550E-3	 1.827518E-6
3.200000E+0	 5.124301E-10	 9.983973E-3	 1.850739E-6
3.400000E+0	 5.101511E-10	 9.984665E-3	 1.874552E-6
3.600000E+0	 5.196042E-10	 9.983740E-3	 1.899789E-6
3.800000E+0	 5.303231E-10	 9.983972E-3	 1.925676E-6
4.000000E+0	 5.446290E-10	 9.983853E-3	 1.952644E-6
4.200000E+0	 5.316314E-10	 9.983855E-3	 1.980110E-6
4.400000E+0	 5.594838E-10	 9.983857E-3	 2.007713E-6
4.600000E+0	 5.708356E-10	 9.983855E-3	 2.036518E-6
4.800000E+0	 5.883911E-10	 9.984665E-3	 2.065598E-6
5.000000E+0	 5.784316E-10	 9.984316E-3	 2.095117E-6
5.200000E+0	 5.922732E-10	 9.983618E-3	 2.125380E-6
5.400000E+0	 5.042860E-10	 9.983504E-3	 2.156576E-6
5.600000E+0	 6.181842E-10	 9.983506E-3	 2.184595E-6
5.800000E+0	 6.293250E-10	 9.983613E-3	 2.213906E-6
6.000000E+0	 6.275107E-10	 9.983627E-3	 2.243430E-6
6.200000E+0	 6.528305E-10	 9.983277E-3	 2.272858E-6
6.400000E+0	 7.065097E-10	 9.983970E-3	 2.301775E-6
6.600000E+0	 6.643937E-10	 9.983967E-3	 2.330011E-6
6.800000E+0	 6.746906E-10	 9.983853E-3	 2.365656E-6
7.000000E+0	 6.852831E-10	 9.983509E-3	 2.391776E-6
7.200000E+0	 7.030493E-10	 9.983512E-3	 2.421106E-6
7.400001E+0	 7.134725E-10	 9.983511E-3	 2.449289E-6
7.600000E+0	 7.206891E-10	 9.983624E-3	 2.477297E-6
7.800000E+0	 7.165114E-10	 9.983737E-3	 2.506144E-6
8.000000E+0	 7.537739E-10	 9.983741E-3	 2.534365E-6
8.200001E+0	 7.506091E-10	 9.983510E-3	 2.564139E-6
8.400001E+0	 7.553780E-10	 9.983732E-3	 2.592319E-6
8.600000E+0	 7.706965E-10	 9.983968E-3	 2.622617E-6
8.800000E+0	 7.677848E-10	 9.984306E-3	 2.652577E-6
9.000000E+0	 7.852978E-10	 9.983970E-3	 2.681257E-6
9.200001E+0	 7.995195E-10	 9.984088E-3	 2.711180E-6
9.400001E+0	 7.971980E-10	 9.983964E-3	 2.739919E-6
9.600000E+0	 8.148801E-10	 9.984315E-3	 2.768953E-6
9.800000E+0	 8.160191E-10	 9.983969E-3	 2.798469E-6
1.000000E+1	 8.362757E-10	 9.983972E-3	 2.827122E-6
1.020000E+1	 8.319713E-10	 9.983848E-3	 2.856649E-6
1.040000E+1	 8.512143E-10	 9.983847E-3	 2.884906E-6
1.060000E+1	 8.800796E-10	 9.983733E-3	 2.913676E-6
1.080000E+1	 8.682636E-10	 9.983388E-3	 2.942380E-6
1.100000E+1	 8.728209E-10	 9.984195E-3	 2.969806E-6
1.120000E+1	 9.380626E-10	 9.983734E-3	 2.997906E-6
1.140000E+1	 9.004197E-10	 9.983509E-3	 3.025444E-6
1.160000E+1	 9.044292E-10	 9.983396E-3	 3.050290E-6
1.180000E+1	 9.045985E-10	 9.983972E-3	 3.084189E-6
1.200000E+1	 9.233772E-10	 9.983739E-3	 3.108874E-6
1.220000E+1	 9.457853E-10	 9.983858E-3	 3.135418E-6
1.240000E+1	 9.454900E-10	 9.983849E-3	 3.160598E-6
1.260000E+1	 9.677301E-10	 9.984307E-3	 3.186793E-6
1.280000E+1	 9.681517E-10	 9.984200E-3	 3.211689E-6
1.300000E+1	 9.862979E-10	 9.983047E-3	 3.236794E-6
1.320000E+1	 9.879019E-10	 9.983273E-3	 3.262086E-6
1.340000E+1	 1.000731E-9	 9.983853E-3	 3.286188E-6
1.360000E+1	 1.014488E-9	 9.983730E-3	 3.309981E-6
1.380000E+1	 1.024151E-9	 9.984088E-3	 3.333523E-6
1.400000E+1	 1.011323E-9	 9.984189E-3	 3.356703E-6
1.420000E+1	 1.032169E-9	 9.984203E-3	 3.380362E-6
1.440000E+1	 1.067491E-9	 9.984086E-3	 3.402627E-6
1.460000E+1	 1.078927E-9	 9.983971E-3	 3.425791E-6
1.480000E+1	 1.040441E-9	 9.983972E-3	 3.449106E-6
1.500000E+1	 1.062849E-9	 9.984086E-3	 3.470567E-6
1.520000E+1	 1.083316E-9	 9.983854E-3	 3.493832E-6
1.540000E+1	 1.093993E-9	 9.984088E-3	 3.515245E-6
1.560000E+1	 1.105049E-9	 9.983621E-3	 3.535384E-6
1.580000E+1	 1.105261E-9	 9.984078E-3	 3.556924E-6
1.600000E+1	 1.124967E-9	 9.984203E-3	 3.577721E-6
1.620000E+1	 1.131002E-9	 9.983853E-3	 3.597838E-6
1.640000E+1	 1.132733E-9	 9.984667E-3	 3.618256E-6
1.660000E+1	 1.152609E-9	 9.983042E-3	 3.638599E-6
1.680000E+1	 1.167337E-9	 9.983735E-3	 3.658961E-6
1.700000E+1	 1.172655E-9	 9.983972E-3	 3.678039E-6
1.720000E+1	 1.179027E-9	 9.983742E-3	 3.697767E-6
1.740000E+1	 1.189535E-9	 9.983510E-3	 3.716475E-6
1.760000E+1	 1.206963E-9	 9.983733E-3	 3.734380E-6
1.780000E+1	 1.203756E-9	 9.984085E-3	 3.758788E-6
1.800000E+1	 1.218020E-9	 9.984079E-3	 3.775917E-6
1.820000E+1	 1.267606E-9	 9.984202E-3	 3.794592E-6
1.840000E+1	 1.243214E-9	 9.984205E-3	 3.812681E-6
1.860000E+1	 1.263765E-9	 9.983857E-3	 3.829916E-6
1.880000E+1	 1.260093E-9	 9.983857E-3	 3.846984E-6
1.900000E+1	 1.276805E-9	 9.984430E-3	 3.864370E-6
1.920000E+1	 1.284064E-9	 9.984659E-3	 3.881713E-6
1.940000E+1	 1.286764E-9	 9.984192E-3	 3.898219E-6
1.960000E+1	 1.297990E-9	 9.984088E-3	 3.914451E-6
1.980000E+1	 1.307527E-9	 9.984202E-3	 3.930730E-6
2.000000E+1	 1.319554E-9	 9.984433E-3	 3.946720E-6
2.020000E+1	 1.321326E-9	 9.984195E-3	 3.962599E-6
2.040000E+1	 1.331032E-9	 9.983968E-3	 3.978313E-6
2.060000E+1	 1.349263E-9	 9.984198E-3	 3.993869E-6
2.080000E+1	 1.357365E-9	 9.983731E-3	 4.008992E-6
2.100000E+1	 1.356690E-9	 9.983737E-3	 4.024354E-6
2.120000E+1	 1.365342E-9	 9.983853E-3	 4.038742E-6
2.140000E+1	 1.391125E-9	 9.983739E-3	 4.054061E-6
2.160000E+1	 1.379900E-9	 9.984203E-3	 4.068015E-6
2.180000E+1	 1.400999E-9	 9.983390E-3	 4.082914E-6
2.200000E+1	 1.423367E-9	 9.983843E-3	 4.098065E-6
2.220000E+1	 1.440205E-9	 9.983734E-3	 4.109913E-6
2.240000E+1	 1.431258E-9	 9.983965E-3	 4.129762E-6
2.260000E+1	 1.446281E-9	 9.983851E-3	 4.141520E-6
2.280000E+1	 1.454595E-9	 9.983620E-3	 4.153790E-6
2.300000E+1	 1.474049E-9	 9.983853E-3	 4.166292E-6
2.320000E+1	 1.473669E-9	 9.983741E-3	 4.179830E-6
2.340000E+1	 1.493040E-9	 9.983965E-3	 4.192732E-6
2.360000E+1	 1.495782E-9	 9.983390E-3	 4.205390E-6
2.380000E+1	 1.491013E-9	 9.983970E-3	 4.217359E-6
2.400000E+1	 1.509286E-9	 9.984189E-3	 4.230140E-6
2.420000E+1	 1.518613E-9	 9.983625E-3	 4.241484E-6
2.440000E+1	 1.519626E-9	 9.983509E-3	 4.253333E-6
2.460000E+1	 1.521861E-9	 9.983740E-3	 4.265044E-6
2.480000E+1	 1.536379E-9	 9.984088E-3	 4.275457E-6
2.500000E+1	 1.556973E-9	 9.983971E-3	 4.287106E-6
2.480000E+1	 1.261233E-9	 9.983972E-3	 4.256857E-6
2.460000E+1	 1.190632E-9	 9.984085E-3	 4.232675E-6
2.440000E+1	 1.140582E-9	 9.984202E-3	 4.205869E-6
2.420000E+1	 1.091587E-9	 9.983855E-3	 4.179593E-6
2.400000E+1	 1.036896E-9	 9.983737E-3	 4.156196E-6
2.380000E+1	 9.969744E-10	 9.983965E-3	 4.130714E-6
2.360000E+1	 9.578972E-10	 9.983970E-3	 4.105977E-6
2.340000E+1	 9.327450E-10	 9.983973E-3	 4.080857E-6
2.320000E+1	 8.968329E-10	 9.983975E-3	 4.055676E-6
2.300000E+1	 8.763239E-10	 9.983972E-3	 4.030772E-6
2.280000E+1	 8.332371E-10	 9.983858E-3	 4.007112E-6
2.260000E+1	 8.173693E-10	 9.983383E-3	 3.981894E-6
2.240000E+1	 7.902349E-10	 9.983972E-3	 3.957151E-6
2.220000E+1	 7.744945E-10	 9.983972E-3	 3.932774E-6
2.200000E+1	 7.503975E-10	 9.983267E-3	 3.908260E-6
2.180000E+1	 7.379914E-10	 9.983857E-3	 3.883516E-6
2.160000E+1	 7.131355E-10	 9.983967E-3	 3.858312E-6
2.140000E+1	 6.968034E-10	 9.983622E-3	 3.833321E-6
2.120000E+1	 6.808517E-10	 9.983859E-3	 3.806923E-6
2.100000E+1	 6.640562E-10	 9.983622E-3	 3.783153E-6
2.080000E+1	 6.457828E-10	 9.983618E-3	 3.756471E-6
2.060000E+1	 6.180997E-10	 9.983735E-3	 3.730382E-6
2.040000E+1	 6.094064E-10	 9.983737E-3	 3.704795E-6
2.020000E+1	 6.027813E-10	 9.983973E-3	 3.678147E-6
2.000000E+1	 5.791488E-10	 9.983390E-3	 3.652283E-6
1.980000E+1	 5.769968E-10	 9.983853E-3	 3.626217E-6
1.960000E+1	 5.433635E-10	 9.983744E-3	 3.599515E-6
1.940000E+1	 5.469924E-10	 9.983276E-3	 3.572858E-6
1.920000E+1	 5.203637E-10	 9.983393E-3	 3.544280E-6
1.900000E+1	 5.101933E-10	 9.983973E-3	 3.517507E-6
1.880000E+1	 4.900642E-10	 9.983049E-3	 3.490407E-6
1.860000E+1	 4.814131E-10	 9.983972E-3	 3.462030E-6
1.840000E+1	 4.660099E-10	 9.984200E-3	 3.434807E-6
1.820000E+1	 4.472731E-10	 9.983973E-3	 3.406557E-6
1.800000E+1	 4.546162E-10	 9.983511E-3	 3.378251E-6
1.780000E+1	 4.326716E-10	 9.983161E-3	 3.350286E-6
1.760000E+1	 4.151584E-10	 9.982929E-3	 3.321029E-6
1.740000E+1	 4.043974E-10	 9.983278E-3	 3.292334E-6
1.720000E+1	 3.900072E-10	 9.983507E-3	 3.263516E-6
1.700000E+1	 3.721985E-10	 9.983269E-3	 3.233583E-6
1.680000E+1	 3.673035E-10	 9.983738E-3	 3.204630E-6
1.660000E+1	 3.484398E-10	 9.983511E-3	 3.172647E-6
1.640000E+1	 3.402528E-10	 9.983742E-3	 3.143598E-6
1.620000E+1	 3.255250E-10	 9.983625E-3	 3.114259E-6
1.600000E+1	 3.027367E-10	 9.983622E-3	 3.082327E-6
1.580000E+1	 3.113880E-10	 9.983394E-3	 3.052152E-6
1.560000E+1	 2.929041E-10	 9.983160E-3	 3.015812E-6
1.540000E+1	 2.773744E-10	 9.983051E-3	 2.986628E-6
1.520000E+1	 2.544599E-10	 9.983396E-3	 2.955427E-6
1.500000E+1	 2.544178E-10	 9.983278E-3	 2.923502E-6
1.480000E+1	 2.383815E-10	 9.983627E-3	 2.892530E-6
1.460000E+1	 2.302792E-10	 9.983973E-3	 2.860645E-6
1.440000E+1	 2.169438E-10	 9.983165E-3	 2.830629E-6
1.420000E+1	 2.016672E-10	 9.982698E-3	 2.796634E-6
1.400000E+1	 1.983332E-10	 9.983163E-3	 2.764553E-6
1.380000E+1	 1.805249E-10	 9.983397E-3	 2.732054E-6
1.360000E+1	 1.772752E-10	 9.983280E-3	 2.699190E-6
1.340000E+1	 1.646573E-10	 9.983738E-3	 2.667142E-6
1.320000E+1	 1.558375E-10	 9.982818E-3	 2.634534E-6
1.300000E+1	 1.438105E-10	 9.983511E-3	 2.601540E-6
1.280000E+1	 1.346109E-10	 9.983038E-3	 2.569686E-6
1.260000E+1	 1.325429E-10	 9.983166E-3	 2.536481E-6
1.240000E+1	 1.006818E-10	 9.983396E-3	 2.504342E-6
1.220000E+1	 1.073916E-10	 9.983396E-3	 2.470825E-6
1.200000E+1	 8.667139E-11	 9.983514E-3	 2.438230E-6
1.180000E+1	 7.877979E-11	 9.983513E-3	 2.405998E-6
1.160000E+1	 6.958015E-11	 9.983051E-3	 2.373252E-6
1.140000E+1	 6.232165E-11	 9.983048E-3	 2.341700E-6
1.120000E+1	 4.636999E-11	 9.983500E-3	 2.309328E-6
1.100000E+1	 3.282365E-11	 9.983742E-3	 2.278906E-6
1.080000E+1	 3.282363E-11	 9.983051E-3	 2.242127E-6
1.060000E+1	 2.489003E-11	 9.983273E-3	 2.212598E-6
1.040000E+1	 -3.173128E-12	 9.983273E-3	 2.182913E-6
1.020000E+1	 3.716888E-13	 9.982814E-3	 2.153398E-6
1.000000E+1	 -1.642410E-11	 9.983621E-3	 2.123731E-6
9.800000E+0	 -2.435770E-11	 9.983975E-3	 2.095753E-6
9.600000E+0	 -3.541424E-11	 9.983392E-3	 2.067821E-6
9.400001E+0	 -5.174562E-11	 9.983975E-3	 2.040331E-6
9.200001E+0	 -6.115637E-11	 9.984205E-3	 2.014685E-6
9.000000E+0	 -7.065144E-11	 9.983969E-3	 1.989242E-6
8.800000E+0	 -7.428073E-11	 9.983622E-3	 1.964993E-6
8.600000E+0	 -9.609828E-11	 9.984082E-3	 1.941773E-6
8.400001E+0	 -8.871323E-11	 9.984203E-3	 1.915064E-6
8.200001E+0	 -1.104463E-10	 9.983970E-3	 1.894591E-6
8.000000E+0	 -1.276219E-10	 9.983858E-3	 1.873412E-6
7.800000E+0	 -1.415902E-10	 9.983853E-3	 1.854692E-6
7.600000E+0	 -1.447553E-10	 9.984091E-3	 1.835496E-6
7.400001E+0	 -1.613400E-10	 9.984086E-3	 1.817916E-6
7.200000E+0	 -1.524779E-10	 9.984664E-3	 1.801681E-6
7.000000E+0	 -1.726497E-10	 9.984315E-3	 1.785520E-6
6.800000E+0	 -1.796971E-10	 9.984086E-3	 1.770188E-6
6.600000E+0	 -1.896564E-10	 9.983508E-3	 1.755568E-6
6.400000E+0	 -2.021906E-10	 9.984088E-3	 1.742371E-6
6.200000E+0	 -2.091118E-10	 9.983975E-3	 1.728972E-6
6.000000E+0	 -2.218571E-10	 9.983972E-3	 1.717537E-6
5.800000E+0	 -2.243893E-10	 9.983860E-3	 1.707003E-6
5.600000E+0	 -2.373455E-10	 9.983277E-3	 1.697064E-6
5.400000E+0	 -2.421567E-10	 9.983849E-3	 1.689456E-6
5.200000E+0	 -2.582360E-10	 9.984091E-3	 1.682208E-6
5.000000E+0	 -2.595442E-10	 9.983504E-3	 1.676614E-6
4.800000E+0	 -2.730913E-10	 9.983627E-3	 1.670715E-6
4.600000E+0	 -2.835576E-10	 9.983392E-3	 1.667111E-6
4.400000E+0	 -2.975267E-10	 9.983394E-3	 1.664395E-6
4.200000E+0	 -3.087949E-10	 9.983858E-3	 1.663400E-6
4.000000E+0	 -3.250008E-10	 9.983968E-3	 1.663359E-6
3.800000E+0	 -3.160961E-10	 9.983392E-3	 1.664367E-6
3.600000E+0	 -3.488031E-10	 9.983049E-3	 1.666841E-6
3.400000E+0	 -3.543317E-10	 9.983975E-3	 1.670524E-6
3.200000E+0	 -3.585099E-10	 9.983512E-3	 1.675344E-6
3.000000E+0	 -3.601558E-10	 9.983506E-3	 1.681009E-6
2.800000E+0	 -3.697357E-10	 9.983741E-3	 1.690553E-6
2.600000E+0	 -3.821856E-10	 9.983851E-3	 1.698494E-6
2.400000E+0	 -4.064100E-10	 9.983968E-3	 1.707999E-6
2.200000E+0	 -4.088578E-10	 9.983623E-3	 1.718311E-6
2.000000E+0	 -4.337152E-10	 9.984203E-3	 1.729984E-6
1.800000E+0	 -4.296640E-10	 9.983968E-3	 1.741988E-6
1.600000E+0	 -4.316052E-10	 9.983740E-3	 1.754676E-6
1.400000E+0	 -4.382310E-10	 9.983844E-3	 1.769138E-6
1.200000E+0	 -4.532974E-10	 9.983966E-3	 1.783266E-6
1.000000E+0	 -4.576022E-10	 9.984433E-3	 1.799255E-6
8.000003E-1	 -4.762979E-10	 9.983966E-3	 1.816332E-6
6.000003E-1	 -4.863845E-10	 9.984205E-3	 1.832499E-6
4.000002E-1	 -4.793789E-10	 9.984086E-3	 1.850587E-6
2.000002E-1	 -5.023794E-10	 9.984316E-3	 1.868668E-6
2.235174E-7	 -5.094271E-10	 9.984088E-3	 1.887150E-6
-1.999998E-1	 -5.014087E-10	 9.984661E-3	 1.905144E-6
-3.999998E-1	 -5.434846E-10	 9.984547E-3	 1.926372E-6
-5.999998E-1	 -5.344955E-10	 9.984657E-3	 1.945442E-6
-7.999998E-1	 -5.412901E-10	 9.984088E-3	 1.966088E-6
-9.999998E-1	 -5.512500E-10	 9.984318E-3	 1.987519E-6
-1.200000E+0	 -5.548794E-10	 9.984429E-3	 2.007201E-6
-1.400000E+0	 -5.752634E-10	 9.984084E-3	 2.028206E-6
-1.600000E+0	 -5.849278E-10	 9.983744E-3	 2.049192E-6
-1.800000E+0	 -6.047633E-10	 9.983625E-3	 2.071092E-6
-2.000000E+0	 -6.183524E-10	 9.984541E-3	 2.092604E-6
-2.200000E+0	 -6.075908E-10	 9.984667E-3	 2.114716E-6
-2.400000E+0	 -6.293253E-10	 9.984780E-3	 2.137138E-6
-2.600000E+0	 -6.343052E-10	 9.984319E-3	 2.158891E-6
-2.800000E+0	 -6.511862E-10	 9.984900E-3	 2.180735E-6
-3.000000E+0	 -6.536340E-10	 9.984892E-3	 2.203291E-6
-3.200000E+0	 -6.477678E-10	 9.984426E-3	 2.224070E-6
-3.400000E+0	 -6.805596E-10	 9.984777E-3	 2.246727E-6
-3.600000E+0	 -6.948661E-10	 9.984316E-3	 2.269811E-6
-3.800000E+0	 -6.899286E-10	 9.984540E-3	 2.291900E-6
-4.000000E+0	 -7.168963E-10	 9.984552E-3	 2.314082E-6
-4.200000E+0	 -7.042772E-10	 9.984205E-3	 2.335597E-6
-4.400000E+0	 -7.298941E-10	 9.984205E-3	 2.358579E-6
-4.600000E+0	 -7.279106E-10	 9.984318E-3	 2.381143E-6
-4.800000E+0	 -7.395589E-10	 9.984081E-3	 2.402010E-6
-5.000000E+0	 -7.562289E-10	 9.984665E-3	 2.424086E-6
-5.200000E+0	 -7.636991E-10	 9.984321E-3	 2.445525E-6
-5.400000E+0	 -7.899073E-10	 9.983970E-3	 2.467568E-6
-5.600000E+0	 -7.781323E-10	 9.984088E-3	 2.489537E-6
-5.800000E+0	 -7.791027E-10	 9.984431E-3	 2.510948E-6
-6.000000E+0	 -7.885565E-10	 9.984547E-3	 2.532465E-6
-6.200000E+0	 -8.126120E-10	 9.984305E-3	 2.554214E-6
-6.400000E+0	 -8.281842E-10	 9.983507E-3	 2.575663E-6
-6.600000E+0	 -8.164521E-10	 9.984780E-3	 2.596681E-6
-6.800000E+0	 -8.373007E-10	 9.984205E-3	 2.618034E-6
-7.000000E+0	 -8.459944E-10	 9.984309E-3	 2.638556E-6
-7.200000E+0	 -8.643950E-10	 9.983957E-3	 2.660845E-6
-7.400000E+0	 -8.625377E-10	 9.984320E-3	 2.681795E-6
-7.600000E+0	 -8.776464E-10	 9.983973E-3	 2.702361E-6
-7.800000E+0	 -8.872684E-10	 9.983627E-3	 2.723495E-6
-8.000000E+0	 -8.995077E-10	 9.983854E-3	 2.743504E-6
-8.200000E+0	 -9.084966E-10	 9.983744E-3	 2.763851E-6
-8.400000E+0	 -9.155872E-10	 9.983973E-3	 2.783698E-6
-8.600000E+0	 -9.308641E-10	 9.984314E-3	 2.802933E-6
-8.800000E+0	 -9.293873E-10	 9.983853E-3	 2.823686E-6
-9.000000E+0	 -9.273189E-10	 9.983620E-3	 2.844805E-6
-9.200000E+0	 -9.596468E-10	 9.983968E-3	 2.865419E-6
-9.400000E+0	 -9.719698E-10	 9.984434E-3	 2.885029E-6
-9.600000E+0	 -9.865297E-10	 9.984432E-3	 2.904331E-6
-9.800000E+0	 -9.923958E-10	 9.983976E-3	 2.925525E-6
-1.000000E+1	 -9.963629E-10	 9.983731E-3	 2.945085E-6
-1.020000E+1	 -1.004086E-9	 9.983504E-3	 2.964479E-6
-1.040000E+1	 -1.016536E-9	 9.983512E-3	 2.983983E-6
-1.060000E+1	 -1.019490E-9	 9.983741E-3	 3.004825E-6
-1.080000E+1	 -1.029324E-9	 9.984200E-3	 3.022204E-6
-1.100000E+1	 -1.055109E-9	 9.983972E-3	 3.040972E-6
-1.120000E+1	 -1.049201E-9	 9.983625E-3	 3.059246E-6
-1.140000E+1	 -1.062157E-9	 9.983855E-3	 3.078279E-6
-1.160000E+1	 -1.082499E-9	 9.983159E-3	 3.096101E-6
-1.180000E+1	 -1.082542E-9	 9.983161E-3	 3.115658E-6
-1.200000E+1	 -1.088492E-9	 9.983851E-3	 3.133256E-6
-1.220000E+1	 -1.098157E-9	 9.983738E-3	 3.151024E-6
-1.240000E+1	 -1.112969E-9	 9.983855E-3	 3.169755E-6
-1.260000E+1	 -1.127698E-9	 9.983393E-3	 3.187501E-6
-1.280000E+1	 -1.115881E-9	 9.983622E-3	 3.204462E-6
-1.300000E+1	 -1.133015E-9	 9.983853E-3	 3.222250E-6
-1.320000E+1	 -1.146648E-9	 9.983389E-3	 3.239668E-6
-1.340000E+1	 -1.158211E-9	 9.983735E-3	 3.257260E-6
-1.360000E+1	 -1.167875E-9	 9.983853E-3	 3.273657E-6
-1.380000E+1	 -1.177498E-9	 9.983855E-3	 3.290166E-6
-1.400000E+1	 -1.194716E-9	 9.983735E-3	 3.308257E-6
-1.420000E+1	 -1.187289E-9	 9.983511E-3	 3.324998E-6
-1.440000E+1	 -1.217759E-9	 9.984086E-3	 3.342058E-6
-1.460000E+1	 -1.210795E-9	 9.983614E-3	 3.357196E-6
-1.480000E+1	 -1.230083E-9	 9.983738E-3	 3.373508E-6
-1.500000E+1	 -1.244431E-9	 9.983849E-3	 3.389181E-6
