-1.000000E+1	 -1.293942E-9	 9.982156E-3	 5.821921E-6
-9.800000E+0	 -1.028401E-9	 9.982860E-3	 5.784111E-6
-9.600000E+0	 -8.616137E-10	 9.982861E-3	 5.747646E-6
-9.400000E+0	 -7.631961E-10	 9.983202E-3	 5.712127E-6
-9.200000E+0	 -6.787899E-10	 9.983194E-3	 5.676765E-6
-9.000000E+0	 -6.095768E-10	 9.982625E-3	 5.639572E-6
-8.800000E+0	 -5.499016E-10	 9.982626E-3	 5.602732E-6
-8.600000E+0	 -4.939827E-10	 9.982855E-3	 5.565326E-6
-8.400000E+0	 -4.465043E-10	 9.982630E-3	 5.531729E-6
-8.200000E+0	 -4.017690E-10	 9.983432E-3	 5.498769E-6
-8.000000E+0	 -3.656854E-10	 9.983088E-3	 5.464613E-6
-7.800000E+0	 -3.292642E-10	 9.982971E-3	 5.429384E-6
-7.600000E+0	 -2.994265E-10	 9.982858E-3	 5.395696E-6
-7.400000E+0	 -2.679852E-10	 9.982974E-3	 5.363345E-6
-7.200000E+0	 -2.385275E-10	 9.982737E-3	 5.331043E-6
-7.000000E+0	 -2.198315E-10	 9.982393E-3	 5.298130E-6
-6.800000E+0	 -1.936656E-10	 9.982513E-3	 5.263153E-6
-6.600000E+0	 -1.631544E-10	 9.982049E-3	 5.232019E-6
-6.400000E+0	 -1.463586E-10	 9.982972E-3	 5.199287E-6
-6.200000E+0	 -1.263133E-10	 9.982280E-3	 5.166322E-6
-6.000000E+0	 -1.163540E-10	 9.982280E-3	 5.137057E-6
-5.800000E+0	 -9.179330E-11	 9.982399E-3	 5.107325E-6
-5.600000E+0	 -7.022881E-11	 9.982394E-3	 5.075156E-6
-5.400000E+0	 -5.056330E-11	 9.982283E-3	 5.046496E-6
-5.200000E+0	 -3.908480E-11	 9.982282E-3	 5.015328E-6
-5.000000E+0	 -1.967246E-11	 9.982396E-3	 4.984908E-6
-4.800000E+0	 -5.746278E-12	 9.982507E-3	 4.953538E-6
-4.600000E+0	 1.050092E-11	 9.981933E-3	 4.925712E-6
-4.400000E+0	 2.484910E-11	 9.982171E-3	 4.893333E-6
-4.200000E+0	 3.822674E-11	 9.982392E-3	 4.865217E-6
-4.000000E+0	 5.700590E-11	 9.982741E-3	 4.835800E-6
-3.800000E+0	 7.278891E-11	 9.982285E-3	 4.807996E-6
-3.600000E+0	 8.363457E-11	 9.982631E-3	 4.779112E-6
-3.400000E+0	 9.494427E-11	 9.982515E-3	 4.750291E-6
-3.200000E+0	 1.087438E-10	 9.982400E-3	 4.723102E-6
-3.000000E+0	 1.217838E-10	 9.982855E-3	 4.693306E-6
-2.800000E+0	 1.343174E-10	 9.982861E-3	 4.666180E-6
-2.600000E+0	 1.446143E-10	 9.982743E-3	 4.636555E-6
-2.400000E+0	 1.620855E-10	 9.982974E-3	 4.612965E-6
-2.200000E+0	 1.647018E-10	 9.982742E-3	 4.585107E-6
-2.000000E+0	 1.817511E-10	 9.982975E-3	 4.556221E-6
-1.800000E+0	 1.908241E-10	 9.982746E-3	 4.528506E-6
-1.600000E+0	 2.076202E-10	 9.983545E-3	 4.500441E-6
-1.400000E+0	 2.178746E-10	 9.983191E-3	 4.471542E-6
-1.200000E+0	 2.196472E-10	 9.983077E-3	 4.443861E-6
-9.999999E-1	 2.382996E-10	 9.983205E-3	 4.416538E-6
-7.999998E-1	 2.412114E-10	 9.982746E-3	 4.390585E-6
-5.999998E-1	 2.531540E-10	 9.983322E-3	 4.361480E-6
-3.999999E-1	 2.712584E-10	 9.983087E-3	 4.336426E-6
-1.999999E-1	 2.691903E-10	 9.982975E-3	 4.308411E-6
1.490116E-7	 2.869568E-10	 9.983659E-3	 4.282066E-6
2.000002E-1	 2.929495E-10	 9.983431E-3	 4.256197E-6
4.000002E-1	 3.021914E-10	 9.982855E-3	 4.228086E-6
6.000001E-1	 3.093235E-10	 9.982730E-3	 4.201007E-6
8.000002E-1	 3.212239E-10	 9.983204E-3	 4.176384E-6
1.000000E+0	 3.325761E-10	 9.982975E-3	 4.148237E-6
1.200000E+0	 3.329982E-10	 9.983428E-3	 4.121129E-6
1.400000E+0	 3.548580E-10	 9.983207E-3	 4.094861E-6
1.600000E+0	 3.558706E-10	 9.982512E-3	 4.069151E-6
1.800000E+0	 3.691640E-10	 9.983433E-3	 4.045854E-6
2.000000E+0	 3.762960E-10	 9.983315E-3	 4.019192E-6
2.200000E+0	 3.851998E-10	 9.982858E-3	 3.993342E-6
2.400000E+0	 4.004769E-10	 9.983438E-3	 3.965065E-6
2.600000E+0	 4.036834E-10	 9.983777E-3	 3.942150E-6
2.800000E+0	 4.136010E-10	 9.983435E-3	 3.914541E-6
3.000000E+0	 4.313677E-10	 9.983432E-3	 3.889870E-6
3.200000E+0	 4.276535E-10	 9.983895E-3	 3.866927E-6
3.400000E+0	 4.402294E-10	 9.983314E-3	 3.842845E-6
3.600000E+0	 4.547886E-10	 9.983554E-3	 3.818594E-6
3.800000E+0	 4.620892E-10	 9.982854E-3	 3.794843E-6
4.000000E+0	 4.790541E-10	 9.983199E-3	 3.770312E-6
4.200000E+0	 4.772394E-10	 9.983427E-3	 3.748244E-6
4.400000E+0	 4.944573E-10	 9.983784E-3	 3.723576E-6
4.600000E+0	 4.930228E-10	 9.983660E-3	 3.700277E-6
4.800000E+0	 5.089321E-10	 9.983552E-3	 3.675068E-6
5.000000E+0	 5.084677E-10	 9.983313E-3	 3.652455E-6
5.200000E+0	 5.232803E-10	 9.983322E-3	 3.629813E-6
5.400000E+0	 5.393589E-10	 9.983657E-3	 3.607726E-6
5.600000E+0	 5.395280E-10	 9.983422E-3	 3.585709E-6
5.800000E+0	 5.533695E-10	 9.983544E-3	 3.562063E-6
6.000000E+0	 5.560699E-10	 9.982976E-3	 3.540013E-6
6.200000E+0	 5.642571E-10	 9.982971E-3	 3.516430E-6
6.400000E+0	 5.753136E-10	 9.983208E-3	 3.492588E-6
6.600000E+0	 5.815171E-10	 9.982397E-3	 3.468410E-6
6.800000E+0	 5.910125E-10	 9.983199E-3	 3.446394E-6
7.000000E+0	 6.019424E-10	 9.982513E-3	 3.422121E-6
7.200000E+0	 6.110999E-10	 9.982164E-3	 3.398126E-6
7.400000E+0	 6.189496E-10	 9.982399E-3	 3.371352E-6
7.600000E+0	 6.293723E-10	 9.983201E-3	 3.348849E-6
7.800000E+0	 6.264183E-10	 9.983201E-3	 3.317139E-6
8.000000E+0	 6.408936E-10	 9.982746E-3	 3.291249E-6
8.200000E+0	 6.617824E-10	 9.982855E-3	 3.267696E-6
8.400001E+0	 6.657497E-10	 9.983090E-3	 3.244741E-6
8.600000E+0	 6.768483E-10	 9.982620E-3	 3.218322E-6
8.800000E+0	 6.869347E-10	 9.982975E-3	 3.192093E-6
9.000000E+0	 6.906060E-10	 9.983207E-3	 3.168697E-6
9.200001E+0	 6.925472E-10	 9.982854E-3	 3.141716E-6
9.400001E+0	 7.067257E-10	 9.982511E-3	 3.117180E-6
9.600000E+0	 7.116214E-10	 9.982164E-3	 3.091866E-6
9.800000E+0	 7.228893E-10	 9.982858E-3	 3.065675E-6
1.000000E+1	 7.257164E-10	 9.982967E-3	 3.040104E-6
9.800000E+0	 4.566456E-10	 9.982974E-3	 3.090491E-6
9.600000E+0	 3.757893E-10	 9.982391E-3	 3.139499E-6
9.400001E+0	 3.207172E-10	 9.982739E-3	 3.189388E-6
9.200001E+0	 2.731573E-10	 9.983088E-3	 3.233557E-6
9.000000E+0	 2.315899E-10	 9.982732E-3	 3.280711E-6
8.800000E+0	 1.956771E-10	 9.982617E-3	 3.323136E-6
8.600000E+0	 1.643219E-10	 9.982742E-3	 3.366068E-6
8.400001E+0	 1.382844E-10	 9.982742E-3	 3.407504E-6
8.200000E+0	 1.112760E-10	 9.982396E-3	 3.447608E-6
8.000000E+0	 8.696821E-11	 9.982974E-3	 3.487720E-6
7.800000E+0	 6.662756E-11	 9.982279E-3	 3.525671E-6
7.600000E+0	 4.645589E-11	 9.982973E-3	 3.565602E-6
7.400000E+0	 2.075574E-11	 9.982856E-3	 3.601141E-6
7.200000E+0	 1.113389E-11	 9.982974E-3	 3.638085E-6
7.000000E+0	 -1.182313E-11	 9.982627E-3	 3.672500E-6
6.800000E+0	 -3.241693E-11	 9.982282E-3	 3.709306E-6
6.600000E+0	 -4.381119E-11	 9.982269E-3	 3.743405E-6
6.400000E+0	 -6.495372E-11	 9.982860E-3	 3.776964E-6
6.200000E+0	 -8.250919E-11	 9.983202E-3	 3.810200E-6
6.000000E+0	 -9.369226E-11	 9.982399E-3	 3.841259E-6
5.800000E+0	 -1.093065E-10	 9.982858E-3	 3.874620E-6
5.600000E+0	 -1.174934E-10	 9.982975E-3	 3.906814E-6
5.400000E+0	 -1.340360E-10	 9.982857E-3	 3.937798E-6
5.200000E+0	 -1.660663E-10	 9.983087E-3	 3.967003E-6
5.000000E+0	 -1.690203E-10	 9.983091E-3	 3.998862E-6
4.800000E+0	 -1.800769E-10	 9.982857E-3	 4.027714E-6
4.600000E+0	 -1.978437E-10	 9.983201E-3	 4.059126E-6
4.400000E+0	 -2.025705E-10	 9.982967E-3	 4.089453E-6
4.200000E+0	 -2.162021E-10	 9.983429E-3	 4.117095E-6
4.000000E+0	 -2.301713E-10	 9.983316E-3	 4.146582E-6
3.800000E+0	 -2.409752E-10	 9.982855E-3	 4.175492E-6
3.600000E+0	 -2.524967E-10	 9.982510E-3	 4.206170E-6
3.400000E+0	 -2.676054E-10	 9.983194E-3	 4.234850E-6
3.200000E+0	 -2.798444E-10	 9.982854E-3	 4.264393E-6
3.000000E+0	 -2.880317E-10	 9.982973E-3	 4.294178E-6
2.800000E+0	 -3.021276E-10	 9.982742E-3	 4.321490E-6
2.600000E+0	 -3.054616E-10	 9.982619E-3	 4.352270E-6
2.400000E+0	 -3.224273E-10	 9.982853E-3	 4.381232E-6
2.200000E+0	 -3.271118E-10	 9.982970E-3	 4.410424E-6
2.000000E+0	 -3.379158E-10	 9.982740E-3	 4.440249E-6
1.800000E+0	 -3.440353E-10	 9.982740E-3	 4.467747E-6
1.600000E+0	 -3.559788E-10	 9.982511E-3	 4.495028E-6
1.400000E+0	 -3.678378E-10	 9.982626E-3	 4.523996E-6
1.200000E+0	 -3.772913E-10	 9.982856E-3	 4.551609E-6
1.000000E+0	 -3.891503E-10	 9.982042E-3	 4.578987E-6
8.000002E-1	 -3.973800E-10	 9.982849E-3	 4.604125E-6
6.000001E-1	 -4.144721E-10	 9.983657E-3	 4.633284E-6
4.000002E-1	 -4.144301E-10	 9.984011E-3	 4.660227E-6
2.000002E-1	 -4.275130E-10	 9.983428E-3	 4.688342E-6
1.490116E-7	 -4.360802E-10	 9.983425E-3	 4.713055E-6
-1.999999E-1	 -4.462932E-10	 9.983549E-3	 4.740132E-6
-3.999999E-1	 -4.565908E-10	 9.983084E-3	 4.766572E-6
-5.999998E-1	 -4.706865E-10	 9.983197E-3	 4.793657E-6
-7.999998E-1	 -4.754553E-10	 9.982967E-3	 4.818394E-6
-9.999999E-1	 -4.867661E-10	 9.982623E-3	 4.842938E-6
-1.200000E+0	 -4.906908E-10	 9.983204E-3	 4.869838E-6
-1.400000E+0	 -5.029298E-10	 9.983197E-3	 4.892761E-6
-1.600000E+0	 -5.047865E-10	 9.982726E-3	 4.922303E-6
-1.800000E+0	 -5.159284E-10	 9.983318E-3	 4.944182E-6
-2.000000E+0	 -5.360170E-10	 9.982395E-3	 4.972158E-6
-2.200000E+0	 -5.420518E-10	 9.982510E-3	 4.995893E-6
-2.400000E+0	 -5.624360E-10	 9.983091E-3	 5.023702E-6
-2.600000E+0	 -5.714675E-10	 9.983315E-3	 5.048227E-6
-2.800000E+0	 -5.895724E-10	 9.983432E-3	 5.073235E-6
-3.000000E+0	 -5.933705E-10	 9.982968E-3	 5.094656E-6
-3.200000E+0	 -5.916826E-10	 9.982274E-3	 5.119097E-6
-3.400000E+0	 -6.070024E-10	 9.983086E-3	 5.141531E-6
-3.600000E+0	 -6.186927E-10	 9.982856E-3	 5.163714E-6
-3.800000E+0	 -6.167093E-10	 9.983317E-3	 5.188353E-6
-4.000000E+0	 -6.335908E-10	 9.982853E-3	 5.210796E-6
-4.200000E+0	 -6.350676E-10	 9.983319E-3	 5.232814E-6
-4.400000E+0	 -6.450694E-10	 9.982622E-3	 5.255017E-6
-4.600000E+0	 -6.500495E-10	 9.983086E-3	 5.276951E-6
-4.800000E+0	 -6.576463E-10	 9.983316E-3	 5.298802E-6
-5.000000E+0	 -6.708136E-10	 9.982960E-3	 5.320081E-6
-5.200000E+0	 -6.759626E-10	 9.982733E-3	 5.341469E-6
-5.400000E+0	 -6.767645E-10	 9.982968E-3	 5.361194E-6
-5.600000E+0	 -6.906492E-10	 9.983317E-3	 5.385130E-6
-5.800000E+0	 -7.017905E-10	 9.982736E-3	 5.405164E-6
-6.000000E+0	 -7.104425E-10	 9.983087E-3	 5.425939E-6
-6.200000E+0	 -7.140297E-10	 9.982968E-3	 5.446503E-6
-6.400000E+0	 -7.231032E-10	 9.983315E-3	 5.467860E-6
-6.600000E+0	 -7.247912E-10	 9.983086E-3	 5.487196E-6
-6.800000E+0	 -7.447534E-10	 9.982740E-3	 5.505177E-6
-7.000000E+0	 -7.496910E-10	 9.983198E-3	 5.525851E-6
-7.200000E+0	 -7.535737E-10	 9.983313E-3	 5.546631E-6
-7.400000E+0	 -7.675006E-10	 9.983191E-3	 5.565528E-6
-7.600000E+0	 -7.734091E-10	 9.982620E-3	 5.585721E-6
-7.800000E+0	 -7.831584E-10	 9.983664E-3	 5.605164E-6
-8.000000E+0	 -7.948481E-10	 9.983662E-3	 5.623277E-6
-8.200000E+0	 -7.916407E-10	 9.983433E-3	 5.643677E-6
-8.400000E+0	 -8.078045E-10	 9.982971E-3	 5.661766E-6
-8.600000E+0	 -8.139667E-10	 9.983314E-3	 5.680164E-6
-8.800000E+0	 -8.256147E-10	 9.983196E-3	 5.699639E-6
-9.000000E+0	 -8.304254E-10	 9.983650E-3	 5.716408E-6
-9.200000E+0	 -8.336751E-10	 9.982616E-3	 5.737619E-6
-9.400000E+0	 -8.508521E-10	 9.983318E-3	 5.752236E-6
-9.600000E+0	 -8.568444E-10	 9.983435E-3	 5.770882E-6
-9.800000E+0	 -8.642725E-10	 9.983431E-3	 5.789823E-6
-1.000000E+1	 -8.706452E-10	 9.983088E-3	 5.808834E-6
-9.800000E+0	 -5.966205E-10	 9.982853E-3	 5.775433E-6
-9.600000E+0	 -5.178696E-10	 9.982393E-3	 5.742317E-6
-9.400000E+0	 -4.637654E-10	 9.982388E-3	 5.709663E-6
-9.200000E+0	 -4.173840E-10	 9.982625E-3	 5.673293E-6
-9.000000E+0	 -3.806674E-10	 9.982622E-3	 5.643774E-6
-8.800000E+0	 -3.401525E-10	 9.982856E-3	 5.610642E-6
-8.600000E+0	 -3.131847E-10	 9.982970E-3	 5.578616E-6
-8.400000E+0	 -2.813214E-10	 9.983431E-3	 5.546997E-6
-8.200000E+0	 -2.519058E-10	 9.982737E-3	 5.514630E-6
-8.000000E+0	 -2.292006E-10	 9.983081E-3	 5.480600E-6
-7.800000E+0	 -2.100826E-10	 9.983432E-3	 5.451644E-6
-7.600000E+0	 -1.865335E-10	 9.982964E-3	 5.420455E-6
-7.400000E+0	 -1.631122E-10	 9.982735E-3	 5.389669E-6
-7.200000E+0	 -1.493971E-10	 9.982968E-3	 5.357990E-6
-7.000000E+0	 -1.225575E-10	 9.982849E-3	 5.329506E-6
-6.800000E+0	 -1.166072E-10	 9.982506E-3	 5.298909E-6
-6.600000E+0	 -9.533815E-11	 9.982847E-3	 5.266573E-6
-6.400000E+0	 -8.698246E-11	 9.982624E-3	 5.238808E-6
-6.200000E+0	 -5.579616E-11	 9.983311E-3	 5.207293E-6
-6.000000E+0	 -4.043522E-11	 9.982972E-3	 5.178116E-6
-5.800000E+0	 -2.591827E-11	 9.982279E-3	 5.147560E-6
-5.600000E+0	 -1.140120E-11	 9.982972E-3	 5.117889E-6
-5.400000E+0	 -1.335876E-13	 9.983083E-3	 5.088477E-6
-5.200000E+0	 1.602914E-11	 9.983432E-3	 5.056630E-6
-5.000000E+0	 3.092590E-11	 9.983545E-3	 5.028917E-6
-4.800000E+0	 4.008359E-11	 9.982968E-3	 4.998348E-6
-4.600000E+0	 5.206863E-11	 9.982856E-3	 4.969535E-6
-4.400000E+0	 6.236528E-11	 9.983429E-3	 4.938864E-6
-4.200000E+0	 7.599610E-11	 9.982498E-3	 4.911543E-6
-4.000000E+0	 9.418455E-11	 9.983310E-3	 4.881639E-6
-3.800000E+0	 1.016120E-10	 9.983317E-3	 4.851409E-6
-3.600000E+0	 1.140611E-10	 9.983201E-3	 4.823803E-6
-3.400000E+0	 1.265101E-10	 9.982853E-3	 4.793783E-6
-3.200000E+0	 1.374823E-10	 9.984126E-3	 4.764412E-6
-3.000000E+0	 1.446145E-10	 9.983665E-3	 4.736531E-6
-2.800000E+0	 1.533920E-10	 9.983078E-3	 4.706873E-6
-2.600000E+0	 1.716648E-10	 9.983896E-3	 4.681103E-6
-2.400000E+0	 1.757161E-10	 9.983202E-3	 4.651276E-6
-2.200000E+0	 1.919633E-10	 9.983428E-3	 4.623292E-6
-2.000000E+0	 2.018381E-10	 9.983318E-3	 4.594402E-6
-1.800000E+0	 2.094344E-10	 9.983659E-3	 4.565097E-6
-1.600000E+0	 2.256392E-10	 9.983426E-3	 4.537254E-6
-1.400000E+0	 2.244577E-10	 9.983084E-3	 4.509686E-6
-1.200000E+0	 2.428572E-10	 9.983542E-3	 4.478894E-6
-9.999999E-1	 2.512972E-10	 9.983088E-3	 4.453433E-6
-7.999998E-1	 2.611722E-10	 9.983659E-3	 4.425183E-6
-5.999998E-1	 2.749718E-10	 9.983428E-3	 4.396283E-6
-3.999999E-1	 2.769550E-10	 9.983779E-3	 4.368531E-6
-1.999999E-1	 2.880536E-10	 9.983432E-3	 4.341747E-6
1.490116E-7	 3.008409E-10	 9.983542E-3	 4.311063E-6
2.000002E-1	 3.060318E-10	 9.983542E-3	 4.285244E-6
4.000002E-1	 3.115599E-10	 9.983319E-3	 4.256738E-6
6.000001E-1	 3.228697E-10	 9.983314E-3	 4.228189E-6
8.000002E-1	 3.299170E-10	 9.983203E-3	 4.200878E-6
1.000000E+0	 3.403827E-10	 9.983308E-3	 4.175281E-6
1.200000E+0	 3.477259E-10	 9.983548E-3	 4.148070E-6
1.400000E+0	 3.603861E-10	 9.983662E-3	 4.118933E-6
1.600000E+0	 3.700923E-10	 9.983428E-3	 4.093945E-6
1.800000E+0	 3.842294E-10	 9.983079E-3	 4.067403E-6
2.000000E+0	 3.862550E-10	 9.983081E-3	 4.039592E-6
2.200000E+0	 3.982819E-10	 9.983087E-3	 4.012622E-6
2.400000E+0	 4.097185E-10	 9.983198E-3	 3.986027E-6
2.600000E+0	 4.183695E-10	 9.983549E-3	 3.957902E-6
2.800000E+0	 4.258816E-10	 9.983196E-3	 3.932286E-6
3.000000E+0	 4.353765E-10	 9.983550E-3	 3.905551E-6
3.200000E+0	 4.446609E-10	 9.983550E-3	 3.880425E-6
3.400000E+0	 4.533116E-10	 9.983771E-3	 3.856779E-6
3.600000E+0	 4.607392E-10	 9.983316E-3	 3.831310E-6
3.800000E+0	 4.663938E-10	 9.984007E-3	 3.806012E-6
4.000000E+0	 4.788008E-10	 9.983540E-3	 3.782072E-6
4.200000E+0	 4.872411E-10	 9.983664E-3	 3.758532E-6
4.400000E+0	 4.964830E-10	 9.983665E-3	 3.732343E-6
4.600000E+0	 5.031506E-10	 9.983665E-3	 3.706613E-6
4.800000E+0	 5.087207E-10	 9.983309E-3	 3.683178E-6
5.000000E+0	 5.234492E-10	 9.983550E-3	 3.660548E-6
5.200000E+0	 5.291039E-10	 9.983195E-3	 3.635447E-6
5.400000E+0	 5.336194E-10	 9.983778E-3	 3.611249E-6
5.600000E+0	 5.486007E-10	 9.983319E-3	 3.588715E-6
5.800000E+0	 5.525675E-10	 9.983425E-3	 3.564583E-6
6.000000E+0	 5.617673E-10	 9.983780E-3	 3.539122E-6
6.200000E+0	 5.667046E-10	 9.983895E-3	 3.517367E-6
6.400000E+0	 5.846822E-10	 9.983776E-3	 3.493120E-6
6.600000E+0	 5.905481E-10	 9.984002E-3	 3.469112E-6
6.800000E+0	 6.012673E-10	 9.984126E-3	 3.444555E-6
7.000000E+0	 6.081455E-10	 9.983771E-3	 3.420311E-6
7.200000E+0	 6.057824E-10	 9.984010E-3	 3.392575E-6
7.400000E+0	 6.241820E-10	 9.983893E-3	 3.364890E-6
7.600000E+0	 6.446489E-10	 9.983652E-3	 3.340967E-6
7.800000E+0	 6.466326E-10	 9.983545E-3	 3.314510E-6
8.000000E+0	 6.517809E-10	 9.984003E-3	 3.290339E-6
8.200000E+0	 6.569713E-10	 9.983665E-3	 3.258922E-6
8.400001E+0	 6.703071E-10	 9.983541E-3	 3.233201E-6
8.600000E+0	 6.906893E-10	 9.983087E-3	 3.206631E-6
8.800000E+0	 6.885373E-10	 9.983435E-3	 3.181968E-6
9.000000E+0	 7.013248E-10	 9.983085E-3	 3.155873E-6
9.200001E+0	 7.018306E-10	 9.983538E-3	 3.128134E-6
9.400001E+0	 7.143647E-10	 9.983550E-3	 3.104225E-6
9.600000E+0	 7.225513E-10	 9.983783E-3	 3.077275E-6
9.800000E+0	 7.260963E-10	 9.983419E-3	 3.053926E-6
1.000000E+1	 7.401071E-10	 9.983542E-3	 3.026414E-6
9.800000E+0	 4.673640E-10	 9.983548E-3	 3.074643E-6
9.600000E+0	 3.803471E-10	 9.983319E-3	 3.121829E-6
9.400001E+0	 3.315206E-10	 9.984010E-3	 3.168215E-6
9.200001E+0	 2.862395E-10	 9.983772E-3	 3.214175E-6
9.000000E+0	 2.409583E-10	 9.983662E-3	 3.258397E-6
8.800000E+0	 2.891932E-10	 9.983545E-3	 3.299428E-6
8.600000E+0	 1.798941E-10	 9.983660E-3	 3.341409E-6
8.400001E+0	 1.437704E-10	 9.983539E-3	 3.382072E-6
8.200000E+0	 1.134284E-10	 9.983894E-3	 3.421542E-6
8.000000E+0	 8.954251E-11	 9.983545E-3	 3.462043E-6
7.800000E+0	 6.629020E-11	 9.984011E-3	 3.498385E-6
7.600000E+0	 4.991627E-11	 9.984003E-3	 3.536488E-6
7.400000E+0	 2.860504E-11	 9.983890E-3	 3.573847E-6
7.200000E+0	 4.803810E-12	 9.983196E-3	 3.609293E-6
7.000000E+0	 -8.404916E-12	 9.983202E-3	 3.642714E-6
6.800000E+0	 -2.735299E-11	 9.982623E-3	 3.676456E-6
6.600000E+0	 -4.410650E-11	 9.982853E-3	 3.710603E-6
6.400000E+0	 -6.364551E-11	 9.983201E-3	 3.742066E-6
6.200000E+0	 -7.394232E-11	 9.982963E-3	 3.775325E-6
6.000000E+0	 -8.651814E-11	 9.983546E-3	 3.807827E-6
5.800000E+0	 -1.079139E-10	 9.983080E-3	 3.839179E-6
5.600000E+0	 -1.308288E-10	 9.983201E-3	 3.868338E-6
5.400000E+0	 -1.356818E-10	 9.983076E-3	 3.899767E-6
5.200000E+0	 -1.545455E-10	 9.983193E-3	 3.928655E-6
5.000000E+0	 -1.641250E-10	 9.983303E-3	 3.960076E-6
4.800000E+0	 -1.802879E-10	 9.983775E-3	 3.990072E-6
4.600000E+0	 -1.875042E-10	 9.983080E-3	 4.021033E-6
4.400000E+0	 -2.027393E-10	 9.983540E-3	 4.051667E-6
4.200000E+0	 -2.103358E-10	 9.982961E-3	 4.078968E-6
4.000000E+0	 -2.255711E-10	 9.983081E-3	 4.109880E-6
3.800000E+0	 -2.363751E-10	 9.982853E-3	 4.138103E-6
3.600000E+0	 -2.505554E-10	 9.982506E-3	 4.168877E-6
3.400000E+0	 -2.599245E-10	 9.983199E-3	 4.195691E-6
3.200000E+0	 -2.761727E-10	 9.982847E-3	 4.223621E-6
3.000000E+0	 -2.870189E-10	 9.982849E-3	 4.254067E-6
2.800000E+0	 -2.911548E-10	 9.982970E-3	 4.282877E-6
2.600000E+0	 -3.068542E-10	 9.982739E-3	 4.309564E-6
2.400000E+0	 -3.115810E-10	 9.982729E-3	 4.338796E-6
2.200000E+0	 -3.218365E-10	 9.982851E-3	 4.367234E-6
2.000000E+0	 -3.398572E-10	 9.983081E-3	 4.393904E-6
1.800000E+0	 -3.508299E-10	 9.982968E-3	 4.421822E-6
1.600000E+0	 -3.604945E-10	 9.983316E-3	 4.450576E-6
1.400000E+0	 -3.676690E-10	 9.983201E-3	 4.479021E-6
1.200000E+0	 -3.743793E-10	 9.983660E-3	 4.506216E-6
1.000000E+0	 -3.852255E-10	 9.983545E-3	 4.535855E-6
8.000002E-1	 -3.930754E-10	 9.982726E-3	 4.561212E-6
6.000001E-1	 -4.102097E-10	 9.982620E-3	 4.587044E-6
4.000002E-1	 -4.142190E-10	 9.982268E-3	 4.615281E-6
2.000002E-1	 -4.255716E-10	 9.982739E-3	 4.640575E-6
1.490116E-7	 -4.371352E-10	 9.983081E-3	 4.666620E-6
-1.999999E-1	 -4.490785E-10	 9.982849E-3	 4.692996E-6
-3.999999E-1	 -4.532567E-10	 9.982728E-3	 4.718529E-6
-5.999998E-1	 -4.722904E-10	 9.982849E-3	 4.744369E-6
-7.999998E-1	 -4.771859E-10	 9.982968E-3	 4.770005E-6
-9.999999E-1	 -4.843604E-10	 9.983084E-3	 4.796403E-6
-1.200000E+0	 -4.908596E-10	 9.983084E-3	 4.820829E-6
-1.400000E+0	 -5.062216E-10	 9.982725E-3	 4.843759E-6
-1.600000E+0	 -5.096823E-10	 9.983080E-3	 4.869540E-6
-1.800000E+0	 -5.243689E-10	 9.983312E-3	 4.893610E-6
-2.000000E+0	 -5.369877E-10	 9.982967E-3	 4.917293E-6
-2.200000E+0	 -5.360169E-10	 9.983662E-3	 4.943138E-6
-2.400000E+0	 -5.498594E-10	 9.983659E-3	 4.967356E-6
-2.600000E+0	 -5.550085E-10	 9.983546E-3	 4.990146E-6
-2.800000E+0	 -5.638709E-10	 9.983546E-3	 5.014898E-6
-3.000000E+0	 -5.712565E-10	 9.984007E-3	 5.037648E-6
-3.200000E+0	 -5.829889E-10	 9.983772E-3	 5.061514E-6
-3.400000E+0	 -5.975913E-10	 9.983544E-3	 5.083215E-6
-3.600000E+0	 -6.000390E-10	 9.983428E-3	 5.104656E-6
-3.800000E+0	 -6.074244E-10	 9.982730E-3	 5.128672E-6
-4.000000E+0	 -6.201701E-10	 9.982963E-3	 5.150059E-6
-4.200000E+0	 -6.267536E-10	 9.982497E-3	 5.172250E-6
-4.400000E+0	 -6.363757E-10	 9.983071E-3	 5.194507E-6
-4.600000E+0	 -6.480661E-10	 9.983197E-3	 5.216910E-6
-4.800000E+0	 -6.562113E-10	 9.982849E-3	 5.237687E-6
-5.000000E+0	 -6.685766E-10	 9.983310E-3	 5.259661E-6
-5.200000E+0	 -6.681970E-10	 9.982963E-3	 5.279022E-6
-5.400000E+0	 -6.834743E-10	 9.982963E-3	 5.298619E-6
-5.600000E+0	 -6.884120E-10	 9.983195E-3	 5.318869E-6
-5.800000E+0	 -7.019594E-10	 9.983196E-3	 5.341592E-6
-6.000000E+0	 -7.007774E-10	 9.983885E-3	 5.362047E-6
-6.200000E+0	 -7.155910E-10	 9.982735E-3	 5.381689E-6
-6.400000E+0	 -7.247911E-10	 9.982729E-3	 5.403167E-6
-6.600000E+0	 -7.277874E-10	 9.983308E-3	 5.423130E-6
-6.800000E+0	 -7.442046E-10	 9.983426E-3	 5.445344E-6
-7.000000E+0	 -7.434454E-10	 9.983313E-3	 5.465727E-6
-7.200000E+0	 -7.596507E-10	 9.984007E-3	 5.484163E-6
-7.400000E+0	 -7.586798E-10	 9.983773E-3	 5.502202E-6
-7.600000E+0	 -7.717210E-10	 9.983538E-3	 5.522930E-6
-7.800000E+0	 -7.767434E-10	 9.983658E-3	 5.541581E-6
-8.000000E+0	 -7.873363E-10	 9.983313E-3	 5.559406E-6
-8.200000E+0	 -7.984775E-10	 9.983654E-3	 5.578092E-6
-8.400000E+0	 -8.043437E-10	 9.983308E-3	 5.598674E-6
-8.600000E+0	 -8.141773E-10	 9.983197E-3	 5.615886E-6
-8.800000E+0	 -8.189883E-10	 9.983536E-3	 5.634087E-6
-9.000000E+0	 -8.330000E-10	 9.983426E-3	 5.653021E-6
-9.200000E+0	 -8.378531E-10	 9.982852E-3	 5.670882E-6
-9.400000E+0	 -8.446898E-10	 9.984003E-3	 5.689240E-6
-9.600000E+0	 -8.566753E-10	 9.983545E-3	 5.709243E-6
-9.800000E+0	 -8.635972E-10	 9.983653E-3	 5.724104E-6
-1.000000E+1	 -8.715735E-10	 9.983659E-3	 5.740768E-6
-9.800000E+0	 -5.982663E-10	 9.983772E-3	 5.710820E-6
-9.600000E+0	 -5.158017E-10	 9.983872E-3	 5.677036E-6
-9.400000E+0	 -4.636808E-10	 9.984123E-3	 5.644818E-6
-9.200000E+0	 -4.130795E-10	 9.983191E-3	 5.611463E-6
-9.000000E+0	 -3.893613E-10	 9.983305E-3	 5.582755E-6
-8.800000E+0	 -3.542905E-10	 9.983194E-3	 5.548657E-6
-8.600000E+0	 -3.049128E-10	 9.983659E-3	 5.514140E-6
-8.400000E+0	 -2.853729E-10	 9.983775E-3	 5.483580E-6
-8.200000E+0	 -2.512728E-10	 9.983427E-3	 5.452152E-6
-8.000000E+0	 -2.405532E-10	 9.983663E-3	 5.423396E-6
-7.800000E+0	 -2.125726E-10	 9.983313E-3	 5.391543E-6
-7.600000E+0	 -1.788530E-10	 9.983313E-3	 5.361513E-6
-7.400000E+0	 -1.630278E-10	 9.983773E-3	 5.329191E-6
-7.200000E+0	 -1.439110E-10	 9.983653E-3	 5.300119E-6
-7.000000E+0	 -1.298160E-10	 9.983427E-3	 5.267124E-6
-6.800000E+0	 -1.115432E-10	 9.983429E-3	 5.236662E-6
-6.600000E+0	 -9.027410E-11	 9.983541E-3	 5.205090E-6
-6.400000E+0	 -7.761396E-11	 9.983889E-3	 5.174636E-6
-6.200000E+0	 -6.335012E-11	 9.983538E-3	 5.143068E-6
-6.000000E+0	 -4.288292E-11	 9.983773E-3	 5.112815E-6
-5.800000E+0	 -2.937871E-11	 9.983654E-3	 5.081904E-6
-5.600000E+0	 -1.570570E-11	 9.983892E-3	 5.052124E-6
-5.400000E+0	 -6.083939E-12	 9.983651E-3	 5.022770E-6
-5.200000E+0	 1.539607E-11	 9.983422E-3	 4.992289E-6
-5.000000E+0	 2.050239E-11	 9.984231E-3	 4.963548E-6
-4.800000E+0	 4.134951E-11	 9.983421E-3	 4.935016E-6
-4.600000E+0	 4.843922E-11	 9.983890E-3	 4.905715E-6
-4.400000E+0	 6.274517E-11	 9.984000E-3	 4.877108E-6
-4.200000E+0	 8.194645E-11	 9.983652E-3	 4.845836E-6
-4.000000E+0	 8.836079E-11	 9.983548E-3	 4.815637E-6
-3.800000E+0	 1.016120E-10	 9.983081E-3	 4.785772E-6
-3.600000E+0	 1.132169E-10	 9.983429E-3	 4.757402E-6
-3.400000E+0	 1.249066E-10	 9.982964E-3	 4.728221E-6
-3.200000E+0	 1.372290E-10	 9.983197E-3	 4.699256E-6
-3.000000E+0	 1.453316E-10	 9.983196E-3	 4.668457E-6
-2.800000E+0	 1.575275E-10	 9.983191E-3	 4.641176E-6
-2.600000E+0	 1.698922E-10	 9.983528E-3	 4.612623E-6
-2.400000E+0	 1.790919E-10	 9.982966E-3	 4.582727E-6
-2.200000E+0	 1.907393E-10	 9.983080E-3	 4.553968E-6
-2.000000E+0	 1.991795E-10	 9.982732E-3	 4.522134E-6
-1.800000E+0	 2.113757E-10	 9.982736E-3	 4.493936E-6
-1.600000E+0	 2.183388E-10	 9.983199E-3	 4.468453E-6
-1.400000E+0	 2.262300E-10	 9.983315E-3	 4.440079E-6
-1.200000E+0	 2.396500E-10	 9.983308E-3	 4.410827E-6
-9.999999E-1	 2.531961E-10	 9.983202E-3	 4.383125E-6
-7.999998E-1	 2.576694E-10	 9.983545E-3	 4.353444E-6
-5.999998E-1	 2.675868E-10	 9.983542E-3	 4.324806E-6
-3.999999E-1	 2.773348E-10	 9.983776E-3	 4.297441E-6
-1.999999E-1	 2.864928E-10	 9.983540E-3	 4.268038E-6
1.490116E-7	 2.932868E-10	 9.983312E-3	 4.240287E-6
2.000002E-1	 3.043858E-10	 9.983198E-3	 4.213974E-6
4.000002E-1	 3.130790E-10	 9.983769E-3	 4.184389E-6
6.000001E-1	 3.182274E-10	 9.983662E-3	 4.156688E-6
8.000002E-1	 3.319005E-10	 9.983541E-3	 4.127804E-6
1.000000E+0	 3.414379E-10	 9.983314E-3	 4.100114E-6
1.200000E+0	 3.493714E-10	 9.983657E-3	 4.074164E-6
1.400000E+0	 3.565458E-10	 9.983429E-3	 4.046795E-6
1.600000E+0	 3.733835E-10	 9.984008E-3	 4.018696E-6
1.800000E+0	 3.726241E-10	 9.983085E-3	 3.991694E-6
2.000000E+0	 3.863815E-10	 9.983314E-3	 3.963011E-6
2.200000E+0	 3.938930E-10	 9.983084E-3	 3.935839E-6
2.400000E+0	 4.060891E-10	 9.983309E-3	 3.910425E-6
2.600000E+0	 4.079035E-10	 9.983317E-3	 3.880201E-6
2.800000E+0	 4.192978E-10	 9.983546E-3	 3.852259E-6
3.000000E+0	 4.425504E-10	 9.983086E-3	 3.827051E-6
3.200000E+0	 4.479940E-10	 9.983542E-3	 3.800521E-6
3.400000E+0	 4.573625E-10	 9.982967E-3	 3.776190E-6
3.600000E+0	 4.593039E-10	 9.983656E-3	 3.750240E-6
3.800000E+0	 4.740742E-10	 9.983317E-3	 3.727398E-6
4.000000E+0	 4.817125E-10	 9.983198E-3	 3.703269E-6
4.200000E+0	 4.863968E-10	 9.983198E-3	 3.677197E-6
4.400000E+0	 4.988878E-10	 9.982844E-3	 3.652029E-6
4.600000E+0	 5.097758E-10	 9.983549E-3	 3.628591E-6
4.800000E+0	 5.125609E-10	 9.982970E-3	 3.604641E-6
5.000000E+0	 5.214655E-10	 9.983305E-3	 3.580315E-6
5.200000E+0	 5.310026E-10	 9.983081E-3	 3.555270E-6
5.400000E+0	 5.408358E-10	 9.983420E-3	 3.531426E-6
5.600000E+0	 5.522715E-10	 9.983316E-3	 3.507058E-6
5.800000E+0	 5.549727E-10	 9.983893E-3	 3.481969E-6
6.000000E+0	 5.678014E-10	 9.983305E-3	 3.459230E-6
6.200000E+0	 5.646791E-10	 9.982853E-3	 3.434617E-6
6.400000E+0	 5.872980E-10	 9.983431E-3	 3.410066E-6
6.600000E+0	 5.881849E-10	 9.983542E-3	 3.384745E-6
6.800000E+0	 5.990718E-10	 9.983545E-3	 3.360698E-6
7.000000E+0	 6.056975E-10	 9.983307E-3	 3.334505E-6
7.200000E+0	 6.102130E-10	 9.983309E-3	 3.309333E-6
7.400000E+0	 6.246038E-10	 9.983199E-3	 3.283360E-6
7.600000E+0	 6.321574E-10	 9.983546E-3	 3.256872E-6
7.800000E+0	 6.367569E-10	 9.983659E-3	 3.230542E-6
8.000000E+0	 6.419056E-10	 9.983310E-3	 3.206485E-6
8.200000E+0	 6.526245E-10	 9.983198E-3	 3.179329E-6
8.400001E+0	 6.659602E-10	 9.983653E-3	 3.153578E-6
8.600000E+0	 6.695897E-10	 9.983548E-3	 3.126462E-6
8.800000E+0	 6.771426E-10	 9.983431E-3	 3.101674E-6
9.000000E+0	 6.919556E-10	 9.983542E-3	 3.074745E-6
9.200001E+0	 6.877359E-10	 9.982732E-3	 3.047560E-6
9.400001E+0	 7.023370E-10	 9.982737E-3	 3.021463E-6
9.600000E+0	 7.113262E-10	 9.982853E-3	 2.996715E-6
9.800000E+0	 7.207370E-10	 9.982617E-3	 2.970878E-6
1.000000E+1	 7.275732E-10	 9.982499E-3	 2.944643E-6
9.800000E+0	 4.508637E-10	 9.983201E-3	 2.992620E-6
9.600000E+0	 3.778571E-10	 9.983312E-3	 3.037615E-6
9.400001E+0	 3.211394E-10	 9.983310E-3	 3.082837E-6
9.200001E+0	 2.813441E-10	 9.983546E-3	 3.127733E-6
9.000000E+0	 2.334044E-10	 9.983429E-3	 3.171938E-6
8.800000E+0	 2.053829E-10	 9.982961E-3	 3.213064E-6
8.600000E+0	 1.689218E-10	 9.983198E-3	 3.253326E-6
8.400001E+0	 1.402677E-10	 9.983079E-3	 3.293814E-6
8.200000E+0	 1.129216E-10	 9.982736E-3	 3.332424E-6
8.000000E+0	 8.481593E-11	 9.983081E-3	 3.369560E-6
7.800000E+0	 7.384385E-11	 9.982967E-3	 3.407354E-6
7.600000E+0	 4.324840E-11	 9.983316E-3	 3.444130E-6
7.400000E+0	 2.683245E-11	 9.984116E-3	 3.480636E-6
7.200000E+0	 7.209233E-12	 9.983646E-3	 3.516742E-6
7.000000E+0	 -1.308917E-11	 9.983194E-3	 3.551435E-6
6.800000E+0	 -2.739518E-11	 9.983662E-3	 3.585246E-6
6.600000E+0	 -5.128070E-11	 9.983431E-3	 3.619674E-6
6.400000E+0	 -5.984747E-11	 9.982852E-3	 3.651596E-6
6.200000E+0	 -8.120090E-11	 9.982735E-3	 3.681036E-6
6.000000E+0	 -9.137129E-11	 9.983314E-3	 3.714565E-6
5.800000E+0	 -1.078717E-10	 9.982970E-3	 3.743685E-6
5.600000E+0	 -1.226840E-10	 9.982851E-3	 3.773236E-6
5.400000E+0	 -1.368213E-10	 9.983188E-3	 3.803777E-6
5.200000E+0	 -1.524355E-10	 9.982852E-3	 3.833547E-6
5.000000E+0	 -1.657709E-10	 9.983317E-3	 3.864042E-6
4.800000E+0	 -1.785154E-10	 9.983201E-3	 3.894780E-6
4.600000E+0	 -1.902472E-10	 9.982958E-3	 3.923866E-6
4.400000E+0	 -1.992364E-10	 9.982963E-3	 3.952468E-6
4.200000E+0	 -2.156956E-10	 9.983194E-3	 3.980765E-6
4.000000E+0	 -2.243895E-10	 9.982959E-3	 4.009195E-6
3.800000E+0	 -2.364595E-10	 9.982735E-3	 4.038463E-6
3.600000E+0	 -2.503444E-10	 9.983199E-3	 4.066305E-6
3.400000E+0	 -2.650732E-10	 9.982965E-3	 4.095736E-6
3.200000E+0	 -2.695890E-10	 9.983078E-3	 4.123745E-6
3.000000E+0	 -2.822077E-10	 9.982850E-3	 4.153038E-6
2.800000E+0	 -2.949953E-10	 9.983426E-3	 4.181133E-6
2.600000E+0	 -3.071075E-10	 9.983426E-3	 4.210470E-6
2.400000E+0	 -3.155903E-10	 9.983311E-3	 4.239025E-6
2.200000E+0	 -3.270274E-10	 9.982964E-3	 4.265221E-6
2.000000E+0	 -3.412076E-10	 9.983193E-3	 4.291767E-6
1.800000E+0	 -3.415031E-10	 9.983307E-3	 4.320867E-6
1.600000E+0	 -3.624358E-10	 9.983308E-3	 4.348940E-6
1.400000E+0	 -3.643349E-10	 9.983313E-3	 4.376353E-6
1.200000E+0	 -3.772490E-10	 9.982732E-3	 4.402915E-6
1.000000E+0	 -3.803300E-10	 9.982956E-3	 4.430048E-6
8.000002E-1	 -3.949743E-10	 9.982727E-3	 4.456024E-6
6.000001E-1	 -4.004184E-10	 9.983310E-3	 4.484310E-6
4.000002E-1	 -4.155273E-10	 9.982847E-3	 4.509401E-6
2.000002E-1	 -4.325772E-10	 9.983655E-3	 4.537571E-6
1.490116E-7	 -4.352784E-10	 9.983191E-3	 4.562398E-6
-1.999999E-1	 -4.424104E-10	 9.983426E-3	 4.587483E-6
-3.999999E-1	 -4.618662E-10	 9.983191E-3	 4.614421E-6
-5.999998E-1	 -4.614441E-10	 9.983313E-3	 4.639291E-6
-7.999998E-1	 -4.709398E-10	 9.982961E-3	 4.662725E-6
-9.999999E-1	 -4.913238E-10	 9.983538E-3	 4.691891E-6
-1.200000E+0	 -4.894670E-10	 9.983311E-3	 4.718550E-6
-1.400000E+0	 -5.085004E-10	 9.983892E-3	 4.743601E-6
-1.600000E+0	 -5.229340E-10	 9.983419E-3	 4.766231E-6
-1.800000E+0	 -5.230184E-10	 9.983196E-3	 4.790442E-6
-2.000000E+0	 -5.345819E-10	 9.982620E-3	 4.816658E-6
-2.200000E+0	 -5.428115E-10	 9.982842E-3	 4.839432E-6
-2.400000E+0	 -5.566542E-10	 9.983075E-3	 4.863074E-6
-2.600000E+0	 -5.581314E-10	 9.982737E-3	 4.886994E-6
-2.800000E+0	 -5.704967E-10	 9.983074E-3	 4.910557E-6
-3.000000E+0	 -5.750967E-10	 9.982602E-3	 4.932466E-6
-3.200000E+0	 -5.837487E-10	 9.982616E-3	 4.956835E-6
-3.400000E+0	 -5.969579E-10	 9.983080E-3	 4.977851E-6
-3.600000E+0	 -6.020225E-10	 9.982611E-3	 5.000685E-6
-3.800000E+0	 -6.097878E-10	 9.982496E-3	 5.024603E-6
-4.000000E+0	 -6.213093E-10	 9.982726E-3	 5.045602E-6
-4.200000E+0	 -6.158651E-10	 9.982497E-3	 5.070538E-6
-4.400000E+0	 -6.328307E-10	 9.982035E-3	 5.093397E-6
-4.600000E+0	 -6.565911E-10	 9.982389E-3	 5.115353E-6
-4.800000E+0	 -6.611909E-10	 9.982152E-3	 5.137188E-6
-5.000000E+0	 -6.689985E-10	 9.982618E-3	 5.157586E-6
-5.200000E+0	 -6.775662E-10	 9.982609E-3	 5.178035E-6
-5.400000E+0	 -6.805622E-10	 9.981923E-3	 5.200096E-6
-5.600000E+0	 -6.949112E-10	 9.982274E-3	 5.217825E-6
-5.800000E+0	 -7.008198E-10	 9.982505E-3	 5.238887E-6
-6.000000E+0	 -7.052088E-10	 9.982041E-3	 5.262650E-6
-6.200000E+0	 -7.120458E-10	 9.982150E-3	 5.280993E-6
-6.400000E+0	 -7.204863E-10	 9.982495E-3	 5.303904E-6
-6.600000E+0	 -7.312060E-10	 9.982497E-3	 5.323171E-6
-6.800000E+0	 -7.342023E-10	 9.982503E-3	 5.346843E-6
-7.000000E+0	 -7.452176E-10	 9.982389E-3	 5.365452E-6
-7.200000E+0	 -7.599885E-10	 9.983314E-3	 5.386315E-6
-7.400000E+0	 -7.684289E-10	 9.982498E-3	 5.405574E-6
-7.600000E+0	 -7.803306E-10	 9.982269E-3	 5.425492E-6
-7.800000E+0	 -7.804989E-10	 9.982502E-3	 5.443229E-6
-8.000000E+0	 -7.883913E-10	 9.982619E-3	 5.462935E-6
-8.200000E+0	 -7.979712E-10	 9.983314E-3	 5.481304E-6
-8.400000E+0	 -7.986886E-10	 9.983188E-3	 5.498598E-6
-8.600000E+0	 -8.221535E-10	 9.982620E-3	 5.516185E-6
-8.800000E+0	 -8.226601E-10	 9.982617E-3	 5.538376E-6
-9.000000E+0	 -8.255301E-10	 9.983077E-3	 5.559255E-6
-9.200000E+0	 -8.409338E-10	 9.982619E-3	 5.576455E-6
-9.400000E+0	 -8.545232E-10	 9.982148E-3	 5.594830E-6
-9.600000E+0	 -8.562535E-10	 9.982732E-3	 5.610083E-6
-9.800000E+0	 -8.679439E-10	 9.982496E-3	 5.625819E-6
-1.000000E+1	 -8.768488E-10	 9.982499E-3	 5.644139E-6
-9.800000E+0	 -6.331684E-10	 9.983198E-3	 5.611627E-6
-9.600000E+0	 -5.252128E-10	 9.982382E-3	 5.584172E-6
-9.400000E+0	 -4.857108E-10	 9.983425E-3	 5.552567E-6
-9.200000E+0	 -4.244319E-10	 9.982966E-3	 5.516144E-6
-9.000000E+0	 -3.851409E-10	 9.982964E-3	 5.482947E-6
-8.800000E+0	 -3.502390E-10	 9.983197E-3	 5.452657E-6
-8.600000E+0	 -3.130159E-10	 9.982844E-3	 5.420267E-6
-8.400000E+0	 -2.848665E-10	 9.983077E-3	 5.388715E-6
-8.200000E+0	 -2.584473E-10	 9.983530E-3	 5.355486E-6
-8.000000E+0	 -2.317328E-10	 9.983421E-3	 5.325286E-6
-7.800000E+0	 -2.162442E-10	 9.982965E-3	 5.293818E-6
-7.600000E+0	 -1.905004E-10	 9.983191E-3	 5.261325E-6
-7.400000E+0	 -1.877996E-10	 9.983184E-3	 5.234961E-6
-7.200000E+0	 -1.484686E-10	 9.983076E-3	 5.201272E-6
-7.000000E+0	 -1.262712E-10	 9.983311E-3	 5.168960E-6
-6.800000E+0	 -1.197723E-10	 9.983541E-3	 5.140252E-6
-6.600000E+0	 -9.723719E-11	 9.983424E-3	 5.107919E-6
-6.400000E+0	 -6.794999E-11	 9.983889E-3	 5.077877E-6
-6.200000E+0	 -6.081813E-11	 9.983193E-3	 5.049850E-6
-6.000000E+0	 -4.376904E-11	 9.983193E-3	 5.019241E-6
-5.800000E+0	 -3.195301E-11	 9.983080E-3	 4.989935E-6
-5.600000E+0	 -1.194983E-11	 9.983660E-3	 4.957454E-6
-5.400000E+0	 4.148765E-13	 9.983080E-3	 4.926762E-6
-5.200000E+0	 1.265293E-11	 9.983775E-3	 4.897282E-6
-5.000000E+0	 2.911126E-11	 9.983197E-3	 4.868925E-6
-4.800000E+0	 3.164323E-11	 9.983080E-3	 4.835250E-6
-4.600000E+0	 5.384085E-11	 9.983422E-3	 4.805656E-6
-4.400000E+0	 6.004422E-11	 9.983771E-3	 4.777667E-6
-4.200000E+0	 7.747311E-11	 9.983775E-3	 4.744936E-6
-4.000000E+0	 8.890935E-11	 9.983196E-3	 4.716302E-6
-3.800000E+0	 9.882650E-11	 9.983662E-3	 4.685647E-6
-3.600000E+0	 1.107271E-10	 9.983544E-3	 4.657015E-6
-3.400000E+0	 1.219524E-10	 9.983654E-3	 4.627314E-6
-3.200000E+0	 1.325450E-10	 9.984123E-3	 4.597674E-6
-3.000000E+0	 1.441920E-10	 9.983545E-3	 4.568592E-6
-2.800000E+0	 1.509441E-10	 9.983653E-3	 4.538605E-6
-2.600000E+0	 1.687107E-10	 9.982952E-3	 4.510149E-6
-2.400000E+0	 1.787122E-10	 9.983188E-3	 4.481326E-6
-2.200000E+0	 1.870257E-10	 9.983084E-3	 4.453199E-6
-2.000000E+0	 1.976604E-10	 9.982963E-3	 4.422161E-6
-1.800000E+0	 2.057627E-10	 9.983427E-3	 4.394115E-6
-1.600000E+0	 2.193091E-10	 9.982741E-3	 4.364451E-6
-1.400000E+0	 2.257659E-10	 9.983084E-3	 4.337445E-6
-1.200000E+0	 2.373710E-10	 9.982505E-3	 4.307388E-6
-9.999999E-1	 2.537870E-10	 9.982849E-3	 4.278975E-6
-7.999998E-1	 2.551797E-10	 9.983198E-3	 4.250194E-6
-5.999998E-1	 2.709203E-10	 9.982385E-3	 4.222272E-6
-3.999999E-1	 2.761533E-10	 9.982851E-3	 4.193156E-6
-1.999999E-1	 2.848043E-10	 9.982730E-3	 4.163281E-6
1.490116E-7	 2.950169E-10	 9.982619E-3	 4.135618E-6
2.000002E-1	 3.025292E-10	 9.982737E-3	 4.107804E-6
4.000002E-1	 3.163704E-10	 9.983067E-3	 4.078619E-6
6.000001E-1	 3.156530E-10	 9.982739E-3	 4.053915E-6
8.000002E-1	 3.283556E-10	 9.983202E-3	 4.023011E-6
1.000000E+0	 3.365847E-10	 9.982844E-3	 3.995214E-6
1.200000E+0	 3.436746E-10	 9.983084E-3	 3.967898E-6
1.400000E+0	 3.576848E-10	 9.982737E-3	 3.939416E-6
1.600000E+0	 3.634664E-10	 9.982970E-3	 3.914293E-6
1.800000E+0	 3.692903E-10	 9.982622E-3	 3.883066E-6
2.000000E+0	 3.805156E-10	 9.982381E-3	 3.855634E-6
2.200000E+0	 4.026284E-10	 9.983424E-3	 3.829612E-6
2.400000E+0	 4.129256E-10	 9.983072E-3	 3.801013E-6
2.600000E+0	 4.200148E-10	 9.983307E-3	 3.774542E-6
2.800000E+0	 4.292153E-10	 9.982496E-3	 3.749071E-6
3.000000E+0	 4.294253E-10	 9.982620E-3	 3.718862E-6
3.200000E+0	 4.429727E-10	 9.982619E-3	 3.692499E-6
3.400000E+0	 4.626795E-10	 9.983081E-3	 3.667742E-6
3.600000E+0	 4.688410E-10	 9.982736E-3	 3.641511E-6
3.800000E+0	 4.755936E-10	 9.983318E-3	 3.617364E-6
4.000000E+0	 4.836957E-10	 9.982497E-3	 3.593224E-6
4.200000E+0	 4.851732E-10	 9.982960E-3	 3.569889E-6
4.400000E+0	 4.956807E-10	 9.982387E-3	 3.544885E-6
4.600000E+0	 5.040367E-10	 9.983191E-3	 3.519281E-6
4.800000E+0	 5.100290E-10	 9.983432E-3	 3.493606E-6
5.000000E+0	 5.217188E-10	 9.983311E-3	 3.469110E-6
5.200000E+0	 5.216341E-10	 9.983314E-3	 3.445271E-6
5.400000E+0	 5.356445E-10	 9.983311E-3	 3.420362E-6
5.600000E+0	 5.440849E-10	 9.983544E-3	 3.397308E-6
5.800000E+0	 5.514692E-10	 9.983425E-3	 3.372357E-6
6.000000E+0	 5.621466E-10	 9.983531E-3	 3.347717E-6
6.200000E+0	 5.687300E-10	 9.983428E-3	 3.323342E-6
6.400000E+0	 5.774234E-10	 9.983539E-3	 3.299173E-6
6.600000E+0	 5.902523E-10	 9.983431E-3	 3.276287E-6
6.800000E+0	 5.981435E-10	 9.982964E-3	 3.249695E-6
7.000000E+0	 6.011400E-10	 9.983893E-3	 3.224568E-6
7.200000E+0	 6.094113E-10	 9.982961E-3	 3.200398E-6
7.400000E+0	 6.167547E-10	 9.982967E-3	 3.174835E-6
7.600000E+0	 6.246033E-10	 9.983191E-3	 3.149239E-6
7.800000E+0	 6.324526E-10	 9.982843E-3	 3.122185E-6
8.000000E+0	 6.447333E-10	 9.983533E-3	 3.098648E-6
8.200000E+0	 6.522870E-10	 9.983197E-3	 3.071279E-6
8.400001E+0	 6.568869E-10	 9.982852E-3	 3.044787E-6
8.600000E+0	 6.733456E-10	 9.983196E-3	 3.019132E-6
8.800000E+0	 6.747378E-10	 9.983197E-3	 2.992904E-6
9.000000E+0	 6.857519E-10	 9.983310E-3	 2.967568E-6
9.200001E+0	 6.869343E-10	 9.983424E-3	 2.943188E-6
9.400001E+0	 6.909853E-10	 9.983081E-3	 2.912427E-6
9.600000E+0	 7.079496E-10	 9.982847E-3	 2.885229E-6
9.800000E+0	 7.237328E-10	 9.983079E-3	 2.860718E-6
1.000000E+1	 7.315821E-10	 9.983079E-3	 2.834157E-6
9.800000E+0	 4.596417E-10	 9.982959E-3	 2.879960E-6
9.600000E+0	 3.805997E-10	 9.983085E-3	 2.925284E-6
9.400001E+0	 3.171302E-10	 9.982953E-3	 2.970785E-6
9.200001E+0	 2.791495E-10	 9.983083E-3	 3.014421E-6
9.000000E+0	 2.367380E-10	 9.983883E-3	 3.055879E-6
8.800000E+0	 2.001924E-10	 9.983195E-3	 3.098094E-6
8.600000E+0	 1.687531E-10	 9.983662E-3	 3.139159E-6
8.400001E+0	 1.399300E-10	 9.983198E-3	 3.178824E-6
8.200000E+0	 1.162555E-10	 9.982965E-3	 3.216833E-6
8.000000E+0	 8.751683E-11	 9.982844E-3	 3.254723E-6
7.800000E+0	 6.776713E-11	 9.982737E-3	 3.294125E-6
7.600000E+0	 4.725773E-11	 9.982967E-3	 3.329768E-6
7.400000E+0	 2.949110E-11	 9.982497E-3	 3.364211E-6
7.200000E+0	 7.124898E-12	 9.983081E-3	 3.399556E-6
7.000000E+0	 -1.005077E-11	 9.982850E-3	 3.435016E-6
6.800000E+0	 -3.203721E-11	 9.983427E-3	 3.468943E-6
6.600000E+0	 -4.541480E-11	 9.983084E-3	 3.502513E-6
6.400000E+0	 -6.305464E-11	 9.982844E-3	 3.533116E-6
6.200000E+0	 -7.250758E-11	 9.982734E-3	 3.564752E-6
6.000000E+0	 -6.632611E-12	 9.982968E-3	 3.597365E-6
5.800000E+0	 -1.063946E-10	 9.983545E-3	 3.626584E-6
5.600000E+0	 -1.238657E-10	 9.983776E-3	 3.657878E-6
5.400000E+0	 -1.366947E-10	 9.983194E-3	 3.688444E-6
5.200000E+0	 -1.545877E-10	 9.984002E-3	 3.718700E-6
5.000000E+0	 -1.639562E-10	 9.983545E-3	 3.748278E-6
4.800000E+0	 -1.744642E-10	 9.983193E-3	 3.776949E-6
4.600000E+0	 -1.856473E-10	 9.983199E-3	 3.806711E-6
4.400000E+0	 -1.999539E-10	 9.983083E-3	 3.836169E-6
4.200000E+0	 -2.101670E-10	 9.983077E-3	 3.864110E-6
4.000000E+0	 -2.183122E-10	 9.982967E-3	 3.893800E-6
3.800000E+0	 -2.320704E-10	 9.983070E-3	 3.924475E-6
3.600000E+0	 -2.637650E-10	 9.982739E-3	 3.951217E-6
3.400000E+0	 -2.654109E-10	 9.983194E-3	 3.980545E-6
3.200000E+0	 -2.730074E-10	 9.983545E-3	 4.009195E-6
3.000000E+0	 -2.896776E-10	 9.983542E-3	 4.037914E-6
2.800000E+0	 -2.957971E-10	 9.983311E-3	 4.065771E-6
2.600000E+0	 -3.057570E-10	 9.983544E-3	 4.094412E-6
2.400000E+0	 -3.193886E-10	 9.983309E-3	 4.121855E-6
2.200000E+0	 -3.274494E-10	 9.983890E-3	 4.150055E-6
2.000000E+0	 -3.373249E-10	 9.984234E-3	 4.177729E-6
1.800000E+0	 -3.425581E-10	 9.983775E-3	 4.207784E-6
1.600000E+0	 -3.586376E-10	 9.983538E-3	 4.234685E-6
1.400000E+0	 -3.688085E-10	 9.983885E-3	 4.261099E-6
1.200000E+0	 -3.747169E-10	 9.983431E-3	 4.288365E-6
1.000000E+0	 -3.882218E-10	 9.983316E-3	 4.314571E-6
8.000002E-1	 -3.919358E-10	 9.983659E-3	 4.342383E-6
6.000001E-1	 -4.043436E-10	 9.982968E-3	 4.368088E-6
4.000002E-1	 -4.198319E-10	 9.982849E-3	 4.393678E-6
2.000002E-1	 -4.192833E-10	 9.982842E-3	 4.422859E-6
1.490116E-7	 -4.369664E-10	 9.982730E-3	 4.447479E-6
-1.999999E-1	 -4.417775E-10	 9.983312E-3	 4.475481E-6
-3.999999E-1	 -4.544805E-10	 9.983198E-3	 4.500978E-6
-5.999998E-1	 -4.666771E-10	 9.982620E-3	 4.527433E-6
-7.999998E-1	 -4.690829E-10	 9.982852E-3	 4.552350E-6
-9.999999E-1	 -4.860484E-10	 9.983077E-3	 4.578155E-6
-1.200000E+0	 -4.882431E-10	 9.982849E-3	 4.603303E-6
-1.400000E+0	 -4.995534E-10	 9.983078E-3	 4.627404E-6
-1.600000E+0	 -5.053774E-10	 9.982961E-3	 4.649708E-6
-1.800000E+0	 -5.228072E-10	 9.982739E-3	 4.676772E-6
-2.000000E+0	 -5.258036E-10	 9.983199E-3	 4.700263E-6
-2.200000E+0	 -5.344132E-10	 9.983312E-3	 4.721483E-6
-2.400000E+0	 -5.356370E-10	 9.983197E-3	 4.749491E-6
-2.600000E+0	 -5.509567E-10	 9.982963E-3	 4.773921E-6
-2.800000E+0	 -5.712141E-10	 9.983198E-3	 4.796109E-6
-3.000000E+0	 -5.787263E-10	 9.982734E-3	 4.820658E-6
-3.200000E+0	 -5.854787E-10	 9.982853E-3	 4.841946E-6
-3.400000E+0	 -5.530247E-10	 9.983079E-3	 4.869556E-6
-3.600000E+0	 -5.956920E-10	 9.982498E-3	 4.890108E-6
-3.800000E+0	 -6.133750E-10	 9.982968E-3	 4.908976E-6
-4.000000E+0	 -6.192411E-10	 9.982262E-3	 4.933188E-6
-4.200000E+0	 -6.212669E-10	 9.982732E-3	 4.958378E-6
-4.400000E+0	 -6.364180E-10	 9.982733E-3	 4.977568E-6
-4.600000E+0	 -6.530037E-10	 9.982730E-3	 5.004014E-6
-4.800000E+0	 -6.633432E-10	 9.982848E-3	 5.022982E-6
-5.000000E+0	 -6.664244E-10	 9.982501E-3	 5.045540E-6
-5.200000E+0	 -6.692940E-10	 9.982616E-3	 5.067664E-6
-5.400000E+0	 -6.830101E-10	 9.983199E-3	 5.089368E-6
-5.600000E+0	 -6.941096E-10	 9.982726E-3	 5.107257E-6
-5.800000E+0	 -6.937719E-10	 9.982850E-3	 5.129851E-6
-6.000000E+0	 -7.062635E-10	 9.982739E-3	 5.150029E-6
-6.200000E+0	 -7.096823E-10	 9.982505E-3	 5.172491E-6
-6.400000E+0	 -7.196845E-10	 9.982504E-3	 5.191390E-6
-6.600000E+0	 -7.250021E-10	 9.982386E-3	 5.210496E-6
-6.800000E+0	 -7.385491E-10	 9.982374E-3	 5.232934E-6
-7.000000E+0	 -7.417987E-10	 9.982502E-3	 5.251294E-6
-7.200000E+0	 -7.482137E-10	 9.982615E-3	 5.272260E-6
-7.400000E+0	 -7.630689E-10	 9.982493E-3	 5.293173E-6
-7.600000E+0	 -7.681756E-10	 9.982842E-3	 5.312274E-6
-7.800000E+0	 -7.765742E-10	 9.983191E-3	 5.330526E-6
-8.000000E+0	 -7.908387E-10	 9.983081E-3	 5.348517E-6
-8.200000E+0	 -7.921473E-10	 9.982732E-3	 5.368360E-6
-8.400000E+0	 -8.016851E-10	 9.982614E-3	 5.387098E-6
-8.600000E+0	 -8.130378E-10	 9.982385E-3	 5.406888E-6
-8.800000E+0	 -8.191987E-10	 9.982735E-3	 5.424024E-6
-9.000000E+0	 -8.237150E-10	 9.982968E-3	 5.442577E-6
-9.200000E+0	 -8.295387E-10	 9.982614E-3	 5.460843E-6
-9.400000E+0	 -8.498387E-10	 9.982152E-3	 5.480606E-6
-9.600000E+0	 -8.523287E-10	 9.982619E-3	 5.498732E-6
-9.800000E+0	 -8.553251E-10	 9.982388E-3	 5.515335E-6
-1.000000E+1	 -8.703913E-10	 9.982616E-3	 5.532794E-6
