-1.000000E-2	 -3.893442E-6
-9.800000E-3	 -3.814461E-6
-9.600000E-3	 -3.736157E-6
-9.400000E-3	 -3.659448E-6
-9.200000E-3	 -3.583756E-6
-9.000000E-3	 -3.504113E-6
-8.800000E-3	 -3.425876E-6
-8.599999E-3	 -3.348460E-6
-8.400000E-3	 -3.270063E-6
-8.200000E-3	 -3.191727E-6
-7.999999E-3	 -3.113487E-6
-7.800000E-3	 -3.035371E-6
-7.600000E-3	 -2.957226E-6
-7.400000E-3	 -2.878915E-6
-7.200000E-3	 -2.801336E-6
-7.000000E-3	 -2.724524E-6
-6.800000E-3	 -2.647814E-6
-6.600000E-3	 -2.569246E-6
-6.400000E-3	 -2.489660E-6
-6.200000E-3	 -2.411153E-6
-6.000000E-3	 -2.332661E-6
-5.800000E-3	 -2.256442E-6
-5.600000E-3	 -2.177734E-6
-5.400000E-3	 -2.099490E-6
-5.200000E-3	 -2.020313E-6
-5.000000E-3	 -1.943049E-6
-4.800000E-3	 -1.865297E-6
-4.600000E-3	 -1.786633E-6
-4.400000E-3	 -1.708542E-6
-4.200000E-3	 -1.630171E-6
-4.000000E-3	 -1.553361E-6
-3.800000E-3	 -1.475666E-6
-3.600000E-3	 -1.397746E-6
-3.400000E-3	 -1.318830E-6
-3.200000E-3	 -1.241523E-6
-3.000000E-3	 -1.162369E-6
-2.800000E-3	 -1.084548E-6
-2.600000E-3	 -1.006885E-6
-2.400000E-3	 -9.237978E-7
-2.200000E-3	 -8.441444E-7
-2.000000E-3	 -7.658759E-7
-1.800000E-3	 -6.880354E-7
-1.600000E-3	 -6.101288E-7
-1.400000E-3	 -5.326823E-7
-1.200000E-3	 -4.548337E-7
-1.000000E-3	 -3.769448E-7
-8.000000E-4	 -2.994601E-7
-6.000000E-4	 -2.216364E-7
-4.000000E-4	 -1.436539E-7
-2.000000E-4	 -5.681539E-8
-2.910383E-11	 1.311240E-8
2.000000E-4	 6.956115E-8
4.000000E-4	 1.572544E-7
6.000000E-4	 2.348595E-7
7.999999E-4	 2.989629E-7
9.999999E-4	 3.770646E-7
1.200000E-3	 4.549809E-7
1.400000E-3	 5.326410E-7
1.600000E-3	 6.103232E-7
1.800000E-3	 6.881623E-7
2.000000E-3	 7.662019E-7
2.200000E-3	 8.443236E-7
2.400000E-3	 9.219456E-7
2.600000E-3	 1.000043E-6
2.800000E-3	 1.087734E-6
3.000000E-3	 1.166218E-6
3.200000E-3	 1.244774E-6
3.400000E-3	 1.323470E-6
3.600000E-3	 1.401740E-6
3.800000E-3	 1.479883E-6
4.000000E-3	 1.555776E-6
4.200000E-3	 1.636268E-6
4.400000E-3	 1.714564E-6
4.600000E-3	 1.793237E-6
4.800000E-3	 1.872840E-6
5.000000E-3	 1.951297E-6
5.200000E-3	 2.028744E-6
5.400000E-3	 2.107487E-6
5.600000E-3	 2.186271E-6
5.800000E-3	 2.265371E-6
6.000000E-3	 2.344269E-6
6.200000E-3	 2.421770E-6
6.400000E-3	 2.502220E-6
6.600000E-3	 2.579669E-6
6.800000E-3	 2.657975E-6
7.000000E-3	 2.735887E-6
7.200000E-3	 2.816088E-6
7.400000E-3	 2.894199E-6
7.600000E-3	 2.972693E-6
7.800000E-3	 3.052523E-6
7.999999E-3	 3.131594E-6
8.200000E-3	 3.208781E-6
8.400000E-3	 3.286954E-6
8.599999E-3	 3.366941E-6
8.800000E-3	 3.445869E-6
9.000000E-3	 3.524993E-6
9.199999E-3	 3.603921E-6
9.400000E-3	 3.682703E-6
9.600000E-3	 3.761358E-6
9.800000E-3	 3.840847E-6
1.000000E-2	 3.920008E-6
1.020000E-2	 3.998569E-6
1.000000E-2	 3.921346E-6
9.800000E-3	 3.842105E-6
9.600000E-3	 3.763448E-6
9.400000E-3	 3.685190E-6
9.199999E-3	 3.606633E-6
9.000000E-3	 3.527853E-6
8.800000E-3	 3.449171E-6
8.599999E-3	 3.369928E-6
8.400000E-3	 3.291635E-6
8.200000E-3	 3.212937E-6
7.999999E-3	 3.134935E-6
7.800000E-3	 3.055952E-6
7.600000E-3	 2.978434E-6
7.400000E-3	 2.901141E-6
7.200000E-3	 2.820281E-6
7.000000E-3	 2.742625E-6
6.800000E-3	 2.664673E-6
6.600000E-3	 2.585491E-6
6.400000E-3	 2.507180E-6
6.200000E-3	 2.426690E-6
6.000000E-3	 2.348816E-6
5.800000E-3	 2.269910E-6
5.600000E-3	 2.191232E-6
5.400000E-3	 2.112322E-6
5.200000E-3	 2.034747E-6
5.000000E-3	 1.956068E-6
4.800000E-3	 1.876955E-6
4.600000E-3	 1.797366E-6
4.400000E-3	 1.720360E-6
4.200000E-3	 1.641673E-6
4.000000E-3	 1.562688E-6
3.800000E-3	 1.485911E-6
3.600000E-3	 1.407201E-6
3.400000E-3	 1.328784E-6
3.200000E-3	 1.249820E-6
3.000000E-3	 1.171252E-6
2.800000E-3	 1.092749E-6
2.600000E-3	 1.013602E-6
2.400000E-3	 9.258318E-7
2.200000E-3	 8.487083E-7
2.000000E-3	 7.701819E-7
1.800000E-3	 6.920244E-7
1.600000E-3	 6.136484E-7
1.400000E-3	 5.352769E-7
1.200000E-3	 4.575935E-7
9.999999E-4	 3.790713E-7
7.999999E-4	 3.004768E-7
6.000000E-4	 2.360629E-7
4.000000E-4	 1.578157E-7
2.000000E-4	 6.960953E-8
-2.910383E-11	 2.277988E-9
-2.000000E-4	 -5.947436E-8
-4.000000E-4	 -1.446304E-7
-6.000000E-4	 -2.235504E-7
-8.000000E-4	 -3.018978E-7
-1.000000E-3	 -3.799452E-7
-1.200000E-3	 -4.587191E-7
-1.400000E-3	 -5.368272E-7
-1.600000E-3	 -6.154768E-7
-1.800000E-3	 -6.937934E-7
-2.000000E-3	 -7.729777E-7
-2.200000E-3	 -8.515197E-7
-2.400000E-3	 -9.301420E-7
-2.600000E-3	 -1.008762E-6
-2.800000E-3	 -1.095049E-6
-3.000000E-3	 -1.171987E-6
-3.200000E-3	 -1.252226E-6
-3.400000E-3	 -1.332959E-6
-3.600000E-3	 -1.412023E-6
-3.800000E-3	 -1.491465E-6
-4.000000E-3	 -1.570350E-6
-4.200000E-3	 -1.648215E-6
-4.400000E-3	 -1.727821E-6
-4.600000E-3	 -1.805774E-6
-4.800000E-3	 -1.885621E-6
-5.000000E-3	 -1.963755E-6
-5.200000E-3	 -2.043700E-6
-5.400000E-3	 -2.122412E-6
-5.600000E-3	 -2.200912E-6
-5.800000E-3	 -2.280403E-6
-6.000000E-3	 -2.359053E-6
-6.200000E-3	 -2.437458E-6
-6.400000E-3	 -2.517706E-6
-6.600000E-3	 -2.594850E-6
-6.800000E-3	 -2.673046E-6
-7.000000E-3	 -2.752904E-6
-7.200000E-3	 -2.833262E-6
-7.400000E-3	 -2.912063E-6
-7.600000E-3	 -2.991799E-6
-7.800000E-3	 -3.070807E-6
-7.999999E-3	 -3.149523E-6
-8.200000E-3	 -3.227935E-6
-8.400000E-3	 -3.307190E-6
-8.599999E-3	 -3.387800E-6
-8.800000E-3	 -3.466273E-6
-9.000000E-3	 -3.545296E-6
-9.200000E-3	 -3.626419E-6
-9.400000E-3	 -3.705799E-6
-9.600000E-3	 -3.785856E-6
-9.800000E-3	 -3.865721E-6
-1.000000E-2	 -3.941741E-6
