-1.000000E+1	 -1.081446E-9	 9.983514E-3	 5.235318E-6
-9.800000E+0	 -9.017040E-10	 9.983394E-3	 5.203616E-6
-9.600000E+0	 -7.638269E-10	 9.983166E-3	 5.174760E-6
-9.400000E+0	 -6.820375E-10	 9.983277E-3	 5.144699E-6
-9.200000E+0	 -6.233334E-10	 9.983049E-3	 5.113933E-6
-9.000000E+0	 -5.562309E-10	 9.983167E-3	 5.085416E-6
-8.800000E+0	 -5.130571E-10	 9.983281E-3	 5.056346E-6
-8.600000E+0	 -4.578981E-10	 9.983396E-3	 5.023837E-6
-8.400000E+0	 -4.226163E-10	 9.982700E-3	 4.995860E-6
-8.200000E+0	 -3.871660E-10	 9.982472E-3	 4.966375E-6
-8.000000E+0	 -3.518421E-10	 9.982935E-3	 4.936888E-6
-7.800000E+0	 -3.132265E-10	 9.982815E-3	 4.909290E-6
-7.600000E+0	 -2.821652E-10	 9.982702E-3	 4.879914E-6
-7.400000E+0	 -2.647353E-10	 9.982586E-3	 4.851890E-6
-7.200000E+0	 -2.453642E-10	 9.982589E-3	 4.824522E-6
-7.000000E+0	 -2.087320E-10	 9.983281E-3	 4.796077E-6
-6.800000E+0	 -1.938766E-10	 9.982471E-3	 4.769257E-6
-6.600000E+0	 -1.729450E-10	 9.982820E-3	 4.743341E-6
-6.400000E+0	 -1.352601E-10	 9.982820E-3	 4.715927E-6
-6.200000E+0	 -1.239504E-10	 9.983507E-3	 4.688889E-6
-6.000000E+0	 -1.021750E-10	 9.982704E-3	 4.660370E-6
-5.800000E+0	 -8.837543E-11	 9.982589E-3	 4.632034E-6
-5.600000E+0	 -7.187502E-11	 9.982705E-3	 4.605827E-6
-5.400000E+0	 -5.571230E-11	 9.982477E-3	 4.576491E-6
-5.200000E+0	 -4.389621E-11	 9.982924E-3	 4.548546E-6
-5.000000E+0	 -2.292273E-11	 9.983165E-3	 4.520415E-6
-4.800000E+0	 -9.545073E-12	 9.983513E-3	 4.493243E-6
-4.600000E+0	 9.191842E-12	 9.983508E-3	 4.465681E-6
-4.400000E+0	 2.539680E-11	 9.982700E-3	 4.437176E-6
-4.200000E+0	 3.193799E-11	 9.982823E-3	 4.411565E-6
-4.000000E+0	 3.434338E-11	 9.983284E-3	 4.382502E-6
-3.800000E+0	 6.046533E-11	 9.983168E-3	 4.356830E-6
-3.600000E+0	 7.793630E-11	 9.983511E-3	 4.328857E-6
-3.400000E+0	 9.515402E-11	 9.982702E-3	 4.303351E-6
-3.200000E+0	 1.061683E-10	 9.983396E-3	 4.275090E-6
-3.000000E+0	 1.261292E-10	 9.982919E-3	 4.247252E-6
-2.800000E+0	 1.228374E-10	 9.982929E-3	 4.220329E-6
-2.600000E+0	 1.417856E-10	 9.983283E-3	 4.194345E-6
-2.400000E+0	 1.414478E-10	 9.983157E-3	 4.165773E-6
-2.200000E+0	 1.591720E-10	 9.983737E-3	 4.138695E-6
-2.000000E+0	 1.715789E-10	 9.983514E-3	 4.112831E-6
-1.800000E+0	 1.921728E-10	 9.983277E-3	 4.086485E-6
-1.600000E+0	 1.963506E-10	 9.983159E-3	 4.060907E-6
-1.400000E+0	 2.083357E-10	 9.984082E-3	 4.034488E-6
-1.200000E+0	 2.173244E-10	 9.983283E-3	 4.007411E-6
-9.999999E-1	 2.487638E-10	 9.983388E-3	 3.977826E-6
-7.999998E-1	 2.462313E-10	 9.983745E-3	 3.951876E-6
-5.999998E-1	 2.524349E-10	 9.983283E-3	 3.926109E-6
-3.999999E-1	 2.606217E-10	 9.983052E-3	 3.900196E-6
-1.999999E-1	 2.812580E-10	 9.982701E-3	 3.872354E-6
1.490116E-7	 2.857312E-10	 9.983043E-3	 3.845385E-6
2.000002E-1	 2.999953E-10	 9.982472E-3	 3.817061E-6
4.000002E-1	 3.027386E-10	 9.982697E-3	 3.791131E-6
6.000001E-1	 3.190279E-10	 9.982586E-3	 3.763284E-6
8.000002E-1	 3.158622E-10	 9.983041E-3	 3.737600E-6
1.000000E+0	 3.300837E-10	 9.982705E-3	 3.712709E-6
1.200000E+0	 3.283117E-10	 9.982707E-3	 3.684916E-6
1.400000E+0	 3.371311E-10	 9.983512E-3	 3.657405E-6
1.600000E+0	 3.652789E-10	 9.983050E-3	 3.631429E-6
1.800000E+0	 3.789098E-10	 9.983283E-3	 3.606369E-6
2.000000E+0	 3.808085E-10	 9.983269E-3	 3.581249E-6
2.200000E+0	 3.829611E-10	 9.983392E-3	 3.555408E-6
2.400000E+0	 4.020779E-10	 9.983390E-3	 3.530884E-6
2.600000E+0	 4.171857E-10	 9.983509E-3	 3.506033E-6
2.800000E+0	 4.155822E-10	 9.982932E-3	 3.479392E-6
3.000000E+0	 4.338548E-10	 9.982936E-3	 3.454378E-6
3.200000E+0	 4.409865E-10	 9.983050E-3	 3.429493E-6
3.400000E+0	 4.427592E-10	 9.983627E-3	 3.405742E-6
3.600000E+0	 4.527181E-10	 9.983045E-3	 3.382360E-6
3.800000E+0	 4.507349E-10	 9.982811E-3	 3.358766E-6
4.000000E+0	 4.679947E-10	 9.983393E-3	 3.336778E-6
4.200000E+0	 4.780386E-10	 9.983049E-3	 3.312280E-6
4.400000E+0	 4.882512E-10	 9.983621E-3	 3.290268E-6
4.600000E+0	 4.988433E-10	 9.983860E-3	 3.265379E-6
4.800000E+0	 5.006158E-10	 9.983744E-3	 3.241123E-6
5.000000E+0	 5.077899E-10	 9.983965E-3	 3.218207E-6
5.200000E+0	 5.177069E-10	 9.983977E-3	 3.197324E-6
5.400000E+0	 5.281728E-10	 9.983517E-3	 3.172233E-6
5.600000E+0	 5.519743E-10	 9.983976E-3	 3.149644E-6
5.800000E+0	 5.581772E-10	 9.983397E-3	 3.125807E-6
6.000000E+0	 5.518473E-10	 9.983398E-3	 3.103047E-6
6.200000E+0	 5.657732E-10	 9.983855E-3	 3.080269E-6
6.400000E+0	 5.796570E-10	 9.983621E-3	 3.058298E-6
6.600000E+0	 5.793620E-10	 9.983741E-3	 3.031501E-6
6.800000E+0	 5.888572E-10	 9.984199E-3	 3.008640E-6
7.000000E+0	 5.999979E-10	 9.983627E-3	 2.981370E-6
7.200000E+0	 6.087753E-10	 9.983159E-3	 2.956943E-6
7.400000E+0	 6.347708E-10	 9.983167E-3	 2.933654E-6
7.600000E+0	 6.381045E-10	 9.983167E-3	 2.909534E-6
7.800000E+0	 6.534235E-10	 9.983517E-3	 2.885175E-6
8.000000E+0	 6.592898E-10	 9.983732E-3	 2.859869E-6
8.200000E+0	 6.579817E-10	 9.983396E-3	 2.835121E-6
8.400001E+0	 6.695438E-10	 9.983511E-3	 2.810952E-6
8.600000E+0	 6.758744E-10	 9.983283E-3	 2.785267E-6
8.800000E+0	 6.801785E-10	 9.983744E-3	 2.759962E-6
9.000000E+0	 6.912774E-10	 9.984096E-3	 2.734901E-6
9.200001E+0	 6.973123E-10	 9.983625E-3	 2.710545E-6
9.400001E+0	 7.035998E-10	 9.983165E-3	 2.686964E-6
9.600000E+0	 7.113220E-10	 9.983393E-3	 2.661735E-6
9.800000E+0	 7.180329E-10	 9.983401E-3	 2.636614E-6
1.000000E+1	 7.301438E-10	 9.983051E-3	 2.611576E-6
1.020000E+1	 7.496408E-10	 9.983052E-3	 2.586822E-6
1.040000E+1	 7.441969E-10	 9.983163E-3	 2.563074E-6
1.060000E+1	 7.537336E-10	 9.982933E-3	 2.537559E-6
1.080000E+1	 7.643686E-10	 9.983741E-3	 2.513048E-6
1.100000E+1	 7.624694E-10	 9.983516E-3	 2.488434E-6
1.120000E+1	 7.762271E-10	 9.983627E-3	 2.463586E-6
1.140000E+1	 7.885074E-10	 9.983052E-3	 2.439633E-6
1.160000E+1	 7.975803E-10	 9.983045E-3	 2.414612E-6
1.180000E+1	 8.125616E-10	 9.982709E-3	 2.389850E-6
1.200000E+1	 8.234065E-10	 9.983052E-3	 2.367083E-6
1.220000E+1	 8.304124E-10	 9.983049E-3	 2.341904E-6
1.240000E+1	 8.267408E-10	 9.983397E-3	 2.317013E-6
1.260000E+1	 8.283445E-10	 9.983748E-3	 2.293227E-6
1.280000E+1	 8.501200E-10	 9.983398E-3	 2.268912E-6
1.300000E+1	 8.501200E-10	 9.982935E-3	 2.245995E-6
1.320000E+1	 8.539180E-10	 9.982812E-3	 2.221628E-6
1.340000E+1	 8.705868E-10	 9.983504E-3	 2.195694E-6
1.360000E+1	 8.788579E-10	 9.983166E-3	 2.172416E-6
1.380000E+1	 8.875513E-10	 9.983623E-3	 2.148347E-6
1.400000E+1	 8.853572E-10	 9.983283E-3	 2.125861E-6
1.420000E+1	 9.040522E-10	 9.983283E-3	 2.101385E-6
1.440000E+1	 9.037144E-10	 9.983055E-3	 2.077279E-6
1.460000E+1	 9.146437E-10	 9.983284E-3	 2.054485E-6
1.480000E+1	 9.241811E-10	 9.983396E-3	 2.031343E-6
1.500000E+1	 9.317782E-10	 9.983509E-3	 2.008749E-6
1.520000E+1	 9.370102E-10	 9.983275E-3	 1.984375E-6
1.540000E+1	 9.508945E-10	 9.983862E-3	 1.962362E-6
1.560000E+1	 9.530040E-10	 9.985015E-3	 1.934404E-6
1.580000E+1	 9.804347E-10	 9.983628E-3	 1.913583E-6
1.600000E+1	 9.784095E-10	 9.983625E-3	 1.891548E-6
1.620000E+1	 9.943607E-10	 9.983734E-3	 1.867726E-6
1.640000E+1	 1.002590E-9	 9.983866E-3	 1.846427E-6
1.660000E+1	 1.012422E-9	 9.983281E-3	 1.824228E-6
1.680000E+1	 1.011072E-9	 9.983513E-3	 1.802637E-6
1.700000E+1	 1.019260E-9	 9.983976E-3	 1.781122E-6
1.720000E+1	 1.043313E-9	 9.983740E-3	 1.759858E-6
1.740000E+1	 1.024577E-9	 9.983630E-3	 1.737498E-6
1.760000E+1	 1.040950E-9	 9.983975E-3	 1.716573E-6
1.780000E+1	 1.045043E-9	 9.983861E-3	 1.694537E-6
1.800000E+1	 1.058758E-9	 9.983396E-3	 1.674237E-6
1.820000E+1	 1.068717E-9	 9.984208E-3	 1.653511E-6
1.840000E+1	 1.065764E-9	 9.983632E-3	 1.633167E-6
1.860000E+1	 1.083868E-9	 9.983969E-3	 1.613538E-6
1.880000E+1	 1.082982E-9	 9.984788E-3	 1.594170E-6
1.900000E+1	 1.104124E-9	 9.983969E-3	 1.573250E-6
1.920000E+1	 1.096655E-9	 9.984437E-3	 1.554846E-6
1.940000E+1	 1.106107E-9	 9.984315E-3	 1.534687E-6
1.960000E+1	 1.127672E-9	 9.984205E-3	 1.516305E-6
1.980000E+1	 1.125731E-9	 9.984203E-3	 1.497319E-6
2.000000E+1	 1.139700E-9	 9.985013E-3	 1.479237E-6
2.020000E+1	 1.145903E-9	 9.984436E-3	 1.461379E-6
2.040000E+1	 1.141766E-9	 9.985129E-3	 1.443090E-6
2.060000E+1	 1.170125E-9	 9.985011E-3	 1.425744E-6
2.080000E+1	 1.167846E-9	 9.985016E-3	 1.408537E-6
2.100000E+1	 1.180675E-9	 9.984784E-3	 1.390909E-6
2.120000E+1	 1.184305E-9	 9.985248E-3	 1.374739E-6
2.140000E+1	 1.191099E-9	 9.984904E-3	 1.358872E-6
2.160000E+1	 1.206418E-9	 9.984783E-3	 1.342509E-6
2.180000E+1	 1.210175E-9	 9.984788E-3	 1.327171E-6
2.200000E+1	 1.213381E-9	 9.984209E-3	 1.312479E-6
2.220000E+1	 1.229797E-9	 9.984093E-3	 1.297478E-6
2.240000E+1	 1.224818E-9	 9.984318E-3	 1.282757E-6
2.260000E+1	 1.229038E-9	 9.984089E-3	 1.269443E-6
2.280000E+1	 1.236844E-9	 9.984199E-3	 1.255538E-6
2.300000E+1	 1.258113E-9	 9.983859E-3	 1.242007E-6
2.320000E+1	 1.266300E-9	 9.984431E-3	 1.229005E-6
2.340000E+1	 1.266004E-9	 9.984090E-3	 1.216834E-6
2.360000E+1	 1.280058E-9	 9.984436E-3	 1.204350E-6
2.380000E+1	 1.289679E-9	 9.984782E-3	 1.192863E-6
2.400000E+1	 1.285080E-9	 9.984203E-3	 1.181541E-6
2.420000E+1	 1.298836E-9	 9.984552E-3	 1.170954E-6
2.440000E+1	 1.315717E-9	 9.984440E-3	 1.161063E-6
2.460000E+1	 1.307275E-9	 9.984088E-3	 1.150189E-6
2.480000E+1	 1.325128E-9	 9.984780E-3	 1.140458E-6
2.500000E+1	 1.337113E-9	 9.984092E-3	 1.131218E-6
2.520000E+1	 1.341713E-9	 9.983860E-3	 1.122460E-6
2.540000E+1	 1.362052E-9	 9.983862E-3	 1.114095E-6
2.560000E+1	 1.347451E-9	 9.983858E-3	 1.106235E-6
2.580000E+1	 1.372054E-9	 9.983625E-3	 1.098908E-6
2.600000E+1	 1.370535E-9	 9.983744E-3	 1.091743E-6
2.620000E+1	 1.389779E-9	 9.983742E-3	 1.084619E-6
2.640000E+1	 1.385643E-9	 9.983741E-3	 1.078549E-6
2.660000E+1	 1.387838E-9	 9.983977E-3	 1.072098E-6
2.680000E+1	 1.405688E-9	 9.983976E-3	 1.066796E-6
2.700000E+1	 1.425184E-9	 9.984673E-3	 1.061245E-6
2.720000E+1	 1.423496E-9	 9.984553E-3	 1.056693E-6
2.740000E+1	 1.434469E-9	 9.984205E-3	 1.052404E-6
2.760000E+1	 1.440926E-9	 9.984322E-3	 1.048534E-6
2.780000E+1	 1.448858E-9	 9.984439E-3	 1.044731E-6
2.800000E+1	 1.449197E-9	 9.984088E-3	 1.041710E-6
2.820000E+1	 1.449028E-9	 9.984091E-3	 1.039335E-6
2.840000E+1	 1.467090E-9	 9.984440E-3	 1.036084E-6
2.860000E+1	 1.480509E-9	 9.984208E-3	 1.033930E-6
2.880000E+1	 1.483084E-9	 9.984671E-3	 1.032791E-6
2.900000E+1	 1.493212E-9	 9.984554E-3	 1.031387E-6
2.920000E+1	 1.500976E-9	 9.984782E-3	 1.029937E-6
2.940000E+1	 1.507180E-9	 9.984081E-3	 1.028904E-6
2.960000E+1	 1.519630E-9	 9.984673E-3	 1.028882E-6
2.980000E+1	 1.520221E-9	 9.984901E-3	 1.028620E-6
3.000000E+1	 1.532458E-9	 9.984557E-3	 1.029178E-6
3.020000E+1	 1.537269E-9	 9.984093E-3	 1.029524E-6
3.040000E+1	 1.545160E-9	 9.984324E-3	 1.029587E-6
3.060000E+1	 1.549381E-9	 9.984557E-3	 1.030361E-6
3.080000E+1	 1.571999E-9	 9.983742E-3	 1.031936E-6
3.100000E+1	 1.567315E-9	 9.983973E-3	 1.033198E-6
3.120000E+1	 1.585250E-9	 9.984666E-3	 1.034859E-6
3.140000E+1	 1.596349E-9	 9.983629E-3	 1.038298E-6
3.160000E+1	 1.592637E-9	 9.984091E-3	 1.040978E-6
3.180000E+1	 1.625342E-9	 9.983859E-3	 1.042919E-6
3.200000E+1	 1.612387E-9	 9.984324E-3	 1.045241E-6
3.220000E+1	 1.623146E-9	 9.984788E-3	 1.048479E-6
3.240000E+1	 1.630828E-9	 9.983744E-3	 1.051557E-6
3.260000E+1	 1.632895E-9	 9.984083E-3	 1.054839E-6
3.280000E+1	 1.637579E-9	 9.984091E-3	 1.058056E-6
3.300000E+1	 1.660072E-9	 9.984203E-3	 1.061610E-6
3.320000E+1	 1.652350E-9	 9.983512E-3	 1.065279E-6
3.340000E+1	 1.678682E-9	 9.983509E-3	 1.069157E-6
3.360000E+1	 1.687080E-9	 9.983854E-3	 1.073204E-6
3.380000E+1	 1.686869E-9	 9.983510E-3	 1.076746E-6
3.400000E+1	 1.696575E-9	 9.983859E-3	 1.081724E-6
3.420000E+1	 1.705733E-9	 9.984433E-3	 1.085062E-6
3.440000E+1	 1.713961E-9	 9.984441E-3	 1.089830E-6
3.460000E+1	 1.721306E-9	 9.983977E-3	 1.094188E-6
3.480000E+1	 1.711725E-9	 9.984092E-3	 1.098909E-6
3.500000E+1	 1.737299E-9	 9.984316E-3	 1.102712E-6
3.480000E+1	 1.456329E-9	 9.984198E-3	 1.087792E-6
3.460000E+1	 1.363951E-9	 9.984316E-3	 1.073827E-6
3.440000E+1	 1.321962E-9	 9.984437E-3	 1.061466E-6
3.420000E+1	 1.276681E-9	 9.984787E-3	 1.050595E-6
3.400000E+1	 1.239207E-9	 9.984086E-3	 1.040379E-6
3.380000E+1	 1.196543E-9	 9.984204E-3	 1.031297E-6
3.360000E+1	 1.172615E-9	 9.984553E-3	 1.024344E-6
3.340000E+1	 1.146915E-9	 9.984324E-3	 1.017861E-6
3.320000E+1	 1.108598E-9	 9.984091E-3	 1.013331E-6
3.300000E+1	 1.079816E-9	 9.985012E-3	 1.009741E-6
3.280000E+1	 1.057324E-9	 9.984440E-3	 1.007607E-6
3.260000E+1	 1.049305E-9	 9.984322E-3	 1.006805E-6
3.240000E+1	 1.026265E-9	 9.984558E-3	 1.007719E-6
3.220000E+1	 1.010397E-9	 9.984437E-3	 1.009229E-6
3.200000E+1	 9.806453E-10	 9.984554E-3	 1.012094E-6
3.180000E+1	 9.630904E-10	 9.984203E-3	 1.016265E-6
3.160000E+1	 9.557897E-10	 9.983972E-3	 1.021776E-6
3.140000E+1	 9.256585E-10	 9.984202E-3	 1.029111E-6
3.120000E+1	 9.178935E-10	 9.984324E-3	 1.037019E-6
3.100000E+1	 8.983548E-10	 9.984787E-3	 1.046436E-6
3.080000E+1	 8.828674E-10	 9.984205E-3	 1.057392E-6
3.060000E+1	 8.792803E-10	 9.984198E-3	 1.068982E-6
3.040000E+1	 8.600788E-10	 9.984324E-3	 1.082008E-6
3.020000E+1	 8.375435E-10	 9.984324E-3	 1.096114E-6
3.000000E+1	 8.317201E-10	 9.984436E-3	 1.111509E-6
2.980000E+1	 8.074967E-10	 9.984206E-3	 1.127814E-6
2.960000E+1	 8.024748E-10	 9.984093E-3	 1.144986E-6
2.940000E+1	 7.859333E-10	 9.983853E-3	 1.162180E-6
2.920000E+1	 7.702761E-10	 9.983975E-3	 1.180733E-6
2.900000E+1	 7.644949E-10	 9.983516E-3	 1.200768E-6
2.880000E+1	 7.476988E-10	 9.983851E-3	 1.221906E-6
2.860000E+1	 7.352925E-10	 9.983167E-3	 1.242704E-6
2.840000E+1	 7.201001E-10	 9.983404E-3	 1.264902E-6
2.820000E+1	 7.111536E-10	 9.983860E-3	 1.287141E-6
2.800000E+1	 6.901802E-10	 9.984310E-3	 1.310175E-6
2.780000E+1	 6.847780E-10	 9.983859E-3	 1.334555E-6
2.760000E+1	 6.754514E-10	 9.983976E-3	 1.358658E-6
2.740000E+1	 6.795877E-10	 9.983515E-3	 1.383312E-6
2.720000E+1	 6.589939E-10	 9.983392E-3	 1.409515E-6
2.700000E+1	 6.470932E-10	 9.983747E-3	 1.435053E-6
2.680000E+1	 6.360788E-10	 9.983623E-3	 1.462239E-6
2.660000E+1	 6.325765E-10	 9.983629E-3	 1.487312E-6
2.640000E+1	 6.091131E-10	 9.983281E-3	 1.515570E-6
2.620000E+1	 6.016434E-10	 9.983279E-3	 1.542394E-6
2.600000E+1	 5.959042E-10	 9.982822E-3	 1.570662E-6
2.580000E+1	 5.887727E-10	 9.983159E-3	 1.597967E-6
2.560000E+1	 5.751419E-10	 9.983518E-3	 1.625196E-6
2.540000E+1	 5.631993E-10	 9.983504E-3	 1.654662E-6
2.520000E+1	 5.437016E-10	 9.982930E-3	 1.682967E-6
2.500000E+1	 5.433224E-10	 9.982698E-3	 1.711171E-6
2.480000E+1	 5.346294E-10	 9.983280E-3	 1.741734E-6
2.460000E+1	 5.252609E-10	 9.982815E-3	 1.769871E-6
2.440000E+1	 5.084649E-10	 9.983506E-3	 1.796926E-6
2.420000E+1	 5.037386E-10	 9.983167E-3	 1.832080E-6
2.400000E+1	 4.990120E-10	 9.983271E-3	 1.860273E-6
2.380000E+1	 4.810350E-10	 9.984203E-3	 1.891107E-6
2.360000E+1	 4.790937E-10	 9.983744E-3	 1.919601E-6
2.340000E+1	 4.639016E-10	 9.983979E-3	 1.948102E-6
2.320000E+1	 4.487935E-10	 9.983514E-3	 1.977023E-6
2.300000E+1	 4.514522E-10	 9.983857E-3	 2.005541E-6
2.280000E+1	 4.379904E-10	 9.983514E-3	 2.035176E-6
2.260000E+1	 4.334327E-10	 9.984206E-3	 2.065065E-6
2.240000E+1	 4.185361E-10	 9.984318E-3	 2.093961E-6
2.220000E+1	 4.144847E-10	 9.983741E-3	 2.123017E-6
2.200000E+1	 4.038501E-10	 9.983852E-3	 2.151665E-6
2.180000E+1	 3.915276E-10	 9.983740E-3	 2.181893E-6
2.160000E+1	 3.835096E-10	 9.983861E-3	 2.211019E-6
2.140000E+1	 3.646040E-10	 9.984321E-3	 2.238731E-6
2.120000E+1	 3.671779E-10	 9.983744E-3	 2.266813E-6
2.100000E+1	 3.504667E-10	 9.983511E-3	 2.296116E-6
2.080000E+1	 3.501291E-10	 9.983744E-3	 2.324142E-6
2.060000E+1	 3.235853E-10	 9.983399E-3	 2.354593E-6
2.040000E+1	 3.266658E-10	 9.983514E-3	 2.382618E-6
2.020000E+1	 3.202089E-10	 9.983047E-3	 2.410046E-6
2.000000E+1	 3.034135E-10	 9.983394E-3	 2.438175E-6
1.980000E+1	 3.039199E-10	 9.983284E-3	 2.466501E-6
1.960000E+1	 3.040040E-10	 9.983740E-3	 2.494814E-6
1.940000E+1	 2.908377E-10	 9.983618E-3	 2.522615E-6
1.920000E+1	 2.888120E-10	 9.983157E-3	 2.548902E-6
1.900000E+1	 2.765315E-10	 9.983396E-3	 2.582086E-6
1.880000E+1	 2.591874E-10	 9.983744E-3	 2.608464E-6
1.860000E+1	 2.329384E-10	 9.983278E-3	 2.636411E-6
1.840000E+1	 2.482996E-10	 9.983511E-3	 2.663500E-6
1.820000E+1	 2.318835E-10	 9.983859E-3	 2.686887E-6
1.800000E+1	 2.281699E-10	 9.983396E-3	 2.720107E-6
1.780000E+1	 2.128510E-10	 9.983511E-3	 2.746108E-6
1.760000E+1	 1.935656E-10	 9.983500E-3	 2.773369E-6
1.740000E+1	 1.918353E-10	 9.983858E-3	 2.799906E-6
1.720000E+1	 1.845769E-10	 9.983512E-3	 2.831943E-6
1.700000E+1	 1.820448E-10	 9.983975E-3	 2.856666E-6
1.680000E+1	 1.707351E-10	 9.983744E-3	 2.883288E-6
1.660000E+1	 1.479891E-10	 9.983625E-3	 2.907978E-6
1.640000E+1	 1.449930E-10	 9.983504E-3	 2.932383E-6
1.620000E+1	 1.490864E-10	 9.983627E-3	 2.957478E-6
1.600000E+1	 1.333033E-10	 9.983506E-3	 2.983158E-6
1.580000E+1	 1.246522E-10	 9.983625E-3	 3.008365E-6
1.560000E+1	 1.138067E-10	 9.983857E-3	 3.033529E-6
1.540000E+1	 1.062951E-10	 9.984089E-3	 3.057484E-6
1.520000E+1	 9.633591E-11	 9.983857E-3	 3.081736E-6
1.500000E+1	 8.861298E-11	 9.983972E-3	 3.107055E-6
1.480000E+1	 8.489948E-11	 9.983855E-3	 3.130249E-6
1.460000E+1	 8.346465E-11	 9.983975E-3	 3.155561E-6
1.440000E+1	 8.224088E-11	 9.984090E-3	 3.180020E-6
1.420000E+1	 7.008710E-11	 9.983854E-3	 3.203924E-6
1.400000E+1	 5.974807E-11	 9.984088E-3	 3.227995E-6
1.380000E+1	 5.573886E-11	 9.983859E-3	 3.250582E-6
1.360000E+1	 4.016705E-11	 9.983511E-3	 3.274122E-6
1.340000E+1	 3.138938E-11	 9.983628E-3	 3.297173E-6
1.320000E+1	 3.265543E-11	 9.983271E-3	 3.326453E-6
1.300000E+1	 1.488899E-11	 9.983740E-3	 3.349680E-6
1.280000E+1	 3.283929E-12	 9.983627E-3	 3.373119E-6
1.260000E+1	 -5.198411E-12	 9.983621E-3	 3.396267E-6
1.240000E+1	 -1.756305E-11	 9.983506E-3	 3.419000E-6
1.220000E+1	 -2.591873E-11	 9.983394E-3	 3.442519E-6
1.200000E+1	 -3.237546E-11	 9.983281E-3	 3.463664E-6
1.180000E+1	 -4.153287E-11	 9.983511E-3	 3.486416E-6
1.160000E+1	 -5.575447E-11	 9.983509E-3	 3.506745E-6
1.140000E+1	 -4.929783E-11	 9.983625E-3	 3.530105E-6
1.120000E+1	 -5.052164E-11	 9.983509E-3	 3.553033E-6
1.100000E+1	 -7.622172E-11	 9.983166E-3	 3.573843E-6
1.080000E+1	 -7.554648E-11	 9.983280E-3	 3.596241E-6
1.060000E+1	 -8.499937E-11	 9.983497E-3	 3.619542E-6
1.040000E+1	 -9.951633E-11	 9.983621E-3	 3.641177E-6
1.020000E+1	 -9.166701E-11	 9.983629E-3	 3.660754E-6
1.000000E+1	 -1.005291E-10	 9.983738E-3	 3.682345E-6
9.800000E+0	 -1.182111E-10	 9.983975E-3	 3.705928E-6
9.600000E+0	 -1.331078E-10	 9.984091E-3	 3.725122E-6
9.400001E+0	 -1.333188E-10	 9.984084E-3	 3.748100E-6
9.200001E+0	 -1.346692E-10	 9.984434E-3	 3.766861E-6
9.000000E+0	 -1.504100E-10	 9.983507E-3	 3.789174E-6
8.800000E+0	 -1.572043E-10	 9.983740E-3	 3.809392E-6
8.600000E+0	 -1.635765E-10	 9.983851E-3	 3.830906E-6
8.400001E+0	 -1.777981E-10	 9.983859E-3	 3.851125E-6
8.200000E+0	 -1.745908E-10	 9.983967E-3	 3.871860E-6
8.000000E+0	 -1.887702E-10	 9.983859E-3	 3.891897E-6
7.800000E+0	 -1.889390E-10	 9.983858E-3	 3.911857E-6
7.600000E+0	 -1.978437E-10	 9.983740E-3	 3.930126E-6
7.400000E+0	 -2.143028E-10	 9.983973E-3	 3.949553E-6
7.200000E+0	 -2.095761E-10	 9.984210E-3	 3.967923E-6
7.000000E+0	 -2.252756E-10	 9.983853E-3	 3.987171E-6
6.800000E+0	 -2.290316E-10	 9.984207E-3	 4.006036E-6
6.600000E+0	 -2.411017E-10	 9.983632E-3	 4.023724E-6
6.400000E+0	 -2.475165E-10	 9.983396E-3	 4.041412E-6
6.200000E+0	 -2.668455E-10	 9.983512E-3	 4.059361E-6
6.000000E+0	 -2.691666E-10	 9.983747E-3	 4.076738E-6
5.800000E+0	 -2.667611E-10	 9.983627E-3	 4.094603E-6
5.600000E+0	 -2.851616E-10	 9.983165E-3	 4.113245E-6
5.400000E+0	 -2.958389E-10	 9.983624E-3	 4.128330E-6
5.200000E+0	 -3.010299E-10	 9.983400E-3	 4.144987E-6
5.000000E+0	 -3.176155E-10	 9.982704E-3	 4.164116E-6
4.800000E+0	 -3.137751E-10	 9.983969E-3	 4.181409E-6
4.600000E+0	 -3.211607E-10	 9.983274E-3	 4.200222E-6
4.400000E+0	 -3.309095E-10	 9.983283E-3	 4.217665E-6
4.200000E+0	 -3.435282E-10	 9.983394E-3	 4.234678E-6
4.000000E+0	 -3.565268E-10	 9.983166E-3	 4.252798E-6
3.800000E+0	 -3.561891E-10	 9.983163E-3	 4.269773E-6
3.600000E+0	 -3.570332E-10	 9.982702E-3	 4.286726E-6
3.400000E+0	 -3.674573E-10	 9.983278E-3	 4.306455E-6
3.200000E+0	 -3.806668E-10	 9.982930E-3	 4.321992E-6
3.000000E+0	 -3.858154E-10	 9.983506E-3	 4.337927E-6
2.800000E+0	 -3.864486E-10	 9.983610E-3	 4.355963E-6
2.600000E+0	 -4.086474E-10	 9.983163E-3	 4.375298E-6
2.400000E+0	 -4.185228E-10	 9.983855E-3	 4.392134E-6
2.200000E+0	 -4.073812E-10	 9.983631E-3	 4.411259E-6
2.000000E+0	 -4.220256E-10	 9.983161E-3	 4.429612E-6
1.800000E+0	 -4.444356E-10	 9.983166E-3	 4.446825E-6
1.600000E+0	 -4.388646E-10	 9.983159E-3	 4.466736E-6
1.400000E+0	 -4.528339E-10	 9.982690E-3	 4.483414E-6
1.200000E+0	 -4.582358E-10	 9.983392E-3	 4.501265E-6
1.000000E+0	 -4.653682E-10	 9.982819E-3	 4.519372E-6
8.000002E-1	 -4.758765E-10	 9.983389E-3	 4.538912E-6
6.000001E-1	 -4.710655E-10	 9.983284E-3	 4.551362E-6
4.000002E-1	 -4.861743E-10	 9.983618E-3	 4.571167E-6
2.000002E-1	 -4.864696E-10	 9.983972E-3	 4.589646E-6
1.490116E-7	 -4.995946E-10	 9.983628E-3	 4.607301E-6
-1.999999E-1	 -4.980331E-10	 9.984091E-3	 4.624123E-6
-3.999999E-1	 -5.174040E-10	 9.983625E-3	 4.643255E-6
-5.999998E-1	 -5.185858E-10	 9.983623E-3	 4.659084E-6
-7.999998E-1	 -5.392654E-10	 9.983624E-3	 4.677341E-6
-9.999999E-1	 -5.350450E-10	 9.983510E-3	 4.692365E-6
-1.200000E+0	 -5.531077E-10	 9.983858E-3	 4.710886E-6
-1.400000E+0	 -5.529813E-10	 9.983624E-3	 4.727665E-6
-1.600000E+0	 -5.546692E-10	 9.983509E-3	 4.748541E-6
-1.800000E+0	 -5.820591E-10	 9.983744E-3	 4.764671E-6
-2.000000E+0	 -5.922721E-10	 9.983269E-3	 4.782911E-6
-2.200000E+0	 -5.875876E-10	 9.983394E-3	 4.799415E-6
-2.400000E+0	 -6.102084E-10	 9.983283E-3	 4.816178E-6
-2.600000E+0	 -6.064103E-10	 9.983625E-3	 4.832945E-6
-2.800000E+0	 -6.151041E-10	 9.983744E-3	 4.847627E-6
-3.000000E+0	 -6.199571E-10	 9.983969E-3	 4.864783E-6
-3.200000E+0	 -6.293683E-10	 9.983621E-3	 4.881876E-6
-3.400000E+0	 -6.371760E-10	 9.983744E-3	 4.898228E-6
-3.600000E+0	 -6.516516E-10	 9.983392E-3	 4.912413E-6
-3.800000E+0	 -6.525377E-10	 9.983509E-3	 4.928525E-6
-4.000000E+0	 -6.558718E-10	 9.983163E-3	 4.943392E-6
-4.200000E+0	 -6.663381E-10	 9.983272E-3	 4.960326E-6
-4.400000E+0	 -6.893808E-10	 9.982692E-3	 4.975308E-6
-4.600000E+0	 -6.789991E-10	 9.983046E-3	 4.993713E-6
-4.800000E+0	 -6.921664E-10	 9.983045E-3	 5.007746E-6
-5.000000E+0	 -7.046162E-10	 9.983511E-3	 5.022562E-6
-5.200000E+0	 -7.042786E-10	 9.983166E-3	 5.038165E-6
-5.400000E+0	 -7.211177E-10	 9.983050E-3	 5.053506E-6
-5.600000E+0	 -7.314147E-10	 9.982922E-3	 5.069761E-6
-5.800000E+0	 -7.332299E-10	 9.982701E-3	 5.084539E-6
-6.000000E+0	 -7.407840E-10	 9.983280E-3	 5.097818E-6
-6.200000E+0	 -7.556394E-10	 9.982704E-3	 5.115153E-6
-6.400000E+0	 -7.550491E-10	 9.983390E-3	 5.131441E-6
-6.600000E+0	 -7.662749E-10	 9.983046E-3	 5.145514E-6
-6.800000E+0	 -7.640381E-10	 9.982815E-3	 5.158535E-6
-7.000000E+0	 -7.814675E-10	 9.982933E-3	 5.174077E-6
-7.200000E+0	 -7.891905E-10	 9.982822E-3	 5.188792E-6
-7.400000E+0	 -7.967878E-10	 9.982820E-3	 5.202356E-6
-7.600000E+0	 -7.996150E-10	 9.983045E-3	 5.216340E-6
-7.800000E+0	 -8.087309E-10	 9.982932E-3	 5.231668E-6
-8.000000E+0	 -8.227844E-10	 9.982936E-3	 5.246668E-6
-8.200000E+0	 -8.189860E-10	 9.982815E-3	 5.259682E-6
-8.400000E+0	 -8.433793E-10	 9.982477E-3	 5.272541E-6
-8.600000E+0	 -8.416066E-10	 9.983165E-3	 5.287138E-6
-8.800000E+0	 -8.397496E-10	 9.983167E-3	 5.298450E-6
-9.000000E+0	 -8.583192E-10	 9.982822E-3	 5.312627E-6
-9.200000E+0	 -8.580234E-10	 9.983513E-3	 5.326883E-6
-9.400000E+0	 -8.749050E-10	 9.983163E-3	 5.340316E-6
-9.600000E+0	 -8.846114E-10	 9.982929E-3	 5.354716E-6
-9.800000E+0	 -8.823750E-10	 9.983280E-3	 5.368070E-6
-1.000000E+1	 -8.990451E-10	 9.983157E-3	 5.381646E-6
-9.800000E+0	 -6.210125E-10	 9.982926E-3	 5.351447E-6
-9.600000E+0	 -5.517573E-10	 9.983045E-3	 5.320798E-6
-9.400000E+0	 -4.855408E-10	 9.983043E-3	 5.291109E-6
-9.200000E+0	 -4.613586E-10	 9.983050E-3	 5.260780E-6
-9.000000E+0	 -4.148510E-10	 9.982928E-3	 5.230476E-6
-8.800000E+0	 -3.707490E-10	 9.983283E-3	 5.202480E-6
-8.600000E+0	 -3.464822E-10	 9.983052E-3	 5.173129E-6
-8.400000E+0	 -3.115384E-10	 9.983166E-3	 5.142550E-6
-8.200000E+0	 -2.749062E-10	 9.982936E-3	 5.114201E-6
-8.000000E+0	 -2.637224E-10	 9.982706E-3	 5.088114E-6
-7.800000E+0	 -2.273857E-10	 9.982931E-3	 5.056059E-6
-7.600000E+0	 -2.063687E-10	 9.983045E-3	 5.030814E-6
-7.400000E+0	 -2.000382E-10	 9.982704E-3	 4.999672E-6
-7.200000E+0	 -1.750551E-10	 9.983278E-3	 4.972176E-6
-7.000000E+0	 -1.610867E-10	 9.982935E-3	 4.944201E-6
-6.800000E+0	 -1.452194E-10	 9.982361E-3	 4.917093E-6
-6.600000E+0	 -1.158901E-10	 9.982818E-3	 4.887716E-6
-6.400000E+0	 -9.803931E-11	 9.983052E-3	 4.857640E-6
-6.200000E+0	 -9.466325E-11	 9.983049E-3	 4.832153E-6
-6.000000E+0	 -7.293009E-11	 9.983055E-3	 4.804439E-6
-5.800000E+0	 -5.005747E-11	 9.982581E-3	 4.778322E-6
-5.600000E+0	 -4.039367E-11	 9.983052E-3	 4.749735E-6
-5.400000E+0	 -2.980126E-11	 9.983512E-3	 4.724008E-6
-5.200000E+0	 -1.870250E-11	 9.983283E-3	 4.695956E-6
-5.000000E+0	 -2.835329E-12	 9.983502E-3	 4.669595E-6
-4.800000E+0	 5.478090E-12	 9.983397E-3	 4.641719E-6
-4.600000E+0	 2.632518E-11	 9.983397E-3	 4.615829E-6
-4.400000E+0	 4.451353E-11	 9.983624E-3	 4.588424E-6
-4.200000E+0	 4.805831E-11	 9.983162E-3	 4.563186E-6
-4.000000E+0	 6.489634E-11	 9.982574E-3	 4.536056E-6
-3.800000E+0	 8.633422E-11	 9.982822E-3	 4.509261E-6
-3.600000E+0	 9.367701E-11	 9.982818E-3	 4.481974E-6
-3.400000E+0	 1.051976E-10	 9.982698E-3	 4.455508E-6
-3.200000E+0	 1.169714E-10	 9.983276E-3	 4.428720E-6
-3.000000E+0	 1.335564E-10	 9.982931E-3	 4.403192E-6
-2.800000E+0	 1.395066E-10	 9.983050E-3	 4.375275E-6
-2.600000E+0	 1.386625E-10	 9.983050E-3	 4.351002E-6
-2.400000E+0	 1.547408E-10	 9.983508E-3	 4.323938E-6
-2.200000E+0	 1.747018E-10	 9.983049E-3	 4.299106E-6
-2.000000E+0	 1.760100E-10	 9.983398E-3	 4.273008E-6
-1.800000E+0	 1.995155E-10	 9.983052E-3	 4.245506E-6
-1.600000E+0	 1.898097E-10	 9.983284E-3	 4.219020E-6
-1.400000E+0	 2.069430E-10	 9.983281E-3	 4.194107E-6
-1.200000E+0	 2.099811E-10	 9.982817E-3	 4.166389E-6
-9.999999E-1	 2.383821E-10	 9.983741E-3	 4.140958E-6
-7.999998E-1	 2.524350E-10	 9.983507E-3	 4.114563E-6
-5.999998E-1	 2.498605E-10	 9.983384E-3	 4.090137E-6
-3.999999E-1	 2.598201E-10	 9.983627E-3	 4.063575E-6
-1.999999E-1	 2.477505E-10	 9.982932E-3	 4.037885E-6
1.490116E-7	 2.637024E-10	 9.983513E-3	 4.009635E-6
2.000002E-1	 2.954795E-10	 9.983053E-3	 3.983205E-6
4.000002E-1	 3.044683E-10	 9.983396E-3	 3.957950E-6
6.000001E-1	 3.034555E-10	 9.982465E-3	 3.930390E-6
8.000002E-1	 3.185211E-10	 9.983052E-3	 3.906230E-6
1.000000E+0	 3.343463E-10	 9.983155E-3	 3.879072E-6
1.200000E+0	 3.295776E-10	 9.983049E-3	 3.853206E-6
1.400000E+0	 3.484834E-10	 9.983280E-3	 3.828029E-6
1.600000E+0	 3.535895E-10	 9.983049E-3	 3.802395E-6
1.800000E+0	 3.594975E-10	 9.982704E-3	 3.777931E-6
2.000000E+0	 3.882780E-10	 9.982591E-3	 3.752593E-6
2.200000E+0	 3.796690E-10	 9.982474E-3	 3.725629E-6
2.400000E+0	 3.783191E-10	 9.982808E-3	 3.701402E-6
2.600000E+0	 4.049893E-10	 9.982700E-3	 3.674896E-6
2.800000E+0	 4.035551E-10	 9.982938E-3	 3.650710E-6
3.000000E+0	 4.171010E-10	 9.982935E-3	 3.625094E-6
3.200000E+0	 4.281573E-10	 9.983400E-3	 3.602996E-6
3.400000E+0	 4.373993E-10	 9.983167E-3	 3.577107E-6
3.600000E+0	 4.451219E-10	 9.983399E-3	 3.553609E-6
3.800000E+0	 4.559251E-10	 9.983514E-3	 3.531787E-6
4.000000E+0	 4.579934E-10	 9.983283E-3	 3.508841E-6
4.200000E+0	 4.660957E-10	 9.982705E-3	 3.484364E-6
4.400000E+0	 4.823855E-10	 9.982705E-3	 3.460287E-6
4.600000E+0	 4.918378E-10	 9.983051E-3	 3.437615E-6
4.800000E+0	 5.122628E-10	 9.983394E-3	 3.413788E-6
5.000000E+0	 5.091823E-10	 9.983040E-3	 3.391031E-6
5.200000E+0	 5.044560E-10	 9.983274E-3	 3.367481E-6
5.400000E+0	 5.314220E-10	 9.982935E-3	 3.344322E-6
5.600000E+0	 5.331101E-10	 9.983510E-3	 3.321315E-6
5.800000E+0	 5.406636E-10	 9.982815E-3	 3.298710E-6
6.000000E+0	 5.777160E-10	 9.983747E-3	 3.276340E-6
6.200000E+0	 5.645920E-10	 9.984084E-3	 3.251839E-6
6.400000E+0	 5.720186E-10	 9.983398E-3	 3.229957E-6
6.600000E+0	 5.758592E-10	 9.984090E-3	 3.204941E-6
6.800000E+0	 5.869998E-10	 9.983396E-3	 3.180624E-6
7.000000E+0	 5.883928E-10	 9.984079E-3	 3.157933E-6
7.200000E+0	 6.031208E-10	 9.983511E-3	 3.132757E-6
7.400000E+0	 6.093660E-10	 9.983508E-3	 3.107973E-6
7.600000E+0	 6.160339E-10	 9.983744E-3	 3.082857E-6
7.800000E+0	 6.191991E-10	 9.983510E-3	 3.059455E-6
8.000000E+0	 6.336734E-10	 9.983854E-3	 3.034978E-6
8.200000E+0	 6.394976E-10	 9.984319E-3	 3.009529E-6
8.400001E+0	 6.557863E-10	 9.983971E-3	 2.982435E-6
8.600000E+0	 6.611884E-10	 9.983968E-3	 2.957886E-6
8.800000E+0	 6.700084E-10	 9.983861E-3	 2.932969E-6
9.000000E+0	 6.825846E-10	 9.984096E-3	 2.908595E-6
9.200001E+0	 6.776890E-10	 9.983857E-3	 2.881762E-6
9.400001E+0	 6.900538E-10	 9.983972E-3	 2.856488E-6
9.600000E+0	 7.067643E-10	 9.983975E-3	 2.831259E-6
9.800000E+0	 7.054146E-10	 9.983166E-3	 2.805897E-6
1.000000E+1	 7.222948E-10	 9.984209E-3	 2.779511E-6
1.020000E+1	 7.128836E-10	 9.983862E-3	 2.754419E-6
1.040000E+1	 7.282029E-10	 9.983169E-3	 2.730138E-6
1.060000E+1	 7.386266E-10	 9.983975E-3	 2.703288E-6
1.080000E+1	 7.551263E-10	 9.983862E-3	 2.677844E-6
1.100000E+1	 7.630182E-10	 9.983742E-3	 2.653432E-6
1.120000E+1	 7.684621E-10	 9.983628E-3	 2.628137E-6
1.140000E+1	 7.781681E-10	 9.982926E-3	 2.601155E-6
1.160000E+1	 7.865665E-10	 9.983507E-3	 2.578132E-6
1.180000E+1	 7.785058E-10	 9.983168E-3	 2.552416E-6
1.200000E+1	 7.968636E-10	 9.983745E-3	 2.528354E-6
1.220000E+1	 8.032771E-10	 9.983863E-3	 2.499355E-6
1.240000E+1	 8.144186E-10	 9.983977E-3	 2.474817E-6
1.260000E+1	 8.310030E-10	 9.983051E-3	 2.450857E-6
1.280000E+1	 8.347586E-10	 9.983167E-3	 2.424578E-6
1.300000E+1	 8.604589E-10	 9.983625E-3	 2.400740E-6
1.320000E+1	 8.472927E-10	 9.983278E-3	 2.376412E-6
1.340000E+1	 8.600795E-10	 9.983742E-3	 2.351748E-6
1.360000E+1	 8.656914E-10	 9.983396E-3	 2.326472E-6
1.380000E+1	 8.842598E-10	 9.985011E-3	 2.303097E-6
1.400000E+1	 8.751871E-10	 9.983399E-3	 2.278207E-6
1.420000E+1	 8.899569E-10	 9.983853E-3	 2.253858E-6
1.440000E+1	 9.015620E-10	 9.984085E-3	 2.229028E-6
1.460000E+1	 9.014774E-10	 9.984541E-3	 2.205689E-6
1.480000E+1	 9.149401E-10	 9.983166E-3	 2.180769E-6
1.500000E+1	 9.112685E-10	 9.984427E-3	 2.156641E-6
1.520000E+1	 9.317352E-10	 9.984205E-3	 2.133091E-6
1.540000E+1	 9.456615E-10	 9.983972E-3	 2.107326E-6
1.560000E+1	 9.435513E-10	 9.984322E-3	 2.084722E-6
1.580000E+1	 9.539750E-10	 9.983742E-3	 2.059772E-6
1.600000E+1	 9.667613E-10	 9.984095E-3	 2.035877E-6
1.620000E+1	 9.688294E-10	 9.983163E-3	 2.013176E-6
1.640000E+1	 9.696732E-10	 9.983978E-3	 1.989056E-6
1.660000E+1	 9.877773E-10	 9.983860E-3	 1.965601E-6
1.680000E+1	 9.992558E-10	 9.982935E-3	 1.943084E-6
1.700000E+1	 1.005797E-9	 9.983279E-3	 1.919419E-6
1.720000E+1	 1.002295E-9	 9.983738E-3	 1.895964E-6
1.740000E+1	 1.018162E-9	 9.983170E-3	 1.872597E-6
1.760000E+1	 1.019555E-9	 9.983975E-3	 1.851249E-6
1.780000E+1	 1.034789E-9	 9.983857E-3	 1.830026E-6
1.800000E+1	 1.043229E-9	 9.984316E-3	 1.802117E-6
1.820000E+1	 1.046647E-9	 9.984194E-3	 1.781616E-6
1.840000E+1	 1.068929E-9	 9.984203E-3	 1.758603E-6
1.860000E+1	 1.066059E-9	 9.984314E-3	 1.737634E-6
1.880000E+1	 1.080196E-9	 9.984436E-3	 1.715856E-6
1.900000E+1	 1.088299E-9	 9.983857E-3	 1.694228E-6
1.920000E+1	 1.080534E-9	 9.984539E-3	 1.672810E-6
1.940000E+1	 1.104504E-9	 9.984549E-3	 1.652315E-6
1.960000E+1	 1.099398E-9	 9.984434E-3	 1.632068E-6
1.980000E+1	 1.115982E-9	 9.984670E-3	 1.611010E-6
2.000000E+1	 1.119612E-9	 9.984436E-3	 1.590371E-6
2.020000E+1	 1.128475E-9	 9.984437E-3	 1.570649E-6
2.040000E+1	 1.132230E-9	 9.984195E-3	 1.550924E-6
2.060000E+1	 1.146705E-9	 9.984663E-3	 1.532151E-6
2.080000E+1	 1.162740E-9	 9.984206E-3	 1.512305E-6
2.100000E+1	 1.154131E-9	 9.984088E-3	 1.493722E-6
2.120000E+1	 1.158520E-9	 9.984896E-3	 1.475423E-6
2.140000E+1	 1.178355E-9	 9.984321E-3	 1.456503E-6
2.160000E+1	 1.174176E-9	 9.984205E-3	 1.438826E-6
2.180000E+1	 1.187259E-9	 9.984785E-3	 1.421639E-6
2.200000E+1	 1.196796E-9	 9.985133E-3	 1.404170E-6
2.220000E+1	 1.207093E-9	 9.984785E-3	 1.386125E-6
2.240000E+1	 1.211988E-9	 9.984314E-3	 1.370498E-6
2.260000E+1	 1.214267E-9	 9.984209E-3	 1.351036E-6
2.280000E+1	 1.231147E-9	 9.984324E-3	 1.335955E-6
2.300000E+1	 1.248787E-9	 9.983625E-3	 1.319943E-6
2.320000E+1	 1.267567E-9	 9.983745E-3	 1.305604E-6
2.340000E+1	 1.267060E-9	 9.983859E-3	 1.290759E-6
2.360000E+1	 1.267229E-9	 9.984324E-3	 1.276228E-6
2.380000E+1	 1.274783E-9	 9.983978E-3	 1.261675E-6
2.400000E+1	 1.280311E-9	 9.984090E-3	 1.248693E-6
2.420000E+1	 1.288498E-9	 9.984090E-3	 1.236216E-6
2.440000E+1	 1.287147E-9	 9.984322E-3	 1.223455E-6
2.460000E+1	 1.313059E-9	 9.983744E-3	 1.207443E-6
2.480000E+1	 1.322258E-9	 9.984436E-3	 1.197432E-6
2.500000E+1	 1.319979E-9	 9.984433E-3	 1.182700E-6
2.520000E+1	 1.329727E-9	 9.984319E-3	 1.173246E-6
2.540000E+1	 1.359057E-9	 9.983731E-3	 1.163021E-6
2.560000E+1	 1.358930E-9	 9.983975E-3	 1.152839E-6
2.580000E+1	 1.359310E-9	 9.984437E-3	 1.143069E-6
2.600000E+1	 1.368341E-9	 9.984093E-3	 1.133830E-6
2.620000E+1	 1.367750E-9	 9.983975E-3	 1.125675E-6
2.640000E+1	 1.385643E-9	 9.983630E-3	 1.116646E-6
2.660000E+1	 1.381761E-9	 9.983859E-3	 1.108637E-6
2.680000E+1	 1.387753E-9	 9.984324E-3	 1.100656E-6
2.700000E+1	 1.400709E-9	 9.984209E-3	 1.094144E-6
2.720000E+1	 1.401976E-9	 9.984203E-3	 1.087223E-6
2.740000E+1	 1.416702E-9	 9.984205E-3	 1.080612E-6
2.760000E+1	 1.427294E-9	 9.984195E-3	 1.074604E-6
2.780000E+1	 1.429025E-9	 9.984205E-3	 1.069290E-6
2.800000E+1	 1.432316E-9	 9.984207E-3	 1.064015E-6
2.820000E+1	 1.439449E-9	 9.983976E-3	 1.059785E-6
2.840000E+1	 1.447847E-9	 9.983862E-3	 1.053766E-6
2.860000E+1	 1.462448E-9	 9.983858E-3	 1.050632E-6
2.880000E+1	 1.478440E-9	 9.984320E-3	 1.047191E-6
2.900000E+1	 1.489709E-9	 9.983747E-3	 1.043987E-6
2.920000E+1	 1.484562E-9	 9.984669E-3	 1.041702E-6
2.940000E+1	 1.497053E-9	 9.983968E-3	 1.039394E-6
2.960000E+1	 1.499964E-9	 9.983742E-3	 1.037460E-6
2.980000E+1	 1.503256E-9	 9.984088E-3	 1.036660E-6
3.000000E+1	 1.524989E-9	 9.984093E-3	 1.035179E-6
3.020000E+1	 1.526001E-9	 9.984318E-3	 1.034501E-6
3.040000E+1	 1.533345E-9	 9.984666E-3	 1.034103E-6
3.060000E+1	 1.543768E-9	 9.984436E-3	 1.034231E-6
3.080000E+1	 1.549676E-9	 9.983742E-3	 1.033895E-6
3.100000E+1	 1.565037E-9	 9.984085E-3	 1.034444E-6
3.120000E+1	 1.556174E-9	 9.984668E-3	 1.035045E-6
3.140000E+1	 1.565756E-9	 9.983625E-3	 1.037199E-6
3.160000E+1	 1.580483E-9	 9.984083E-3	 1.038420E-6
3.180000E+1	 1.592172E-9	 9.984671E-3	 1.040727E-6
3.200000E+1	 1.615846E-9	 9.983975E-3	 1.042714E-6
3.220000E+1	 1.601035E-9	 9.983745E-3	 1.045008E-6
3.240000E+1	 1.626987E-9	 9.984206E-3	 1.047703E-6
3.260000E+1	 1.628465E-9	 9.984324E-3	 1.050418E-6
3.280000E+1	 1.628295E-9	 9.984666E-3	 1.052814E-6
3.300000E+1	 1.643319E-9	 9.984314E-3	 1.056919E-6
3.320000E+1	 1.644922E-9	 9.983975E-3	 1.059057E-6
3.340000E+1	 1.656823E-9	 9.983511E-3	 1.062334E-6
3.360000E+1	 1.659988E-9	 9.983514E-3	 1.065949E-6
3.380000E+1	 1.657245E-9	 9.984443E-3	 1.069845E-6
3.400000E+1	 1.674041E-9	 9.984202E-3	 1.073893E-6
3.420000E+1	 1.682229E-9	 9.984326E-3	 1.078062E-6
3.440000E+1	 1.678641E-9	 9.983859E-3	 1.081194E-6
3.460000E+1	 1.709828E-9	 9.984440E-3	 1.085928E-6
3.480000E+1	 1.708182E-9	 9.983861E-3	 1.090580E-6
3.500000E+1	 1.701345E-9	 9.983973E-3	 1.095307E-6
3.480000E+1	 1.450589E-9	 9.984309E-3	 1.081033E-6
3.460000E+1	 1.357243E-9	 9.984093E-3	 1.067606E-6
3.440000E+1	 1.300019E-9	 9.984436E-3	 1.056505E-6
3.420000E+1	 1.257017E-9	 9.984439E-3	 1.046091E-6
3.400000E+1	 1.211904E-9	 9.984437E-3	 1.037175E-6
3.380000E+1	 1.178904E-9	 9.983975E-3	 1.029352E-6
3.360000E+1	 1.153709E-9	 9.984323E-3	 1.024856E-6
3.340000E+1	 1.128727E-9	 9.984543E-3	 1.018704E-6
3.320000E+1	 1.094544E-9	 9.984903E-3	 1.015212E-6
3.300000E+1	 1.070069E-9	 9.984667E-3	 1.013009E-6
3.280000E+1	 1.039305E-9	 9.984209E-3	 1.012087E-6
3.260000E+1	 1.017445E-9	 9.983972E-3	 1.012550E-6
3.240000E+1	 1.006051E-9	 9.984436E-3	 1.014636E-6
3.220000E+1	 9.936435E-10	 9.984090E-3	 1.017759E-6
3.200000E+1	 9.681124E-10	 9.984089E-3	 1.022255E-6
3.180000E+1	 9.662132E-10	 9.984432E-3	 1.028979E-6
3.160000E+1	 9.224093E-10	 9.984319E-3	 1.036352E-6
3.140000E+1	 9.242239E-10	 9.984554E-3	 1.045432E-6
3.120000E+1	 9.050652E-10	 9.984557E-3	 1.055376E-6
3.100000E+1	 8.884375E-10	 9.983742E-3	 1.066794E-6
3.080000E+1	 8.635821E-10	 9.984322E-3	 1.079331E-6
3.060000E+1	 8.561974E-10	 9.983514E-3	 1.093327E-6
3.040000E+1	 8.363206E-10	 9.983504E-3	 1.108489E-6
3.020000E+1	 8.205375E-10	 9.984314E-3	 1.124658E-6
3.000000E+1	 8.079195E-10	 9.984208E-3	 1.141751E-6
2.980000E+1	 7.982555E-10	 9.983516E-3	 1.161607E-6
2.960000E+1	 7.844143E-10	 9.983518E-3	 1.180740E-6
2.940000E+1	 7.618794E-10	 9.984326E-3	 1.199979E-6
2.920000E+1	 7.581655E-10	 9.984787E-3	 1.221046E-6
2.900000E+1	 7.406517E-10	 9.984208E-3	 1.243054E-6
2.880000E+1	 7.430996E-10	 9.984552E-3	 1.265852E-6
2.860000E+1	 7.192560E-10	 9.983161E-3	 1.288939E-6
2.840000E+1	 7.183277E-10	 9.983045E-3	 1.313538E-6
2.820000E+1	 6.897998E-10	 9.984321E-3	 1.338481E-6
2.800000E+1	 6.866775E-10	 9.983287E-3	 1.362446E-6
2.780000E+1	 6.711475E-10	 9.984203E-3	 1.388914E-6
2.760000E+1	 6.658727E-10	 9.984554E-3	 1.413464E-6
2.740000E+1	 6.630451E-10	 9.985832E-3	 1.441529E-6
2.720000E+1	 6.449837E-10	 9.985473E-3	 1.469295E-6
2.700000E+1	 6.313105E-10	 9.984561E-3	 1.495461E-6
2.680000E+1	 6.213942E-10	 9.984440E-3	 1.523698E-6
2.660000E+1	 6.178910E-10	 9.983629E-3	 1.551022E-6
2.640000E+1	 6.045976E-10	 9.983863E-3	 1.580064E-6
2.620000E+1	 5.930347E-10	 9.984327E-3	 1.609839E-6
2.600000E+1	 5.843840E-10	 9.984209E-3	 1.637808E-6
2.580000E+1	 5.781384E-10	 9.983748E-3	 1.668271E-6
2.560000E+1	 5.624395E-10	 9.985359E-3	 1.697880E-6
2.540000E+1	 5.544213E-10	 9.983859E-3	 1.727271E-6
2.520000E+1	 5.417192E-10	 9.985012E-3	 1.757855E-6
2.500000E+1	 5.342077E-10	 9.983389E-3	 1.787539E-6
2.480000E+1	 5.182980E-10	 9.982943E-3	 1.818410E-6
2.460000E+1	 5.088446E-10	 9.984095E-3	 1.848354E-6
2.440000E+1	 5.006581E-10	 9.983170E-3	 1.878705E-6
2.420000E+1	 4.818367E-10	 9.983170E-3	 1.910327E-6
2.400000E+1	 4.844534E-10	 9.983283E-3	 1.939627E-6
2.380000E+1	 4.678263E-10	 9.983631E-3	 1.970255E-6
2.360000E+1	 4.707380E-10	 9.983747E-3	 1.999511E-6
2.340000E+1	 4.522545E-10	 9.983517E-3	 2.030595E-6
2.320000E+1	 4.481184E-10	 9.983744E-3	 2.061010E-6
2.300000E+1	 4.425058E-10	 9.983980E-3	 2.089043E-6
2.280000E+1	 4.225025E-10	 9.983858E-3	 2.125343E-6
2.260000E+1	 4.095894E-10	 9.983397E-3	 2.155835E-6
2.240000E+1	 4.022468E-10	 9.983865E-3	 2.183561E-6
2.220000E+1	 3.998410E-10	 9.982935E-3	 2.218184E-6
2.200000E+1	 3.872235E-10	 9.983394E-3	 2.246017E-6
2.180000E+1	 3.611014E-10	 9.983171E-3	 2.275206E-6
2.160000E+1	 3.635911E-10	 9.983401E-3	 2.310134E-6
2.140000E+1	 3.612700E-10	 9.983276E-3	 2.337410E-6
2.120000E+1	 3.335020E-10	 9.983285E-3	 2.365923E-6
2.100000E+1	 3.303374E-10	 9.983285E-3	 2.394122E-6
2.080000E+1	 3.075494E-10	 9.983055E-3	 2.424488E-6
2.060000E+1	 3.234585E-10	 9.982938E-3	 2.452247E-6
2.040000E+1	 3.227836E-10	 9.983160E-3	 2.480817E-6
2.020000E+1	 3.040462E-10	 9.983511E-3	 2.508258E-6
2.000000E+1	 2.912175E-10	 9.983516E-3	 2.536530E-6
1.980000E+1	 2.891074E-10	 9.983744E-3	 2.564243E-6
1.960000E+1	 2.735776E-10	 9.984212E-3	 2.593391E-6
1.940000E+1	 2.737465E-10	 9.983627E-3	 2.619977E-6
1.920000E+1	 2.604954E-10	 9.983629E-3	 2.649028E-6
1.900000E+1	 2.655172E-10	 9.983616E-3	 2.675704E-6
1.880000E+1	 2.449658E-10	 9.983283E-3	 2.704212E-6
1.860000E+1	 2.348797E-10	 9.983849E-3	 2.731743E-6
1.840000E+1	 2.400284E-10	 9.983740E-3	 2.757867E-6
1.820000E+1	 2.202362E-10	 9.983398E-3	 2.783045E-6
1.800000E+1	 2.301957E-10	 9.982822E-3	 2.815301E-6
1.780000E+1	 2.057614E-10	 9.983403E-3	 2.843583E-6
1.760000E+1	 1.955914E-10	 9.983286E-3	 2.867769E-6
1.740000E+1	 1.959290E-10	 9.983399E-3	 2.900962E-6
1.720000E+1	 1.765168E-10	 9.982822E-3	 2.925673E-6
1.700000E+1	 1.569781E-10	 9.984088E-3	 2.950951E-6
1.680000E+1	 1.578640E-10	 9.985007E-3	 2.977555E-6
1.660000E+1	 1.492975E-10	 9.983631E-3	 3.003012E-6
1.640000E+1	 1.467653E-10	 9.983628E-3	 3.028060E-6
1.620000E+1	 1.365526E-10	 9.983975E-3	 3.052469E-6
1.600000E+1	 1.204746E-10	 9.982707E-3	 3.078668E-6
1.580000E+1	 1.252433E-10	 9.982939E-3	 3.103413E-6
1.560000E+1	 1.107684E-10	 9.984316E-3	 3.128402E-6
1.540000E+1	 1.062110E-10	 9.984091E-3	 3.152474E-6
1.520000E+1	 1.028348E-10	 9.983397E-3	 3.177829E-6
1.500000E+1	 8.118586E-11	 9.983401E-3	 3.200305E-6
1.480000E+1	 7.629078E-11	 9.983623E-3	 3.225190E-6
1.460000E+1	 7.088910E-11	 9.982591E-3	 3.251601E-6
1.440000E+1	 5.784917E-11	 9.982474E-3	 3.273731E-6
1.420000E+1	 5.924161E-11	 9.983748E-3	 3.298569E-6
1.400000E+1	 4.409179E-11	 9.982358E-3	 3.323903E-6
1.380000E+1	 4.240366E-11	 9.983859E-3	 3.347907E-6
1.360000E+1	 3.463889E-11	 9.982469E-3	 3.370194E-6
1.340000E+1	 2.868865E-11	 9.983048E-3	 3.393662E-6
1.320000E+1	 1.501574E-11	 9.982475E-3	 3.417106E-6
1.300000E+1	 9.909448E-12	 9.982593E-3	 3.440493E-6
1.280000E+1	 2.862058E-12	 9.982812E-3	 3.463606E-6
1.260000E+1	 -2.244427E-12	 9.983976E-3	 3.489116E-6
1.240000E+1	 -1.135955E-11	 9.982929E-3	 3.510570E-6
1.220000E+1	 -2.494809E-11	 9.982819E-3	 3.529631E-6
1.200000E+1	 -3.659546E-11	 9.983284E-3	 3.559828E-6
1.180000E+1	 -3.372580E-11	 9.983052E-3	 3.580695E-6
1.160000E+1	 -5.815989E-11	 9.983506E-3	 3.604927E-6
1.140000E+1	 -5.811768E-11	 9.983051E-3	 3.625488E-6
1.120000E+1	 -6.377250E-11	 9.983042E-3	 3.646577E-6
1.100000E+1	 -7.478682E-11	 9.982937E-3	 3.669193E-6
1.080000E+1	 -9.533843E-11	 9.983401E-3	 3.690720E-6
1.060000E+1	 -9.103399E-11	 9.983853E-3	 3.710165E-6
1.040000E+1	 -9.023218E-11	 9.983390E-3	 3.732765E-6
1.020000E+1	 -1.015419E-10	 9.983628E-3	 3.753357E-6
1.000000E+1	 -1.037785E-10	 9.983398E-3	 3.773992E-6
9.800000E+0	 -1.250898E-10	 9.983275E-3	 3.798313E-6
9.600000E+0	 -1.332766E-10	 9.983511E-3	 3.818950E-6
9.400001E+0	 -1.266090E-10	 9.983625E-3	 3.838651E-6
9.200001E+0	 -1.437001E-10	 9.983741E-3	 3.860588E-6
9.000000E+0	 -1.464009E-10	 9.983512E-3	 3.881263E-6
8.800000E+0	 -1.600739E-10	 9.982819E-3	 3.900155E-6
8.600000E+0	 -1.661085E-10	 9.983400E-3	 3.919171E-6
8.400001E+0	 -1.673324E-10	 9.984319E-3	 3.945755E-6
8.200000E+0	 -1.791485E-10	 9.983859E-3	 3.965974E-6
8.000000E+0	 -1.976327E-10	 9.984086E-3	 3.985533E-6
7.800000E+0	 -2.062843E-10	 9.983861E-3	 4.004101E-6
7.600000E+0	 -2.064953E-10	 9.983745E-3	 4.028364E-6
7.400000E+0	 -2.154845E-10	 9.984083E-3	 4.047434E-6
7.200000E+0	 -2.396668E-10	 9.984326E-3	 4.065657E-6
7.000000E+0	 -2.354465E-10	 9.983513E-3	 4.083662E-6
6.800000E+0	 -2.341804E-10	 9.984312E-3	 4.105359E-6
6.600000E+0	 -2.638069E-10	 9.984318E-3	 4.124307E-6
6.400000E+0	 -2.799706E-10	 9.984209E-3	 4.140033E-6
6.200000E+0	 -2.626674E-10	 9.983629E-3	 4.157584E-6
6.000000E+0	 -2.821229E-10	 9.984083E-3	 4.173417E-6
5.800000E+0	 -2.787045E-10	 9.984319E-3	 4.190651E-6
5.600000E+0	 -2.981601E-10	 9.983622E-3	 4.207249E-6
5.400000E+0	 -3.096392E-10	 9.983507E-3	 4.221895E-6
5.200000E+0	 -3.581305E-10	 9.983391E-3	 4.239192E-6
5.000000E+0	 -3.274911E-10	 9.983390E-3	 4.255749E-6
4.800000E+0	 -3.085420E-10	 9.983629E-3	 4.270026E-6
4.600000E+0	 -3.306985E-10	 9.983744E-3	 4.291684E-6
4.400000E+0	 -3.297279E-10	 9.983975E-3	 4.306907E-6
4.200000E+0	 -3.370290E-10	 9.983858E-3	 4.322265E-6
4.000000E+0	 -3.555560E-10	 9.984085E-3	 4.340254E-6
3.800000E+0	 -3.649251E-10	 9.983513E-3	 4.357183E-6
3.600000E+0	 -3.575396E-10	 9.984318E-3	 4.375616E-6
3.400000E+0	 -3.750960E-10	 9.983623E-3	 4.392321E-6
3.200000E+0	 -3.717197E-10	 9.983852E-3	 4.408883E-6
3.000000E+0	 -3.915130E-10	 9.983855E-3	 4.425916E-6
2.800000E+0	 -3.979700E-10	 9.983629E-3	 4.443496E-6
2.600000E+0	 -4.056930E-10	 9.983858E-3	 4.460626E-6
2.400000E+0	 -4.089428E-10	 9.983632E-3	 4.477185E-6
2.200000E+0	 -4.189449E-10	 9.983859E-3	 4.495605E-6
2.000000E+0	 -4.258240E-10	 9.983855E-3	 4.511536E-6
1.800000E+0	 -4.362480E-10	 9.983621E-3	 4.531499E-6
1.600000E+0	 -4.396243E-10	 9.983627E-3	 4.547525E-6
1.400000E+0	 -4.457859E-10	 9.983861E-3	 4.567949E-6
1.200000E+0	 -4.590799E-10	 9.983742E-3	 4.583610E-6
1.000000E+0	 -4.646928E-10	 9.983744E-3	 4.600627E-6
8.000002E-1	 -4.672249E-10	 9.983744E-3	 4.617513E-6
6.000001E-1	 -4.794640E-10	 9.983625E-3	 4.634542E-6
4.000002E-1	 -4.918292E-10	 9.983739E-3	 4.652507E-6
2.000002E-1	 -5.018314E-10	 9.984091E-3	 4.669001E-6
1.490116E-7	 -5.128886E-10	 9.983513E-3	 4.684633E-6
-1.999999E-1	 -5.114113E-10	 9.983975E-3	 4.701267E-6
-3.999999E-1	 -5.263089E-10	 9.984205E-3	 4.716322E-6
-5.999998E-1	 -5.287989E-10	 9.983512E-3	 4.737473E-6
-7.999998E-1	 -5.331036E-10	 9.982937E-3	 4.754112E-6
-9.999999E-1	 -5.543318E-10	 9.982929E-3	 4.770837E-6
-1.200000E+0	 -5.525170E-10	 9.983507E-3	 4.789568E-6
-1.400000E+0	 -5.684699E-10	 9.983624E-3	 4.804482E-6
-1.600000E+0	 -5.562732E-10	 9.983971E-3	 4.820905E-6
-1.800000E+0	 -5.858571E-10	 9.983739E-3	 4.837421E-6
-2.000000E+0	 -6.016413E-10	 9.984319E-3	 4.852388E-6
-2.200000E+0	 -5.900777E-10	 9.984436E-3	 4.867643E-6
-2.400000E+0	 -6.078873E-10	 9.984089E-3	 4.885609E-6
-2.600000E+0	 -6.058614E-10	 9.983858E-3	 4.901035E-6
-2.800000E+0	 -6.092801E-10	 9.983398E-3	 4.915043E-6
-3.000000E+0	 -6.361631E-10	 9.984436E-3	 4.933463E-6
-3.200000E+0	 -6.370494E-10	 9.983399E-3	 4.948048E-6
-3.400000E+0	 -6.381892E-10	 9.983398E-3	 4.963005E-6
-3.600000E+0	 -6.469249E-10	 9.983043E-3	 4.981409E-6
-3.800000E+0	 -6.623711E-10	 9.983855E-3	 4.995902E-6
-4.000000E+0	 -6.646922E-10	 9.983049E-3	 5.012987E-6
-4.200000E+0	 -6.819534E-10	 9.983049E-3	 5.026510E-6
-4.400000E+0	 -6.788304E-10	 9.983050E-3	 5.040403E-6
-4.600000E+0	 -6.880305E-10	 9.983156E-3	 5.056840E-6
-4.800000E+0	 -6.927152E-10	 9.981883E-3	 5.070875E-6
-5.000000E+0	 -7.144920E-10	 9.982472E-3	 5.083516E-6
-5.200000E+0	 -6.956693E-10	 9.982700E-3	 5.102550E-6
-5.400000E+0	 -7.217507E-10	 9.982702E-3	 5.118045E-6
-5.600000E+0	 -7.326811E-10	 9.982820E-3	 5.132730E-6
-5.800000E+0	 -7.388007E-10	 9.982585E-3	 5.148403E-6
-6.000000E+0	 -7.507439E-10	 9.982589E-3	 5.166024E-6
-6.200000E+0	 -7.517568E-10	 9.982702E-3	 5.182384E-6
-6.400000E+0	 -7.689338E-10	 9.982819E-3	 5.193177E-6
-6.600000E+0	 -7.827758E-10	 9.983165E-3	 5.209818E-6
-6.800000E+0	 -7.873760E-10	 9.982933E-3	 5.221798E-6
-7.000000E+0	 -7.876717E-10	 9.982702E-3	 5.237451E-6
-7.200000E+0	 -7.998684E-10	 9.983052E-3	 5.249451E-6
-7.400000E+0	 -8.053546E-10	 9.982931E-3	 5.260738E-6
-7.600000E+0	 -8.051856E-10	 9.983048E-3	 5.276882E-6
-7.800000E+0	 -8.175933E-10	 9.982589E-3	 5.291211E-6
-8.000000E+0	 -8.230376E-10	 9.983052E-3	 5.305447E-6
-8.200000E+0	 -8.262451E-10	 9.982582E-3	 5.318228E-6
-8.400000E+0	 -8.296634E-10	 9.982348E-3	 5.331065E-6
-8.600000E+0	 -8.473462E-10	 9.983166E-3	 5.344594E-6
-8.800000E+0	 -8.569689E-10	 9.982700E-3	 5.361625E-6
-9.000000E+0	 -8.669709E-10	 9.983511E-3	 5.374183E-6
-9.200000E+0	 -8.868907E-10	 9.982933E-3	 5.388402E-6
-9.400000E+0	 -8.883680E-10	 9.983276E-3	 5.399607E-6
-9.600000E+0	 -8.925038E-10	 9.983280E-3	 5.411369E-6
-9.800000E+0	 -9.043205E-10	 9.982700E-3	 5.426449E-6
-1.000000E+1	 -9.014509E-10	 9.983052E-3	 5.436902E-6
