-1.000000E+1	 -8.102075E-10	 9.982937E-3	 4.926201E-6
-9.800000E+0	 -6.616114E-10	 9.982939E-3	 4.925878E-6
-9.600000E+0	 -5.653042E-10	 9.983517E-3	 4.925409E-6
-9.400000E+0	 -5.141966E-10	 9.982579E-3	 4.921162E-6
-9.200000E+0	 -4.589952E-10	 9.982705E-3	 4.919613E-6
-9.000000E+0	 -4.198310E-10	 9.982706E-3	 4.914937E-6
-8.800000E+0	 -3.890650E-10	 9.982120E-3	 4.913481E-6
-8.600000E+0	 -3.658956E-10	 9.982700E-3	 4.907427E-6
-8.400000E+0	 -3.263938E-10	 9.982706E-3	 4.904463E-6
-8.200000E+0	 -2.985399E-10	 9.983052E-3	 4.900868E-6
-8.000000E+0	 -2.833890E-10	 9.982708E-3	 4.895178E-6
-7.800000E+0	 -2.505973E-10	 9.982704E-3	 4.893518E-6
-7.600000E+0	 -2.231232E-10	 9.982930E-3	 4.892829E-6
-7.400000E+0	 -2.056934E-10	 9.982933E-3	 4.886328E-6
-7.200000E+0	 -1.807099E-10	 9.982587E-3	 4.883239E-6
-7.000000E+0	 -1.662774E-10	 9.982584E-3	 4.877820E-6
-6.800000E+0	 -1.449662E-10	 9.982817E-3	 4.872450E-6
-6.600000E+0	 -1.187175E-10	 9.982477E-3	 4.869588E-6
-6.400000E+0	 -1.159323E-10	 9.983161E-3	 4.862740E-6
-6.200000E+0	 -8.976805E-11	 9.982582E-3	 4.858964E-6
-6.000000E+0	 -7.491355E-11	 9.983157E-3	 4.853958E-6
-5.800000E+0	 -6.250658E-11	 9.982706E-3	 4.850927E-6
-5.600000E+0	 -4.777879E-11	 9.982695E-3	 4.845032E-6
-5.400000E+0	 -5.284272E-11	 9.983052E-3	 4.839086E-6
-5.200000E+0	 -1.051570E-11	 9.982586E-3	 4.830210E-6
-5.000000E+0	 -1.093775E-11	 9.983045E-3	 4.826245E-6
-4.800000E+0	 4.634168E-12	 9.982826E-3	 4.819415E-6
-4.600000E+0	 3.092500E-11	 9.983166E-3	 4.811422E-6
-4.400000E+0	 1.111059E-10	 9.983520E-3	 4.791812E-6
-4.200000E+0	 1.538125E-10	 9.983167E-3	 4.765967E-6
-4.000000E+0	 1.631388E-10	 9.982933E-3	 4.739132E-6
-3.800000E+0	 1.580327E-10	 9.983520E-3	 4.712710E-6
-3.600000E+0	 1.873195E-10	 9.983632E-3	 4.687451E-6
-3.400000E+0	 2.180978E-11	 9.983283E-3	 4.661701E-6
-3.200000E+0	 1.994313E-10	 9.982818E-3	 4.631540E-6
-3.000000E+0	 2.127668E-10	 9.982937E-3	 4.605085E-6
-2.800000E+0	 2.207846E-10	 9.983283E-3	 4.577165E-6
-2.600000E+0	 2.437836E-10	 9.982477E-3	 4.549995E-6
-2.400000E+0	 2.503672E-10	 9.982589E-3	 4.524590E-6
-2.200000E+0	 2.658969E-10	 9.983052E-3	 4.494153E-6
-2.000000E+0	 2.768688E-10	 9.982706E-3	 4.468740E-6
-1.800000E+0	 2.703700E-10	 9.983052E-3	 4.441324E-6
-1.600000E+0	 2.866596E-10	 9.982935E-3	 4.412877E-6
-1.400000E+0	 2.984333E-10	 9.983166E-3	 4.383698E-6
-1.200000E+0	 3.142165E-10	 9.982933E-3	 4.355513E-6
-9.999999E-1	 3.206728E-10	 9.982819E-3	 4.327416E-6
-7.999998E-1	 3.419000E-10	 9.983401E-3	 4.299780E-6
-5.999998E-1	 3.298726E-10	 9.983169E-3	 4.271426E-6
-3.999999E-1	 3.522810E-10	 9.983399E-3	 4.239725E-6
-1.999999E-1	 3.228252E-10	 9.982819E-3	 4.212131E-6
1.490116E-7	 3.326580E-10	 9.983170E-3	 4.174588E-6
2.000002E-1	 3.317298E-10	 9.983049E-3	 4.138451E-6
4.000002E-1	 3.144278E-10	 9.982705E-3	 4.111918E-6
6.000001E-1	 3.178034E-10	 9.983053E-3	 4.085054E-6
8.000002E-1	 3.178879E-10	 9.982935E-3	 4.062282E-6
1.000000E+0	 3.363297E-10	 9.983860E-3	 4.034570E-6
1.200000E+0	 3.461202E-10	 9.983284E-3	 4.006260E-6
1.400000E+0	 3.464577E-10	 9.983394E-3	 3.976942E-6
1.600000E+0	 3.600462E-10	 9.983287E-3	 3.947054E-6
1.800000E+0	 3.630847E-10	 9.983166E-3	 3.917756E-6
2.000000E+0	 3.785300E-10	 9.983396E-3	 3.886340E-6
2.200000E+0	 3.916122E-10	 9.983050E-3	 3.855712E-6
2.400000E+0	 3.951567E-10	 9.983050E-3	 3.826499E-6
2.600000E+0	 4.095895E-10	 9.982820E-3	 3.798813E-6
2.800000E+0	 4.128390E-10	 9.982584E-3	 3.770577E-6
3.000000E+0	 4.270608E-10	 9.983051E-3	 3.744334E-6
3.200000E+0	 4.350785E-10	 9.983050E-3	 3.718757E-6
3.400000E+0	 4.387922E-10	 9.983165E-3	 3.693675E-6
3.600000E+0	 4.450378E-10	 9.982591E-3	 3.670178E-6
3.800000E+0	 4.576561E-10	 9.983171E-3	 3.646405E-6
4.000000E+0	 4.737341E-10	 9.982472E-3	 3.620293E-6
4.200000E+0	 4.712021E-10	 9.983051E-3	 3.594930E-6
4.400000E+0	 4.879556E-10	 9.982124E-3	 3.571700E-6
4.600000E+0	 5.196484E-10	 9.983167E-3	 3.543356E-6
4.800000E+0	 5.262318E-10	 9.982815E-3	 3.519426E-6
5.000000E+0	 5.260629E-10	 9.983167E-3	 3.494527E-6
5.200000E+0	 5.361909E-10	 9.983166E-3	 3.469824E-6
5.400000E+0	 5.266113E-10	 9.983166E-3	 3.446607E-6
5.600000E+0	 5.480490E-10	 9.983862E-3	 3.420904E-6
5.800000E+0	 5.516361E-10	 9.983050E-3	 3.397351E-6
6.000000E+0	 5.609201E-10	 9.982937E-3	 3.370900E-6
6.200000E+0	 5.670391E-10	 9.983398E-3	 3.344659E-6
6.400000E+0	 5.806699E-10	 9.983273E-3	 3.317926E-6
6.600000E+0	 5.973814E-10	 9.983397E-3	 3.290860E-6
6.800000E+0	 5.923594E-10	 9.983399E-3	 3.263048E-6
7.000000E+0	 5.893209E-10	 9.983399E-3	 3.233991E-6
7.200000E+0	 6.023609E-10	 9.983751E-3	 3.205062E-6
7.400000E+0	 6.140078E-10	 9.983748E-3	 3.174527E-6
7.600000E+0	 6.257818E-10	 9.983284E-3	 3.146025E-6
7.800000E+0	 6.332094E-10	 9.983631E-3	 3.116061E-6
8.000000E+0	 6.371770E-10	 9.983865E-3	 3.086809E-6
8.200000E+0	 6.431691E-10	 9.983401E-3	 3.054877E-6
8.400001E+0	 6.564201E-10	 9.982932E-3	 3.024058E-6
8.600000E+0	 6.726243E-10	 9.983171E-3	 2.992005E-6
8.800000E+0	 6.741443E-10	 9.983394E-3	 2.960945E-6
9.000000E+0	 6.797985E-10	 9.983281E-3	 2.930854E-6
9.200001E+0	 6.959612E-10	 9.983273E-3	 2.897506E-6
9.400001E+0	 7.052457E-10	 9.983515E-3	 2.869447E-6
9.600000E+0	 7.019961E-10	 9.984323E-3	 2.837693E-6
9.800000E+0	 7.194673E-10	 9.983279E-3	 2.805828E-6
1.000000E+1	 7.306925E-10	 9.983392E-3	 2.775059E-6
1.020000E+1	 6.259508E-10	 9.983397E-3	 2.744090E-6
1.040000E+1	 7.396389E-10	 9.983280E-3	 2.714406E-6
1.060000E+1	 7.439857E-10	 9.983632E-3	 2.681310E-6
1.080000E+1	 7.674067E-10	 9.983272E-3	 2.651466E-6
1.100000E+1	 7.693060E-10	 9.983396E-3	 2.621566E-6
1.120000E+1	 7.733993E-10	 9.983513E-3	 2.589825E-6
1.140000E+1	 7.855111E-10	 9.983740E-3	 2.558781E-6
1.160000E+1	 7.938243E-10	 9.983273E-3	 2.529363E-6
1.180000E+1	 8.120969E-10	 9.983512E-3	 2.499998E-6
1.200000E+1	 8.237863E-10	 9.983515E-3	 2.469113E-6
1.220000E+1	 8.196515E-10	 9.983050E-3	 2.437454E-6
1.240000E+1	 8.289351E-10	 9.983747E-3	 2.408112E-6
1.260000E+1	 8.317620E-10	 9.982935E-3	 2.377868E-6
1.280000E+1	 8.347586E-10	 9.983285E-3	 2.348016E-6
1.300000E+1	 8.458569E-10	 9.983281E-3	 2.318397E-6
1.320000E+1	 8.646366E-10	 9.983284E-3	 2.288733E-6
1.340000E+1	 8.680555E-10	 9.983169E-3	 2.258061E-6
1.360000E+1	 8.802929E-10	 9.983167E-3	 2.229343E-6
1.380000E+1	 8.829512E-10	 9.982804E-3	 2.199451E-6
1.400000E+1	 8.804193E-10	 9.982809E-3	 2.170742E-6
1.420000E+1	 8.947255E-10	 9.982820E-3	 2.139655E-6
1.440000E+1	 9.067529E-10	 9.983397E-3	 2.111189E-6
1.460000E+1	 9.194131E-10	 9.983166E-3	 2.081888E-6
1.480000E+1	 9.248996E-10	 9.983394E-3	 2.053529E-6
1.500000E+1	 9.314827E-10	 9.983971E-3	 2.025085E-6
1.520000E+1	 9.438886E-10	 9.983742E-3	 1.996796E-6
1.540000E+1	 9.571395E-10	 9.983621E-3	 1.968933E-6
1.560000E+1	 9.580268E-10	 9.983973E-3	 1.940972E-6
1.580000E+1	 9.733876E-10	 9.983978E-3	 1.914323E-6
1.600000E+1	 9.817845E-10	 9.983744E-3	 1.886586E-6
1.620000E+1	 9.796755E-10	 9.984091E-3	 1.859019E-6
1.640000E+1	 9.917027E-10	 9.983745E-3	 1.831190E-6
1.660000E+1	 9.965555E-10	 9.984206E-3	 1.805200E-6
1.680000E+1	 1.011368E-9	 9.983514E-3	 1.779045E-6
1.700000E+1	 1.010312E-9	 9.983858E-3	 1.751540E-6
1.720000E+1	 1.017445E-9	 9.983165E-3	 1.726397E-6
1.740000E+1	 1.016727E-9	 9.983390E-3	 1.700715E-6
1.760000E+1	 1.037448E-9	 9.983972E-3	 1.674794E-6
1.780000E+1	 1.043229E-9	 9.983863E-3	 1.650431E-6
1.800000E+1	 1.043187E-9	 9.983283E-3	 1.625850E-6
1.820000E+1	 1.060742E-9	 9.983745E-3	 1.602701E-6
1.840000E+1	 1.061881E-9	 9.983280E-3	 1.579109E-6
1.860000E+1	 1.068802E-9	 9.984091E-3	 1.556033E-6
1.880000E+1	 1.073487E-9	 9.983979E-3	 1.532123E-6
1.900000E+1	 1.092772E-9	 9.983274E-3	 1.509475E-6
1.920000E+1	 1.105812E-9	 9.984093E-3	 1.488050E-6
1.940000E+1	 1.108513E-9	 9.983744E-3	 1.466526E-6
1.960000E+1	 1.105348E-9	 9.983622E-3	 1.446025E-6
1.980000E+1	 1.117290E-9	 9.984200E-3	 1.425276E-6
2.000000E+1	 1.124676E-9	 9.983865E-3	 1.404456E-6
2.020000E+1	 1.132862E-9	 9.984323E-3	 1.384769E-6
2.040000E+1	 1.143877E-9	 9.983861E-3	 1.365604E-6
2.060000E+1	 1.155819E-9	 9.984437E-3	 1.347470E-6
2.080000E+1	 1.155693E-9	 9.984092E-3	 1.329036E-6
2.100000E+1	 1.180506E-9	 9.984090E-3	 1.311036E-6
2.120000E+1	 1.173375E-9	 9.984322E-3	 1.294411E-6
2.140000E+1	 1.187386E-9	 9.983624E-3	 1.277847E-6
2.160000E+1	 1.188314E-9	 9.984082E-3	 1.262016E-6
2.180000E+1	 1.198019E-9	 9.983166E-3	 1.246152E-6
2.200000E+1	 1.202662E-9	 9.984206E-3	 1.231681E-6
2.220000E+1	 1.210764E-9	 9.983620E-3	 1.217565E-6
2.240000E+1	 1.226421E-9	 9.983390E-3	 1.202833E-6
2.260000E+1	 1.227391E-9	 9.983861E-3	 1.190327E-6
2.280000E+1	 1.240009E-9	 9.983281E-3	 1.177773E-6
2.300000E+1	 1.251235E-9	 9.983744E-3	 1.165636E-6
2.320000E+1	 1.254526E-9	 9.983862E-3	 1.154990E-6
2.340000E+1	 1.259591E-9	 9.983858E-3	 1.144420E-6
2.360000E+1	 1.268452E-9	 9.983622E-3	 1.134587E-6
2.380000E+1	 1.270309E-9	 9.983742E-3	 1.125120E-6
2.400000E+1	 1.283307E-9	 9.983627E-3	 1.116217E-6
2.420000E+1	 1.286768E-9	 9.984203E-3	 1.107873E-6
2.440000E+1	 1.313185E-9	 9.983627E-3	 1.100268E-6
2.460000E+1	 1.304828E-9	 9.983862E-3	 1.092329E-6
2.480000E+1	 1.309851E-9	 9.983735E-3	 1.086246E-6
2.500000E+1	 1.330191E-9	 9.983513E-3	 1.080191E-6
2.520000E+1	 1.342556E-9	 9.983510E-3	 1.075672E-6
2.540000E+1	 1.349856E-9	 9.983514E-3	 1.069973E-6
2.560000E+1	 1.348295E-9	 9.983745E-3	 1.065485E-6
2.580000E+1	 1.365471E-9	 9.983622E-3	 1.061910E-6
2.600000E+1	 1.372772E-9	 9.984436E-3	 1.058660E-6
2.620000E+1	 1.368130E-9	 9.983855E-3	 1.055785E-6
2.640000E+1	 1.389230E-9	 9.983744E-3	 1.054267E-6
2.660000E+1	 1.390031E-9	 9.983398E-3	 1.052244E-6
2.680000E+1	 1.386698E-9	 9.983858E-3	 1.050582E-6
2.700000E+1	 1.402270E-9	 9.983618E-3	 1.049826E-6
2.720000E+1	 1.414212E-9	 9.983862E-3	 1.050254E-6
2.740000E+1	 1.430925E-9	 9.984324E-3	 1.049808E-6
2.760000E+1	 1.431557E-9	 9.984318E-3	 1.050736E-6
2.780000E+1	 1.448268E-9	 9.983966E-3	 1.051316E-6
2.800000E+1	 1.453627E-9	 9.983630E-3	 1.053089E-6
2.820000E+1	 1.460506E-9	 9.983862E-3	 1.055028E-6
2.840000E+1	 1.463081E-9	 9.983742E-3	 1.057255E-6
2.860000E+1	 1.472745E-9	 9.983627E-3	 1.059965E-6
2.880000E+1	 1.476753E-9	 9.983393E-3	 1.062696E-6
2.900000E+1	 1.485277E-9	 9.983165E-3	 1.065680E-6
2.920000E+1	 1.487895E-9	 9.984208E-3	 1.069283E-6
2.940000E+1	 1.493423E-9	 9.983631E-3	 1.073441E-6
2.960000E+1	 1.504689E-9	 9.983398E-3	 1.077716E-6
2.980000E+1	 1.514987E-9	 9.983855E-3	 1.081665E-6
3.000000E+1	 1.523301E-9	 9.983280E-3	 1.086333E-6
3.020000E+1	 1.522498E-9	 9.983510E-3	 1.090870E-6
3.040000E+1	 1.524525E-9	 9.983166E-3	 1.097373E-6
3.060000E+1	 1.537395E-9	 9.983854E-3	 1.102922E-6
3.080000E+1	 1.561703E-9	 9.983620E-3	 1.108161E-6
3.100000E+1	 1.567316E-9	 9.983970E-3	 1.114372E-6
3.120000E+1	 1.574532E-9	 9.983632E-3	 1.119913E-6
3.140000E+1	 1.574912E-9	 9.983517E-3	 1.125935E-6
3.160000E+1	 1.595083E-9	 9.983155E-3	 1.132022E-6
3.180000E+1	 1.583648E-9	 9.983510E-3	 1.139114E-6
3.200000E+1	 1.601162E-9	 9.983628E-3	 1.144154E-6
3.220000E+1	 1.610360E-9	 9.984321E-3	 1.151296E-6
3.240000E+1	 1.609939E-9	 9.984208E-3	 1.158030E-6
3.260000E+1	 1.628759E-9	 9.984436E-3	 1.164667E-6
3.280000E+1	 1.626101E-9	 9.984320E-3	 1.171700E-6
3.300000E+1	 1.648678E-9	 9.983972E-3	 1.179550E-6
3.320000E+1	 1.646188E-9	 9.983975E-3	 1.186119E-6
3.340000E+1	 1.648171E-9	 9.983862E-3	 1.193255E-6
3.360000E+1	 1.667330E-9	 9.984659E-3	 1.200419E-6
3.380000E+1	 1.668513E-9	 9.983628E-3	 1.207357E-6
3.400000E+1	 1.685265E-9	 9.983973E-3	 1.214229E-6
3.420000E+1	 1.676192E-9	 9.983280E-3	 1.221035E-6
3.440000E+1	 1.688769E-9	 9.983508E-3	 1.228807E-6
3.460000E+1	 1.712442E-9	 9.983632E-3	 1.235755E-6
3.480000E+1	 1.704044E-9	 9.983744E-3	 1.243216E-6
3.500000E+1	 1.708981E-9	 9.983281E-3	 1.251059E-6
3.480000E+1	 1.435776E-9	 9.983735E-3	 1.230671E-6
3.460000E+1	 1.352093E-9	 9.984088E-3	 1.212824E-6
3.440000E+1	 1.316603E-9	 9.983621E-3	 1.195349E-6
3.420000E+1	 1.258662E-9	 9.983861E-3	 1.178383E-6
3.400000E+1	 1.229628E-9	 9.983628E-3	 1.164490E-6
3.380000E+1	 1.203970E-9	 9.983975E-3	 1.150108E-6
3.360000E+1	 1.158857E-9	 9.984319E-3	 1.136083E-6
3.340000E+1	 1.132989E-9	 9.983973E-3	 1.122671E-6
3.320000E+1	 1.096064E-9	 9.984313E-3	 1.110807E-6
3.300000E+1	 1.091548E-9	 9.984082E-3	 1.097960E-6
3.280000E+1	 1.053526E-9	 9.983625E-3	 1.086689E-6
3.260000E+1	 1.035970E-9	 9.984093E-3	 1.076105E-6
3.240000E+1	 1.002843E-9	 9.983860E-3	 1.066010E-6
3.220000E+1	 9.802233E-10	 9.983976E-3	 1.056756E-6
3.200000E+1	 9.695469E-10	 9.984207E-3	 1.047883E-6
3.180000E+1	 9.545233E-10	 9.983973E-3	 1.039803E-6
3.160000E+1	 9.300474E-10	 9.984207E-3	 1.033103E-6
3.140000E+1	 9.173446E-10	 9.984315E-3	 1.027075E-6
3.120000E+1	 9.154029E-10	 9.984088E-3	 1.021538E-6
3.100000E+1	 8.910958E-10	 9.984208E-3	 1.016945E-6
3.080000E+1	 8.788164E-10	 9.983865E-3	 1.012893E-6
3.060000E+1	 8.597411E-10	 9.984209E-3	 1.010166E-6
3.040000E+1	 8.406245E-10	 9.983511E-3	 1.008436E-6
3.020000E+1	 8.302429E-10	 9.983622E-3	 1.007425E-6
3.000000E+1	 8.049648E-10	 9.983859E-3	 1.007740E-6
2.980000E+1	 7.971159E-10	 9.983744E-3	 1.009400E-6
2.960000E+1	 7.921362E-10	 9.983975E-3	 1.011801E-6
2.940000E+1	 7.865663E-10	 9.984089E-3	 1.014996E-6
2.920000E+1	 7.757623E-10	 9.983398E-3	 1.020435E-6
2.900000E+1	 7.481636E-10	 9.983625E-3	 1.025889E-6
2.880000E+1	 7.168933E-10	 9.983849E-3	 1.032680E-6
2.860000E+1	 7.212392E-10	 9.983844E-3	 1.040078E-6
2.840000E+1	 7.124617E-10	 9.983979E-3	 1.048575E-6
2.820000E+1	 6.933872E-10	 9.984086E-3	 1.058589E-6
2.800000E+1	 6.843987E-10	 9.983278E-3	 1.069334E-6
2.780000E+1	 6.776885E-10	 9.983745E-3	 1.081608E-6
2.760000E+1	 6.671811E-10	 9.983858E-3	 1.093963E-6
2.740000E+1	 6.615683E-10	 9.983630E-3	 1.108417E-6
2.720000E+1	 6.494983E-10	 9.983858E-3	 1.122827E-6
2.700000E+1	 6.294955E-10	 9.984433E-3	 1.138830E-6
2.680000E+1	 6.215198E-10	 9.984318E-3	 1.155198E-6
2.660000E+1	 6.156540E-10	 9.983858E-3	 1.171863E-6
2.640000E+1	 6.030358E-10	 9.983859E-3	 1.190138E-6
2.620000E+1	 5.865775E-10	 9.983627E-3	 1.209930E-6
2.600000E+1	 5.879708E-10	 9.984322E-3	 1.229235E-6
2.580000E+1	 6.261198E-10	 9.983747E-3	 1.249031E-6
2.560000E+1	 5.572489E-10	 9.983629E-3	 1.270855E-6
2.540000E+1	 5.658576E-10	 9.984209E-3	 1.291667E-6
2.520000E+1	 5.391446E-10	 9.984195E-3	 1.314815E-6
2.500000E+1	 5.342497E-10	 9.984205E-3	 1.337165E-6
2.480000E+1	 5.278349E-10	 9.983977E-3	 1.361241E-6
2.460000E+1	 5.206610E-10	 9.983744E-3	 1.385280E-6
2.440000E+1	 5.053000E-10	 9.983745E-3	 1.409985E-6
2.420000E+1	 4.944543E-10	 9.983391E-3	 1.434617E-6
2.400000E+1	 4.824698E-10	 9.983628E-3	 1.460337E-6
2.380000E+1	 4.687545E-10	 9.983168E-3	 1.486461E-6
2.360000E+1	 4.690921E-10	 9.983401E-3	 1.512184E-6
2.340000E+1	 4.607785E-10	 9.983043E-3	 1.539298E-6
2.320000E+1	 4.364713E-10	 9.983396E-3	 1.565798E-6
2.300000E+1	 4.322511E-10	 9.983514E-3	 1.593465E-6
2.280000E+1	 4.180298E-10	 9.983170E-3	 1.620721E-6
2.260000E+1	 4.187891E-10	 9.983287E-3	 1.649320E-6
2.240000E+1	 4.185362E-10	 9.982933E-3	 1.676679E-6
2.220000E+1	 4.132608E-10	 9.982939E-3	 1.705538E-6
2.200000E+1	 3.903037E-10	 9.983629E-3	 1.734623E-6
2.180000E+1	 3.824966E-10	 9.983512E-3	 1.761584E-6
2.160000E+1	 3.749853E-10	 9.983163E-3	 1.791660E-6
2.140000E+1	 3.738034E-10	 9.982820E-3	 1.819984E-6
2.120000E+1	 3.534629E-10	 9.983400E-3	 1.849332E-6
2.100000E+1	 3.468795E-10	 9.983161E-3	 1.878021E-6
2.080000E+1	 3.324470E-10	 9.983047E-3	 1.906322E-6
2.060000E+1	 3.317718E-10	 9.982933E-3	 1.940353E-6
2.040000E+1	 3.256946E-10	 9.982931E-3	 1.969137E-6
2.020000E+1	 2.984759E-10	 9.984209E-3	 1.997399E-6
2.000000E+1	 3.070003E-10	 9.983274E-3	 2.027618E-6
1.980000E+1	 2.845918E-10	 9.983514E-3	 2.057124E-6
1.960000E+1	 2.765736E-10	 9.984090E-3	 2.085590E-6
1.940000E+1	 2.748013E-10	 9.983506E-3	 2.115661E-6
1.920000E+1	 2.616347E-10	 9.983516E-3	 2.145424E-6
1.900000E+1	 2.589760E-10	 9.983283E-3	 2.175511E-6
1.880000E+1	 2.390153E-10	 9.983516E-3	 2.205041E-6
1.860000E+1	 2.493548E-10	 9.983858E-3	 2.233558E-6
1.840000E+1	 2.334451E-10	 9.983625E-3	 2.262666E-6
1.820000E+1	 2.246673E-10	 9.984195E-3	 2.292585E-6
1.800000E+1	 2.139904E-10	 9.983507E-3	 2.321538E-6
1.780000E+1	 2.092218E-10	 9.984089E-3	 2.353500E-6
1.760000E+1	 1.976589E-10	 9.984208E-3	 2.383266E-6
1.740000E+1	 1.977013E-10	 9.983855E-3	 2.410344E-6
1.720000E+1	 1.868977E-10	 9.984084E-3	 2.439787E-6
1.700000E+1	 1.822135E-10	 9.983861E-3	 2.468337E-6
1.680000E+1	 1.595520E-10	 9.984209E-3	 2.498811E-6
1.660000E+1	 1.584547E-10	 9.984093E-3	 2.529119E-6
1.640000E+1	 1.422077E-10	 9.984206E-3	 2.558180E-6
1.620000E+1	 1.406463E-10	 9.983975E-3	 2.585878E-6
1.600000E+1	 1.297164E-10	 9.983623E-3	 2.615169E-6
1.580000E+1	 1.230909E-10	 9.983390E-3	 2.643673E-6
1.560000E+1	 1.200101E-10	 9.983400E-3	 2.671514E-6
1.540000E+1	 1.144397E-10	 9.983745E-3	 2.699378E-6
1.520000E+1	 1.068014E-10	 9.983283E-3	 2.728555E-6
1.500000E+1	 8.485715E-11	 9.983276E-3	 2.757694E-6
1.480000E+1	 7.354753E-11	 9.983403E-3	 2.785534E-6
1.460000E+1	 8.089052E-11	 9.983276E-3	 2.813321E-6
1.440000E+1	 7.080450E-11	 9.982936E-3	 2.840897E-6
1.420000E+1	 5.291148E-11	 9.983625E-3	 2.869534E-6
1.400000E+1	 4.949316E-11	 9.983399E-3	 2.896860E-6
1.380000E+1	 4.565298E-11	 9.983278E-3	 2.924886E-6
1.360000E+1	 2.809770E-11	 9.983399E-3	 2.953758E-6
1.340000E+1	 2.856188E-11	 9.983514E-3	 2.980587E-6
1.320000E+1	 1.569087E-11	 9.982817E-3	 3.007533E-6
1.300000E+1	 1.227257E-11	 9.983165E-3	 3.034138E-6
1.280000E+1	 -4.297673E-13	 9.983510E-3	 3.062406E-6
1.260000E+1	 -1.203485E-11	 9.983396E-3	 3.089359E-6
1.240000E+1	 -2.777557E-11	 9.983517E-3	 3.114628E-6
1.220000E+1	 -2.423066E-11	 9.983396E-3	 3.141764E-6
1.200000E+1	 -3.157359E-11	 9.983045E-3	 3.168378E-6
1.180000E+1	 -2.672056E-11	 9.982702E-3	 3.195734E-6
1.160000E+1	 -5.524803E-11	 9.983744E-3	 3.223962E-6
1.140000E+1	 -5.119682E-11	 9.983509E-3	 3.248995E-6
1.120000E+1	 -5.727363E-11	 9.983628E-3	 3.274404E-6
1.100000E+1	 -6.959609E-11	 9.983855E-3	 3.302656E-6
1.080000E+1	 -8.061057E-11	 9.983283E-3	 3.327870E-6
1.060000E+1	 -8.643417E-11	 9.983283E-3	 3.352665E-6
1.040000E+1	 -9.934754E-11	 9.983050E-3	 3.379251E-6
1.020000E+1	 -1.017529E-10	 9.983396E-3	 3.404971E-6
1.000000E+1	 -1.109526E-10	 9.983050E-3	 3.430906E-6
9.800000E+0	 -1.167763E-10	 9.982933E-3	 3.457231E-6
9.600000E+0	 -1.331500E-10	 9.983280E-3	 3.482893E-6
9.400001E+0	 -1.282126E-10	 9.982816E-3	 3.507974E-6
9.200001E+0	 -1.493972E-10	 9.982928E-3	 3.532976E-6
9.000000E+0	 -1.550520E-10	 9.983281E-3	 3.558080E-6
8.800000E+0	 -1.547566E-10	 9.982358E-3	 3.583773E-6
8.600000E+0	 -1.718900E-10	 9.982588E-3	 3.609010E-6
8.400001E+0	 -1.750551E-10	 9.982933E-3	 3.634069E-6
8.200000E+0	 -1.791063E-10	 9.982819E-3	 3.659777E-6
8.000000E+0	 -1.938344E-10	 9.982589E-3	 3.683904E-6
7.800000E+0	 -1.940876E-10	 9.982700E-3	 3.706347E-6
7.600000E+0	 -2.134165E-10	 9.983744E-3	 3.730461E-6
7.400000E+0	 -2.173414E-10	 9.983280E-3	 3.755707E-6
7.200000E+0	 -2.267105E-10	 9.983397E-3	 3.776659E-6
7.000000E+0	 -2.350667E-10	 9.983048E-3	 3.799063E-6
6.800000E+0	 -2.476432E-10	 9.983049E-3	 3.820726E-6
6.600000E+0	 -2.440559E-10	 9.983283E-3	 3.843152E-6
6.400000E+0	 -2.525387E-10	 9.982931E-3	 3.862734E-6
6.200000E+0	 -2.653684E-10	 9.983283E-3	 3.881721E-6
6.000000E+0	 -2.819963E-10	 9.983630E-3	 3.903569E-6
5.800000E+0	 -2.774806E-10	 9.983513E-3	 3.920817E-6
5.600000E+0	 -2.887488E-10	 9.983399E-3	 3.940566E-6
5.400000E+0	 -2.890864E-10	 9.982588E-3	 3.958703E-6
5.200000E+0	 -2.922516E-10	 9.983283E-3	 3.975345E-6
5.000000E+0	 -3.009876E-10	 9.982814E-3	 3.993630E-6
4.800000E+0	 -3.142394E-10	 9.982817E-3	 4.012056E-6
4.600000E+0	 -3.312471E-10	 9.983269E-3	 4.029133E-6
4.400000E+0	 -3.254654E-10	 9.982936E-3	 4.044304E-6
4.200000E+0	 -3.349610E-10	 9.983166E-3	 4.061177E-6
4.000000E+0	 -3.541634E-10	 9.982123E-3	 4.077123E-6
3.800000E+0	 -3.604516E-10	 9.982814E-3	 4.093284E-6
3.600000E+0	 -3.728170E-10	 9.983394E-3	 4.109037E-6
3.400000E+0	 -3.843384E-10	 9.983279E-3	 4.124750E-6
3.200000E+0	 -3.855202E-10	 9.983050E-3	 4.137451E-6
3.000000E+0	 -4.001223E-10	 9.983274E-3	 4.150942E-6
2.800000E+0	 -3.910909E-10	 9.983285E-3	 4.169404E-6
2.600000E+0	 -4.034141E-10	 9.983390E-3	 4.187537E-6
2.400000E+0	 -4.021903E-10	 9.983052E-3	 4.200016E-6
2.200000E+0	 -4.200842E-10	 9.983046E-3	 4.220889E-6
2.000000E+0	 -4.408905E-10	 9.983276E-3	 4.241978E-6
1.800000E+0	 -4.494575E-10	 9.983507E-3	 4.260961E-6
1.600000E+0	 -4.567167E-10	 9.983283E-3	 4.281477E-6
1.400000E+0	 -4.819116E-10	 9.983050E-3	 4.303533E-6
1.200000E+0	 -4.760032E-10	 9.982588E-3	 4.332190E-6
1.000000E+0	 -4.857520E-10	 9.982930E-3	 4.388990E-6
8.000002E-1	 -4.932221E-10	 9.983396E-3	 4.429663E-6
6.000001E-1	 -5.094700E-10	 9.983744E-3	 4.443687E-6
4.000002E-1	 -5.169400E-10	 9.983502E-3	 4.458043E-6
2.000002E-1	 -5.279129E-10	 9.983510E-3	 4.479009E-6
1.490116E-7	 -5.845069E-10	 9.983396E-3	 4.514042E-6
-1.999999E-1	 -6.386953E-10	 9.983631E-3	 4.529041E-6
-3.999999E-1	 -5.317952E-10	 9.984439E-3	 4.538601E-6
-5.999998E-1	 -5.317954E-10	 9.983857E-3	 4.546295E-6
-7.999998E-1	 -5.378725E-10	 9.983737E-3	 4.554437E-6
-9.999999E-1	 -5.546693E-10	 9.983628E-3	 4.559454E-6
-1.200000E+0	 -5.452580E-10	 9.983506E-3	 4.566684E-6
-1.400000E+0	 -5.666127E-10	 9.983163E-3	 4.571256E-6
-1.600000E+0	 -5.528547E-10	 9.983858E-3	 4.574656E-6
-1.800000E+0	 -5.790626E-10	 9.983858E-3	 4.581017E-6
-2.000000E+0	 -5.869123E-10	 9.983627E-3	 4.586869E-6
-2.200000E+0	 -5.944669E-10	 9.983968E-3	 4.590999E-6
-2.400000E+0	 -5.856043E-10	 9.983975E-3	 4.597397E-6
-2.600000E+0	 -6.151460E-10	 9.983513E-3	 4.602382E-6
-2.800000E+0	 -6.002907E-10	 9.983964E-3	 4.606407E-6
-3.000000E+0	 -6.241772E-10	 9.983621E-3	 4.612213E-6
-3.200000E+0	 -6.245995E-10	 9.983855E-3	 4.618938E-6
-3.400000E+0	 -6.385683E-10	 9.983280E-3	 4.621526E-6
-3.600000E+0	 -6.470514E-10	 9.983394E-3	 4.626916E-6
-3.800000E+0	 -6.536772E-10	 9.983398E-3	 4.631060E-6
-4.000000E+0	 -6.702630E-10	 9.982931E-3	 4.637132E-6
-4.200000E+0	 -6.563784E-10	 9.983042E-3	 4.640720E-6
-4.400000E+0	 -6.795898E-10	 9.983396E-3	 4.644934E-6
-4.600000E+0	 -6.862581E-10	 9.983392E-3	 4.652258E-6
-4.800000E+0	 -6.909849E-10	 9.983739E-3	 4.655462E-6
-5.000000E+0	 -6.985815E-10	 9.983510E-3	 4.660205E-6
-5.200000E+0	 -7.087944E-10	 9.983046E-3	 4.665078E-6
-5.400000E+0	 -7.209065E-10	 9.983512E-3	 4.670660E-6
-5.600000E+0	 -7.287136E-10	 9.983281E-3	 4.673628E-6
-5.800000E+0	 -7.261396E-10	 9.982917E-3	 4.679221E-6
-6.000000E+0	 -7.431474E-10	 9.983047E-3	 4.684260E-6
-6.200000E+0	 -7.488871E-10	 9.983396E-3	 4.687405E-6
-6.400000E+0	 -7.499423E-10	 9.983398E-3	 4.694617E-6
-6.600000E+0	 -7.607039E-10	 9.983281E-3	 4.698649E-6
-6.800000E+0	 -7.725630E-10	 9.983163E-3	 4.704083E-6
-7.000000E+0	 -7.781757E-10	 9.982814E-3	 4.705878E-6
-7.200000E+0	 -7.885154E-10	 9.983160E-3	 4.711741E-6
-7.400000E+0	 -7.932420E-10	 9.983623E-3	 4.717285E-6
-7.600000E+0	 -7.895285E-10	 9.983742E-3	 4.719717E-6
-7.800000E+0	 -8.090685E-10	 9.983861E-3	 4.726565E-6
-8.000000E+0	 -8.191550E-10	 9.983272E-3	 4.732937E-6
-8.200000E+0	 -8.224040E-10	 9.983627E-3	 4.738106E-6
-8.400000E+0	 -8.269629E-10	 9.983506E-3	 4.742084E-6
-8.600000E+0	 -8.405939E-10	 9.983738E-3	 4.746833E-6
-8.800000E+0	 -8.498786E-10	 9.982933E-3	 4.749998E-6
-9.000000E+0	 -8.496673E-10	 9.983157E-3	 4.755977E-6
-9.200000E+0	 -8.535919E-10	 9.983161E-3	 4.759246E-6
-9.400000E+0	 -8.668863E-10	 9.983281E-3	 4.765333E-6
-9.600000E+0	 -8.792094E-10	 9.983625E-3	 4.771450E-6
-9.800000E+0	 -8.844003E-10	 9.983280E-3	 4.774379E-6
-1.000000E+1	 -8.950357E-10	 9.983284E-3	 4.781306E-6
-9.800000E+0	 -6.289885E-10	 9.983162E-3	 4.778910E-6
-9.600000E+0	 -5.510399E-10	 9.983396E-3	 4.778603E-6
-9.400000E+0	 -5.020844E-10	 9.982935E-3	 4.776875E-6
-9.200000E+0	 -4.457436E-10	 9.983273E-3	 4.772979E-6
-9.000000E+0	 -4.129097E-10	 9.983387E-3	 4.772288E-6
-8.800000E+0	 -3.763620E-10	 9.983045E-3	 4.769767E-6
-8.600000E+0	 -3.436969E-10	 9.983514E-3	 4.768054E-6
-8.400000E+0	 -3.098502E-10	 9.983163E-3	 4.764364E-6
-8.200000E+0	 -2.873560E-10	 9.983844E-3	 4.762090E-6
-8.000000E+0	 -2.602196E-10	 9.983500E-3	 4.760862E-6
-7.800000E+0	 -2.427476E-10	 9.983628E-3	 4.761097E-6
-7.600000E+0	 -2.227434E-10	 9.983279E-3	 4.756967E-6
-7.400000E+0	 -2.009245E-10	 9.983390E-3	 4.755716E-6
-7.200000E+0	 -1.829043E-10	 9.982468E-3	 4.751611E-6
-7.000000E+0	 -1.574997E-10	 9.983283E-3	 4.750913E-6
-6.800000E+0	 -1.432782E-10	 9.983165E-3	 4.748038E-6
-6.600000E+0	 -1.231908E-10	 9.983283E-3	 4.746812E-6
-6.400000E+0	 -9.432573E-11	 9.982923E-3	 4.740544E-6
-6.200000E+0	 -8.879746E-11	 9.983273E-3	 4.738498E-6
-6.000000E+0	 -7.850057E-11	 9.983052E-3	 4.736904E-6
-5.800000E+0	 -5.913063E-11	 9.983280E-3	 4.732713E-6
-5.600000E+0	 -5.153451E-11	 9.983621E-3	 4.729139E-6
-5.400000E+0	 -1.912458E-11	 9.983283E-3	 4.726087E-6
-5.200000E+0	 -2.499051E-11	 9.983051E-3	 4.722142E-6
-5.000000E+0	 -1.527070E-12	 9.983394E-3	 4.722689E-6
-4.800000E+0	 8.221201E-12	 9.983283E-3	 4.715528E-6
-4.600000E+0	 2.012175E-11	 9.982702E-3	 4.712491E-6
-4.400000E+0	 3.219104E-11	 9.983510E-3	 4.709877E-6
-4.200000E+0	 4.620160E-11	 9.983280E-3	 4.705561E-6
-4.000000E+0	 5.620318E-11	 9.983281E-3	 4.701205E-6
-3.800000E+0	 7.236567E-11	 9.983503E-3	 4.697483E-6
-3.600000E+0	 9.034329E-11	 9.983155E-3	 4.694655E-6
-3.400000E+0	 9.515391E-11	 9.983624E-3	 4.689084E-6
-3.200000E+0	 1.012307E-10	 9.983398E-3	 4.685103E-6
-3.000000E+0	 1.152413E-10	 9.983275E-3	 4.676913E-6
-2.800000E+0	 1.186173E-10	 9.983627E-3	 4.673410E-6
-2.600000E+0	 1.283236E-10	 9.983167E-3	 4.666470E-6
-2.400000E+0	 1.449927E-10	 9.983283E-3	 4.660417E-6
-2.200000E+0	 1.675274E-10	 9.983394E-3	 4.653020E-6
-2.000000E+0	 1.963506E-10	 9.983283E-3	 4.645873E-6
-1.800000E+0	 1.852097E-10	 9.983045E-3	 4.641221E-6
-1.600000E+0	 1.968992E-10	 9.983396E-3	 4.630902E-6
-1.400000E+0	 2.079134E-10	 9.983284E-3	 4.623376E-6
-1.200000E+0	 2.725644E-10	 9.983390E-3	 4.607434E-6
-9.999999E-1	 3.041304E-10	 9.984206E-3	 4.581461E-6
-7.999998E-1	 2.929894E-10	 9.983629E-3	 4.558174E-6
-5.999998E-1	 3.076752E-10	 9.983280E-3	 4.524917E-6
-3.999999E-1	 3.155243E-10	 9.983745E-3	 4.501465E-6
-1.999999E-1	 3.324892E-10	 9.983052E-3	 4.467813E-6
1.490116E-7	 3.613538E-10	 9.983166E-3	 4.437165E-6
2.000002E-1	 3.403804E-10	 9.983393E-3	 4.395769E-6
4.000002E-1	 3.076754E-10	 9.983394E-3	 4.368478E-6
6.000001E-1	 3.132880E-10	 9.983042E-3	 4.344254E-6
8.000002E-1	 3.100807E-10	 9.983049E-3	 4.318742E-6
1.000000E+0	 3.347257E-10	 9.982822E-3	 4.291502E-6
1.200000E+0	 3.355274E-10	 9.983627E-3	 4.266408E-6
1.400000E+0	 3.353167E-10	 9.983742E-3	 4.234862E-6
1.600000E+0	 3.573030E-10	 9.983051E-3	 4.203580E-6
1.800000E+0	 3.573872E-10	 9.983628E-3	 4.175404E-6
2.000000E+0	 3.564591E-10	 9.983286E-3	 4.145576E-6
2.200000E+0	 3.823278E-10	 9.983732E-3	 4.119370E-6
2.400000E+0	 3.848175E-10	 9.983398E-3	 4.091036E-6
2.600000E+0	 3.884892E-10	 9.983397E-3	 4.064125E-6
2.800000E+0	 4.006006E-10	 9.983741E-3	 4.036468E-6
3.000000E+0	 4.211522E-10	 9.983744E-3	 4.010724E-6
3.200000E+0	 4.314072E-10	 9.983632E-3	 3.986011E-6
3.400000E+0	 4.373572E-10	 9.983396E-3	 3.963626E-6
3.600000E+0	 4.433918E-10	 9.983629E-3	 3.938950E-6
3.800000E+0	 4.551239E-10	 9.983281E-3	 3.911027E-6
4.000000E+0	 4.598922E-10	 9.984315E-3	 3.887895E-6
4.200000E+0	 4.700205E-10	 9.984209E-3	 3.860574E-6
4.400000E+0	 4.685435E-10	 9.983858E-3	 3.836921E-6
4.600000E+0	 4.902340E-10	 9.983854E-3	 3.807778E-6
4.800000E+0	 5.068191E-10	 9.983973E-3	 3.782556E-6
5.000000E+0	 5.156811E-10	 9.984437E-3	 3.759262E-6
5.200000E+0	 5.092667E-10	 9.983744E-3	 3.733717E-6
5.400000E+0	 5.366548E-10	 9.983625E-3	 3.709044E-6
5.600000E+0	 5.296072E-10	 9.984089E-3	 3.685281E-6
5.800000E+0	 5.369502E-10	 9.983744E-3	 3.659927E-6
6.000000E+0	 5.379208E-10	 9.983972E-3	 3.635221E-6
6.200000E+0	 5.654354E-10	 9.983854E-3	 3.608758E-6
6.400000E+0	 5.758592E-10	 9.983857E-3	 3.583462E-6
6.600000E+0	 5.883501E-10	 9.983977E-3	 3.555376E-6
6.800000E+0	 5.900804E-10	 9.983857E-3	 3.525023E-6
7.000000E+0	 6.008841E-10	 9.983514E-3	 3.495222E-6
7.200000E+0	 6.122779E-10	 9.983976E-3	 3.464389E-6
7.400000E+0	 6.117712E-10	 9.983166E-3	 3.434257E-6
7.600000E+0	 6.164980E-10	 9.984319E-3	 3.403056E-6
7.800000E+0	 6.365860E-10	 9.983972E-3	 3.372320E-6
8.000000E+0	 6.235452E-10	 9.983744E-3	 3.342308E-6
8.200000E+0	 6.479369E-10	 9.983745E-3	 3.309444E-6
8.400001E+0	 6.462074E-10	 9.983977E-3	 3.276122E-6
8.600000E+0	 6.551116E-10	 9.983277E-3	 3.244353E-6
8.800000E+0	 6.830058E-10	 9.983745E-3	 3.211653E-6
9.000000E+0	 6.693753E-10	 9.983052E-3	 3.179390E-6
9.200001E+0	 6.832591E-10	 9.983047E-3	 3.144073E-6
9.400001E+0	 7.023342E-10	 9.982808E-3	 3.114094E-6
9.600000E+0	 7.097186E-10	 9.983398E-3	 3.081335E-6
9.800000E+0	 7.187922E-10	 9.983394E-3	 3.048551E-6
1.000000E+1	 7.114064E-10	 9.983283E-3	 3.017273E-6
1.020000E+1	 7.278649E-10	 9.983398E-3	 2.983488E-6
1.040000E+1	 7.435631E-10	 9.983511E-3	 2.950715E-6
1.060000E+1	 7.392170E-10	 9.982932E-3	 2.916385E-6
1.080000E+1	 7.452092E-10	 9.983168E-3	 2.885274E-6
1.100000E+1	 7.606965E-10	 9.983514E-3	 2.852230E-6
1.120000E+1	 7.607812E-10	 9.982820E-3	 2.820565E-6
1.140000E+1	 7.664783E-10	 9.983169E-3	 2.787139E-6
1.160000E+1	 7.799407E-10	 9.982824E-3	 2.755155E-6
1.180000E+1	 8.039106E-10	 9.983281E-3	 2.720464E-6
1.200000E+1	 7.957657E-10	 9.983054E-3	 2.688915E-6
1.220000E+1	 8.084680E-10	 9.982705E-3	 2.655804E-6
1.240000E+1	 8.278375E-10	 9.983394E-3	 2.623236E-6
1.260000E+1	 8.228157E-10	 9.983976E-3	 2.590971E-6
1.280000E+1	 8.422281E-10	 9.982816E-3	 2.559319E-6
1.300000E+1	 8.449711E-10	 9.983516E-3	 2.525402E-6
1.320000E+1	 8.442956E-10	 9.983744E-3	 2.493349E-6
1.340000E+1	 8.649319E-10	 9.983280E-3	 2.460495E-6
1.360000E+1	 8.609644E-10	 9.983401E-3	 2.429437E-6
1.380000E+1	 8.748490E-10	 9.983396E-3	 2.397788E-6
1.400000E+1	 8.764097E-10	 9.983275E-3	 2.365558E-6
1.420000E+1	 8.851884E-10	 9.983169E-3	 2.332976E-6
1.440000E+1	 8.909282E-10	 9.983157E-3	 2.301953E-6
1.460000E+1	 8.975528E-10	 9.983163E-3	 2.269738E-6
1.480000E+1	 9.049379E-10	 9.983274E-3	 2.239620E-6
1.500000E+1	 9.090318E-10	 9.983632E-3	 2.208867E-6
1.520000E+1	 9.231685E-10	 9.983396E-3	 2.178710E-6
1.540000E+1	 9.362506E-10	 9.983514E-3	 2.147021E-6
1.560000E+1	 9.393725E-10	 9.983517E-3	 2.117402E-6
1.580000E+1	 9.586588E-10	 9.983515E-3	 2.085698E-6
1.600000E+1	 9.549878E-10	 9.983171E-3	 2.056047E-6
1.620000E+1	 9.677744E-10	 9.983287E-3	 2.026382E-6
1.640000E+1	 9.659599E-10	 9.983278E-3	 1.996344E-6
1.660000E+1	 9.719101E-10	 9.983517E-3	 1.966836E-6
1.680000E+1	 9.921662E-10	 9.983401E-3	 1.937860E-6
1.700000E+1	 9.941499E-10	 9.982936E-3	 1.907607E-6
1.720000E+1	 1.012760E-9	 9.983977E-3	 1.879667E-6
1.740000E+1	 1.017529E-9	 9.983167E-3	 1.851082E-6
1.760000E+1	 1.021875E-9	 9.983399E-3	 1.823804E-6
1.780000E+1	 1.026517E-9	 9.983166E-3	 1.796656E-6
1.800000E+1	 1.037953E-9	 9.983632E-3	 1.767932E-6
1.820000E+1	 1.039895E-9	 9.983517E-3	 1.741760E-6
1.840000E+1	 1.048377E-9	 9.983507E-3	 1.714962E-6
1.860000E+1	 1.064498E-9	 9.983275E-3	 1.688985E-6
1.880000E+1	 1.060024E-9	 9.983509E-3	 1.660824E-6
1.900000E+1	 1.076694E-9	 9.983859E-3	 1.636347E-6
1.920000E+1	 1.083530E-9	 9.984439E-3	 1.611358E-6
1.940000E+1	 1.099060E-9	 9.983973E-3	 1.587282E-6
1.960000E+1	 1.102225E-9	 9.983973E-3	 1.563031E-6
1.980000E+1	 1.102816E-9	 9.984093E-3	 1.539250E-6
2.000000E+1	 1.120751E-9	 9.984319E-3	 1.515152E-6
2.020000E+1	 1.117713E-9	 9.983979E-3	 1.493248E-6
2.040000E+1	 1.131385E-9	 9.983853E-3	 1.470746E-6
2.060000E+1	 1.141049E-9	 9.983515E-3	 1.448869E-6
2.080000E+1	 1.151895E-9	 9.984088E-3	 1.428038E-6
2.100000E+1	 1.168564E-9	 9.983744E-3	 1.406771E-6
2.120000E+1	 1.165104E-9	 9.983744E-3	 1.385493E-6
2.140000E+1	 1.177637E-9	 9.983866E-3	 1.366551E-6
2.160000E+1	 1.186626E-9	 9.983745E-3	 1.347086E-6
2.180000E+1	 1.188398E-9	 9.983744E-3	 1.328407E-6
2.200000E+1	 1.191352E-9	 9.983737E-3	 1.310088E-6
2.220000E+1	 1.194348E-9	 9.983512E-3	 1.292838E-6
2.240000E+1	 1.207726E-9	 9.983749E-3	 1.275774E-6
2.260000E+1	 1.129233E-9	 9.983634E-3	 1.258701E-6
2.280000E+1	 1.229291E-9	 9.983514E-3	 1.243112E-6
2.300000E+1	 1.230008E-9	 9.983970E-3	 1.227861E-6
2.320000E+1	 1.238406E-9	 9.983976E-3	 1.214214E-6
2.340000E+1	 1.265667E-9	 9.983514E-3	 1.199803E-6
2.360000E+1	 1.250982E-9	 9.983404E-3	 1.186502E-6
2.380000E+1	 1.260308E-9	 9.982935E-3	 1.174185E-6
2.400000E+1	 1.284066E-9	 9.983050E-3	 1.162043E-6
2.420000E+1	 1.279888E-9	 9.982811E-3	 1.150356E-6
2.440000E+1	 1.289805E-9	 9.983752E-3	 1.139697E-6
2.460000E+1	 1.287653E-9	 9.983632E-3	 1.129638E-6
2.480000E+1	 1.299596E-9	 9.983518E-3	 1.120253E-6
2.500000E+1	 1.310864E-9	 9.983401E-3	 1.111119E-6
2.520000E+1	 1.326478E-9	 9.983518E-3	 1.102792E-6
2.540000E+1	 1.329390E-9	 9.983517E-3	 1.095787E-6
2.560000E+1	 1.343780E-9	 9.983865E-3	 1.088915E-6
2.580000E+1	 1.344497E-9	 9.983396E-3	 1.082565E-6
2.600000E+1	 1.359438E-9	 9.983625E-3	 1.076839E-6
2.620000E+1	 1.357073E-9	 9.983634E-3	 1.071394E-6
2.640000E+1	 1.370830E-9	 9.983748E-3	 1.067675E-6
2.660000E+1	 1.376655E-9	 9.983518E-3	 1.063574E-6
2.680000E+1	 1.381971E-9	 9.984088E-3	 1.060666E-6
2.700000E+1	 1.389103E-9	 9.983745E-3	 1.057961E-6
2.720000E+1	 1.395138E-9	 9.983861E-3	 1.056087E-6
2.740000E+1	 1.403114E-9	 9.984441E-3	 1.054647E-6
2.760000E+1	 1.418685E-9	 9.983858E-3	 1.053447E-6
2.780000E+1	 1.421091E-9	 9.984096E-3	 1.053719E-6
2.800000E+1	 1.420584E-9	 9.983865E-3	 1.053702E-6
2.820000E+1	 1.429236E-9	 9.984209E-3	 1.053442E-6
2.840000E+1	 1.442402E-9	 9.983511E-3	 1.054666E-6
2.860000E+1	 1.450082E-9	 9.984441E-3	 1.056351E-6
2.880000E+1	 1.461562E-9	 9.983862E-3	 1.058587E-6
2.900000E+1	 1.463080E-9	 9.984091E-3	 1.060472E-6
2.920000E+1	 1.477092E-9	 9.984207E-3	 1.063426E-6
2.940000E+1	 1.476542E-9	 9.983865E-3	 1.066794E-6
2.960000E+1	 1.486417E-9	 9.983979E-3	 1.070196E-6
2.980000E+1	 1.500259E-9	 9.984328E-3	 1.074482E-6
3.000000E+1	 1.505069E-9	 9.983975E-3	 1.078317E-6
3.020000E+1	 1.509038E-9	 9.984324E-3	 1.084650E-6
3.040000E+1	 1.521528E-9	 9.984212E-3	 1.089436E-6
3.060000E+1	 1.534230E-9	 9.983979E-3	 1.095155E-6
3.080000E+1	 1.537775E-9	 9.983517E-3	 1.100512E-6
3.100000E+1	 1.557060E-9	 9.983517E-3	 1.105709E-6
3.120000E+1	 1.564276E-9	 9.983401E-3	 1.111628E-6
3.140000E+1	 1.555457E-9	 9.983859E-3	 1.117614E-6
3.160000E+1	 1.579975E-9	 9.983750E-3	 1.124339E-6
3.180000E+1	 1.580946E-9	 9.984212E-3	 1.130993E-6
3.200000E+1	 1.582423E-9	 9.983512E-3	 1.137947E-6
3.220000E+1	 1.603819E-9	 9.983968E-3	 1.144056E-6
3.240000E+1	 1.608417E-9	 9.984210E-3	 1.151374E-6
3.260000E+1	 1.608967E-9	 9.984322E-3	 1.158407E-6
3.280000E+1	 1.622471E-9	 9.984440E-3	 1.165482E-6
3.300000E+1	 1.627958E-9	 9.984670E-3	 1.173408E-6
3.320000E+1	 1.631165E-9	 9.984090E-3	 1.181062E-6
3.340000E+1	 1.642433E-9	 9.984081E-3	 1.187834E-6
3.360000E+1	 1.651548E-9	 9.984555E-3	 1.194989E-6
3.380000E+1	 1.652897E-9	 9.984324E-3	 1.205361E-6
3.400000E+1	 1.666401E-9	 9.984444E-3	 1.212933E-6
3.420000E+1	 1.687333E-9	 9.983868E-3	 1.220450E-6
3.440000E+1	 1.679231E-9	 9.983056E-3	 1.228152E-6
3.460000E+1	 1.693242E-9	 9.983747E-3	 1.235561E-6
3.480000E+1	 1.698390E-9	 9.983287E-3	 1.243537E-6
3.500000E+1	 1.712865E-9	 9.983284E-3	 1.251269E-6
3.480000E+1	 1.432780E-9	 9.984097E-3	 1.231604E-6
3.460000E+1	 1.369817E-9	 9.983518E-3	 1.213380E-6
3.440000E+1	 1.302465E-9	 9.983855E-3	 1.196094E-6
3.420000E+1	 1.254356E-9	 9.983747E-3	 1.179136E-6
3.400000E+1	 1.224858E-9	 9.983515E-3	 1.163756E-6
3.380000E+1	 1.185444E-9	 9.984209E-3	 1.149102E-6
3.360000E+1	 1.155735E-9	 9.983862E-3	 1.135374E-6
3.340000E+1	 1.107078E-9	 9.983632E-3	 1.121318E-6
3.320000E+1	 1.105137E-9	 9.984093E-3	 1.107942E-6
3.300000E+1	 1.077706E-9	 9.983634E-3	 1.096487E-6
3.280000E+1	 1.051162E-9	 9.983865E-3	 1.085131E-6
3.260000E+1	 1.023605E-9	 9.983509E-3	 1.074697E-6
3.240000E+1	 1.004320E-9	 9.983520E-3	 1.064736E-6
3.220000E+1	 9.734716E-10	 9.983863E-3	 1.056200E-6
3.200000E+1	 9.752438E-10	 9.983391E-3	 1.047689E-6
3.180000E+1	 9.430449E-10	 9.984093E-3	 1.039752E-6
3.160000E+1	 9.301739E-10	 9.984206E-3	 1.033555E-6
3.140000E+1	 9.115207E-10	 9.984082E-3	 1.026979E-6
3.120000E+1	 8.967940E-10	 9.983514E-3	 1.022296E-6
3.100000E+1	 8.891972E-10	 9.983861E-3	 1.018282E-6
3.080000E+1	 8.561122E-10	 9.984090E-3	 1.015481E-6
3.060000E+1	 8.602477E-10	 9.983636E-3	 1.013219E-6
3.040000E+1	 8.388938E-10	 9.983512E-3	 1.012226E-6
3.020000E+1	 8.158105E-10	 9.983980E-3	 1.012483E-6
3.000000E+1	 8.120126E-10	 9.983858E-3	 1.012680E-6
2.980000E+1	 7.962295E-10	 9.983858E-3	 1.014922E-6
2.960000E+1	 7.890136E-10	 9.983283E-3	 1.018366E-6
2.940000E+1	 7.677866E-10	 9.982940E-3	 1.022857E-6
2.920000E+1	 7.665204E-10	 9.983632E-3	 1.027940E-6
2.900000E+1	 7.401034E-10	 9.983517E-3	 1.034575E-6
2.880000E+1	 7.240250E-10	 9.984092E-3	 1.042265E-6
2.860000E+1	 7.132221E-10	 9.983171E-3	 1.050820E-6
2.840000E+1	 7.117020E-10	 9.983404E-3	 1.060573E-6
2.820000E+1	 6.882386E-10	 9.983742E-3	 1.071491E-6
2.800000E+1	 6.835126E-10	 9.983401E-3	 1.083236E-6
2.780000E+1	 6.888293E-10	 9.983860E-3	 1.096772E-6
2.760000E+1	 6.563772E-10	 9.984089E-3	 1.110788E-6
2.740000E+1	 6.367541E-10	 9.984327E-3	 1.125268E-6
2.720000E+1	 6.345174E-10	 9.984095E-3	 1.141360E-6
2.700000E+1	 6.329564E-10	 9.983055E-3	 1.156976E-6
2.680000E+1	 6.181018E-10	 9.983621E-3	 1.174910E-6
2.660000E+1	 6.105899E-10	 9.983634E-3	 1.193319E-6
2.640000E+1	 5.886455E-10	 9.983977E-3	 1.212469E-6
2.620000E+1	 5.807965E-10	 9.983281E-3	 1.232262E-6
2.600000E+1	 5.818938E-10	 9.983635E-3	 1.252871E-6
2.580000E+1	 5.721033E-10	 9.983630E-3	 1.274651E-6
2.560000E+1	 5.691493E-10	 9.984088E-3	 1.295295E-6
2.540000E+1	 5.427742E-10	 9.983398E-3	 1.319306E-6
2.520000E+1	 5.452212E-10	 9.984324E-3	 1.341473E-6
2.500000E+1	 5.358110E-10	 9.984090E-3	 1.364258E-6
2.480000E+1	 5.277085E-10	 9.984205E-3	 1.391325E-6
2.460000E+1	 5.125581E-10	 9.984664E-3	 1.415282E-6
2.440000E+1	 4.902766E-10	 9.983744E-3	 1.440512E-6
2.420000E+1	 4.910785E-10	 9.983861E-3	 1.465988E-6
2.400000E+1	 4.846638E-10	 9.984443E-3	 1.490746E-6
2.380000E+1	 4.662222E-10	 9.983865E-3	 1.516288E-6
2.360000E+1	 4.648719E-10	 9.983860E-3	 1.543756E-6
2.340000E+1	 4.589218E-10	 9.983979E-3	 1.570084E-6
2.320000E+1	 4.412396E-10	 9.983513E-3	 1.598887E-6
2.300000E+1	 4.340660E-10	 9.983742E-3	 1.624557E-6
2.280000E+1	 4.252881E-10	 9.983629E-3	 1.652265E-6
2.260000E+1	 4.193375E-10	 9.983284E-3	 1.680682E-6
2.240000E+1	 4.024575E-10	 9.983516E-3	 1.708717E-6
2.220000E+1	 4.050738E-10	 9.983286E-3	 1.738826E-6
2.200000E+1	 3.853244E-10	 9.983515E-3	 1.766279E-6
2.180000E+1	 3.857462E-10	 9.983632E-3	 1.795775E-6
2.160000E+1	 3.758291E-10	 9.983283E-3	 1.824338E-6
2.140000E+1	 3.635489E-10	 9.983051E-3	 1.854478E-6
2.120000E+1	 3.606374E-10	 9.983396E-3	 1.882538E-6
2.100000E+1	 3.464576E-10	 9.983397E-3	 1.911944E-6
2.080000E+1	 3.391145E-10	 9.982935E-3	 1.942632E-6
2.060000E+1	 3.181410E-10	 9.983053E-3	 1.971214E-6
2.040000E+1	 3.328267E-10	 9.983287E-3	 2.001651E-6
2.020000E+1	 3.018518E-10	 9.983280E-3	 2.031393E-6
2.000000E+1	 3.106295E-10	 9.983971E-3	 2.064363E-6
1.980000E+1	 3.041727E-10	 9.983394E-3	 2.094814E-6
1.960000E+1	 2.680070E-10	 9.983399E-3	 2.125245E-6
1.940000E+1	 2.670365E-10	 9.983283E-3	 2.153722E-6
1.920000E+1	 2.719738E-10	 9.983399E-3	 2.182970E-6
1.900000E+1	 2.490167E-10	 9.983747E-3	 2.212335E-6
1.880000E+1	 2.517176E-10	 9.983283E-3	 2.244101E-6
1.860000E+1	 2.422647E-10	 9.982819E-3	 2.273760E-6
1.840000E+1	 2.363990E-10	 9.983167E-3	 2.303664E-6
1.820000E+1	 2.204471E-10	 9.983052E-3	 2.332630E-6
1.800000E+1	 2.165649E-10	 9.982935E-3	 2.363912E-6
1.780000E+1	 2.242451E-10	 9.983056E-3	 2.392431E-6
1.760000E+1	 1.987984E-10	 9.983518E-3	 2.423375E-6
1.740000E+1	 1.943253E-10	 9.983287E-3	 2.452052E-6
1.720000E+1	 1.752929E-10	 9.982822E-3	 2.482353E-6
1.700000E+1	 1.790063E-10	 9.983041E-3	 2.511946E-6
1.680000E+1	 1.619574E-10	 9.983167E-3	 2.540206E-6
1.660000E+1	 1.537705E-10	 9.982477E-3	 2.569850E-6
1.640000E+1	 1.611978E-10	 9.983051E-3	 2.599652E-6
1.620000E+1	 1.440223E-10	 9.983283E-3	 2.628339E-6
1.600000E+1	 1.354133E-10	 9.983283E-3	 2.659234E-6
1.580000E+1	 1.338099E-10	 9.983166E-3	 2.687148E-6
1.560000E+1	 1.216982E-10	 9.982822E-3	 2.716689E-6
1.540000E+1	 1.040159E-10	 9.982699E-3	 2.745105E-6
1.520000E+1	 1.037208E-10	 9.983155E-3	 2.773505E-6
1.500000E+1	 9.933210E-11	 9.982706E-3	 2.804913E-6
1.480000E+1	 8.865525E-11	 9.983166E-3	 2.832146E-6
1.460000E+1	 6.991829E-11	 9.982584E-3	 2.860287E-6
1.440000E+1	 7.295664E-11	 9.982700E-3	 2.888309E-6
1.420000E+1	 7.312548E-11	 9.982817E-3	 2.917039E-6
1.400000E+1	 5.384004E-11	 9.983161E-3	 2.946844E-6
1.380000E+1	 4.653922E-11	 9.983508E-3	 2.974669E-6
1.360000E+1	 2.725369E-11	 9.983738E-3	 3.003055E-6
1.340000E+1	 2.510142E-11	 9.982935E-3	 3.028670E-6
1.320000E+1	 1.649253E-11	 9.982591E-3	 3.054328E-6
1.300000E+1	 1.678803E-11	 9.983514E-3	 3.086262E-6
1.280000E+1	 3.959083E-12	 9.983277E-3	 3.114718E-6
1.260000E+1	 -1.823836E-11	 9.982591E-3	 3.140654E-6
1.240000E+1	 -1.047354E-11	 9.982591E-3	 3.168494E-6
1.220000E+1	 -2.309135E-11	 9.982815E-3	 3.195412E-6
1.200000E+1	 -3.811476E-11	 9.982817E-3	 3.223252E-6
1.180000E+1	 -4.414939E-11	 9.982704E-3	 3.249093E-6
1.160000E+1	 -4.756770E-11	 9.983052E-3	 3.274893E-6
1.140000E+1	 -6.140935E-11	 9.982818E-3	 3.302345E-6
1.120000E+1	 -6.448996E-11	 9.983283E-3	 3.327135E-6
1.100000E+1	 -7.090439E-11	 9.982932E-3	 3.353488E-6
1.080000E+1	 -7.504009E-11	 9.982932E-3	 3.381846E-6
1.060000E+1	 -9.086523E-11	 9.982358E-3	 3.406468E-6
1.040000E+1	 -9.647786E-11	 9.983050E-3	 3.432644E-6
1.020000E+1	 -1.020483E-10	 9.982701E-3	 3.458808E-6
1.000000E+1	 -1.101086E-10	 9.982935E-3	 3.485335E-6
9.800000E+0	 -1.125140E-10	 9.982937E-3	 3.511842E-6
9.600000E+0	 -1.214183E-10	 9.983165E-3	 3.538360E-6
9.400001E+0	 -1.365683E-10	 9.982472E-3	 3.564934E-6
9.200001E+0	 -1.431515E-10	 9.982814E-3	 3.591086E-6
9.000000E+0	 -1.620995E-10	 9.982584E-3	 3.617291E-6
8.800000E+0	 -1.511696E-10	 9.982471E-3	 3.640045E-6
8.600000E+0	 -1.749284E-10	 9.982578E-3	 3.666282E-6
8.400001E+0	 -1.838749E-10	 9.982820E-3	 3.688062E-6
8.200000E+0	 -1.984767E-10	 9.982705E-3	 3.712591E-6
8.000000E+0	 -1.864914E-10	 9.982465E-3	 3.739411E-6
7.800000E+0	 -2.037943E-10	 9.982696E-3	 3.762737E-6
7.600000E+0	 -2.264151E-10	 9.982473E-3	 3.786243E-6
7.400000E+0	 -2.234187E-10	 9.982584E-3	 3.809469E-6
7.200000E+0	 -2.380631E-10	 9.982358E-3	 3.832149E-6
7.000000E+0	 -2.336740E-10	 9.982360E-3	 3.858247E-6
6.800000E+0	 -1.521824E-10	 9.982931E-3	 3.878063E-6
6.600000E+0	 -2.529185E-10	 9.982353E-3	 3.899399E-6
6.400000E+0	 -2.648197E-10	 9.982356E-3	 3.917711E-6
6.200000E+0	 -2.642711E-10	 9.982589E-3	 3.939138E-6
6.000000E+0	 -2.769742E-10	 9.982817E-3	 3.958685E-6
5.800000E+0	 -2.728383E-10	 9.982817E-3	 3.976094E-6
5.600000E+0	 -2.973582E-10	 9.983163E-3	 3.994239E-6
5.400000E+0	 -2.973160E-10	 9.983280E-3	 4.013038E-6
5.200000E+0	 -2.926737E-10	 9.983035E-3	 4.030044E-6
5.000000E+0	 -3.212450E-10	 9.983625E-3	 4.047156E-6
4.800000E+0	 -3.179110E-10	 9.983283E-3	 4.063798E-6
4.600000E+0	 -3.264360E-10	 9.983280E-3	 4.082817E-6
4.400000E+0	 -3.414602E-10	 9.983510E-3	 4.099591E-6
4.200000E+0	 -3.472842E-10	 9.982929E-3	 4.115548E-6
4.000000E+0	 -3.487191E-10	 9.983741E-3	 4.130737E-6
3.800000E+0	 -3.547118E-10	 9.983627E-3	 4.144898E-6
3.600000E+0	 -3.636590E-10	 9.982698E-3	 4.163267E-6
3.400000E+0	 -3.975057E-10	 9.983277E-3	 4.178002E-6
3.200000E+0	 -3.931588E-10	 9.983165E-3	 4.190795E-6
3.000000E+0	 -3.964084E-10	 9.982923E-3	 4.206972E-6
2.800000E+0	 -3.973791E-10	 9.983162E-3	 4.221978E-6
2.600000E+0	 -4.136695E-10	 9.983033E-3	 4.241634E-6
2.400000E+0	 -4.174255E-10	 9.982932E-3	 4.259938E-6
2.200000E+0	 -4.378517E-10	 9.983043E-3	 4.281347E-6
2.000000E+0	 -4.369654E-10	 9.983514E-3	 4.299797E-6
1.800000E+0	 -4.459971E-10	 9.982931E-3	 4.318936E-6
1.600000E+0	 -4.520319E-10	 9.983163E-3	 4.339466E-6
1.400000E+0	 -4.592907E-10	 9.982926E-3	 4.353035E-6
1.200000E+0	 -4.782401E-10	 9.983274E-3	 4.382811E-6
1.000000E+0	 -4.889594E-10	 9.982819E-3	 4.444770E-6
8.000002E-1	 -5.086680E-10	 9.982822E-3	 4.482516E-6
6.000001E-1	 -5.090481E-10	 9.983400E-3	 4.497007E-6
4.000002E-1	 -5.294322E-10	 9.983166E-3	 4.510262E-6
2.000002E-1	 -5.171932E-10	 9.982700E-3	 4.533658E-6
1.490116E-7	 -5.290523E-10	 9.982933E-3	 4.569503E-6
-1.999999E-1	 -5.771634E-10	 9.982923E-3	 4.580189E-6
-3.999999E-1	 -7.216239E-10	 9.982925E-3	 4.592486E-6
-5.999998E-1	 -5.561884E-10	 9.982468E-3	 4.599388E-6
-7.999998E-1	 -5.460176E-10	 9.982591E-3	 4.606500E-6
-9.999999E-1	 -5.555132E-10	 9.983051E-3	 4.612981E-6
-1.200000E+0	 -5.499003E-10	 9.982244E-3	 4.620530E-6
-1.400000E+0	 -5.657687E-10	 9.982707E-3	 4.625052E-6
-1.600000E+0	 -5.819322E-10	 9.982470E-3	 4.630456E-6
-1.800000E+0	 -5.969988E-10	 9.982235E-3	 4.636451E-6
-2.000000E+0	 -6.078448E-10	 9.982473E-3	 4.641216E-6
-2.200000E+0	 -6.093642E-10	 9.982355E-3	 4.647582E-6
-2.400000E+0	 -6.126560E-10	 9.982358E-3	 4.652465E-6
-2.600000E+0	 -6.321959E-10	 9.982704E-3	 4.657644E-6
-2.800000E+0	 -6.284819E-10	 9.982458E-3	 4.659312E-6
-3.000000E+0	 -6.457010E-10	 9.982351E-3	 4.665689E-6
-3.200000E+0	 -6.381464E-10	 9.982935E-3	 4.670879E-6
-3.400000E+0	 -6.532971E-10	 9.982584E-3	 4.676941E-6
-3.600000E+0	 -6.660847E-10	 9.982582E-3	 4.682343E-6
-3.800000E+0	 -6.669710E-10	 9.982351E-3	 4.688728E-6
-4.000000E+0	 -6.670132E-10	 9.982695E-3	 4.692401E-6
-4.200000E+0	 -6.938122E-10	 9.982469E-3	 4.697701E-6
-4.400000E+0	 -6.938966E-10	 9.982704E-3	 4.701755E-6
-4.600000E+0	 -6.951204E-10	 9.982126E-3	 4.706711E-6
-4.800000E+0	 -7.017042E-10	 9.982351E-3	 4.710193E-6
-5.000000E+0	 -7.130144E-10	 9.983283E-3	 4.715379E-6
-5.200000E+0	 -7.095959E-10	 9.982926E-3	 4.720731E-6
-5.400000E+0	 -7.319638E-10	 9.982820E-3	 4.724609E-6
-5.600000E+0	 -7.376187E-10	 9.982702E-3	 4.729352E-6
-5.800000E+0	 -7.366062E-10	 9.983167E-3	 4.734766E-6
-6.000000E+0	 -7.561036E-10	 9.982470E-3	 4.738633E-6
-6.200000E+0	 -7.496466E-10	 9.982705E-3	 4.743473E-6
-6.400000E+0	 -7.638691E-10	 9.982473E-3	 4.747853E-6
-6.600000E+0	 -7.733222E-10	 9.982819E-3	 4.752636E-6
-6.800000E+0	 -7.697776E-10	 9.983280E-3	 4.757228E-6
-7.000000E+0	 -7.882623E-10	 9.982465E-3	 4.762655E-6
-7.200000E+0	 -7.976312E-10	 9.982474E-3	 4.767142E-6
-7.400000E+0	 -8.028221E-10	 9.982589E-3	 4.771951E-6
-7.600000E+0	 -8.091526E-10	 9.982356E-3	 4.776295E-6
-7.800000E+0	 -8.142597E-10	 9.982586E-3	 4.782382E-6
-8.000000E+0	 -8.297895E-10	 9.982238E-3	 4.786492E-6
-8.200000E+0	 -8.366687E-10	 9.982470E-3	 4.790186E-6
-8.400000E+0	 -8.407207E-10	 9.982819E-3	 4.796845E-6
-8.600000E+0	 -8.516510E-10	 9.982474E-3	 4.800016E-6
-8.800000E+0	 -8.544364E-10	 9.982358E-3	 4.802961E-6
-9.000000E+0	 -8.669706E-10	 9.982823E-3	 4.808191E-6
-9.200000E+0	 -8.735544E-10	 9.982356E-3	 4.813858E-6
-9.400000E+0	 -8.813615E-10	 9.982470E-3	 4.819532E-6
-9.600000E+0	 -8.927568E-10	 9.982473E-3	 4.824277E-6
-9.800000E+0	 -9.079916E-10	 9.982358E-3	 4.828901E-6
-1.000000E+1	 -9.007330E-10	 9.982356E-3	 4.833152E-6
