-1.000000E+1	 -7.923966E-10	 9.983273E-3	 4.435479E-6
-9.800000E+0	 -6.520725E-10	 9.983166E-3	 4.437006E-6
-9.600000E+0	 -5.628558E-10	 9.983153E-3	 4.437449E-6
-9.400000E+0	 -5.100600E-10	 9.982585E-3	 4.436083E-6
-9.200000E+0	 -4.696719E-10	 9.982465E-3	 4.434882E-6
-9.000000E+0	 -4.266673E-10	 9.983281E-3	 4.435523E-6
-8.800000E+0	 -3.878406E-10	 9.983508E-3	 4.434756E-6
-8.600000E+0	 -3.615906E-10	 9.983855E-3	 4.435917E-6
-8.400000E+0	 -3.312045E-10	 9.983627E-3	 4.434123E-6
-8.200000E+0	 -2.949945E-10	 9.983511E-3	 4.432597E-6
-8.000000E+0	 -2.817850E-10	 9.983048E-3	 4.432180E-6
-7.800000E+0	 -2.437181E-10	 9.983504E-3	 4.432781E-6
-7.600000E+0	 -2.311417E-10	 9.983159E-3	 4.432148E-6
-7.400000E+0	 -2.091540E-10	 9.983048E-3	 4.428808E-6
-7.200000E+0	 -1.807099E-10	 9.983042E-3	 4.427318E-6
-7.000000E+0	 -1.611712E-10	 9.983734E-3	 4.426293E-6
-6.800000E+0	 -1.526889E-10	 9.983511E-3	 4.424517E-6
-6.600000E+0	 -1.282127E-10	 9.983152E-3	 4.421850E-6
-6.400000E+0	 -1.077034E-10	 9.983509E-3	 4.420318E-6
-6.200000E+0	 -9.732211E-11	 9.983045E-3	 4.419805E-6
-6.000000E+0	 -6.638928E-11	 9.983277E-3	 4.416923E-6
-5.800000E+0	 -6.449027E-11	 9.983730E-3	 4.413361E-6
-5.600000E+0	 -4.769467E-11	 9.983397E-3	 4.411662E-6
-5.400000E+0	 -3.203826E-11	 9.983047E-3	 4.410045E-6
-5.200000E+0	 -3.178513E-11	 9.983273E-3	 4.405091E-6
-5.000000E+0	 3.916367E-12	 9.983861E-3	 4.403731E-6
-4.800000E+0	 7.714426E-12	 9.983280E-3	 4.402004E-6
-4.600000E+0	 2.695771E-11	 9.983052E-3	 4.397346E-6
-4.400000E+0	 4.206543E-11	 9.983280E-3	 4.395162E-6
-4.200000E+0	 5.375486E-11	 9.983627E-3	 4.391979E-6
-4.000000E+0	 6.025361E-11	 9.983625E-3	 4.388227E-6
-3.800000E+0	 8.050993E-11	 9.983967E-3	 4.385433E-6
-3.600000E+0	 8.878107E-11	 9.983614E-3	 4.380986E-6
-3.400000E+0	 9.266349E-11	 9.983858E-3	 4.378122E-6
-3.200000E+0	 1.081511E-10	 9.983972E-3	 4.373916E-6
-3.000000E+0	 1.106829E-10	 9.983278E-3	 4.368709E-6
-2.800000E+0	 1.209799E-10	 9.983510E-3	 4.363652E-6
-2.600000E+0	 1.515753E-10	 9.983621E-3	 4.358824E-6
-2.400000E+0	 1.601839E-10	 9.983504E-3	 4.352049E-6
-2.200000E+0	 1.675269E-10	 9.983625E-3	 4.347669E-6
-2.000000E+0	 1.769374E-10	 9.983511E-3	 4.341601E-6
-1.800000E+0	 1.909058E-10	 9.983400E-3	 4.335117E-6
-1.600000E+0	 2.034394E-10	 9.983630E-3	 4.329122E-6
-1.400000E+0	 2.184206E-10	 9.983394E-3	 4.321028E-6
-1.200000E+0	 2.114574E-10	 9.983051E-3	 4.312912E-6
-9.999999E-1	 2.617180E-10	 9.983857E-3	 4.301224E-6
-7.999998E-1	 3.082646E-10	 9.983514E-3	 4.275768E-6
-5.999998E-1	 3.482286E-10	 9.983052E-3	 4.248513E-6
-3.999999E-1	 3.436283E-10	 9.983398E-3	 4.219095E-6
-1.999999E-1	 3.638427E-10	 9.983052E-3	 4.187947E-6
1.490116E-7	 3.650664E-10	 9.983275E-3	 4.151268E-6
2.000002E-1	 3.276350E-10	 9.983621E-3	 4.111284E-6
4.000002E-1	 3.037497E-10	 9.983860E-3	 4.083403E-6
6.000001E-1	 3.142996E-10	 9.983629E-3	 4.059209E-6
8.000002E-1	 3.078430E-10	 9.984085E-3	 4.035087E-6
1.000000E+0	 3.182243E-10	 9.984320E-3	 4.005663E-6
1.200000E+0	 3.356111E-10	 9.983970E-3	 3.974470E-6
1.400000E+0	 3.497906E-10	 9.983857E-3	 3.943591E-6
1.600000E+0	 3.593699E-10	 9.983744E-3	 3.913360E-6
1.800000E+0	 3.666283E-10	 9.983283E-3	 3.879857E-6
2.000000E+0	 3.719455E-10	 9.983624E-3	 3.851586E-6
2.200000E+0	 3.837615E-10	 9.983629E-3	 3.821367E-6
2.400000E+0	 3.874752E-10	 9.983623E-3	 3.791885E-6
2.600000E+0	 4.064231E-10	 9.983280E-3	 3.762915E-6
2.800000E+0	 4.120781E-10	 9.983162E-3	 3.736636E-6
3.000000E+0	 4.127111E-10	 9.983511E-3	 3.708098E-6
3.200000E+0	 4.434749E-10	 9.983396E-3	 3.681584E-6
3.400000E+0	 4.449095E-10	 9.983972E-3	 3.657996E-6
3.600000E+0	 4.566836E-10	 9.983741E-3	 3.631716E-6
3.800000E+0	 4.616211E-10	 9.983280E-3	 3.606825E-6
4.000000E+0	 4.668539E-10	 9.983625E-3	 3.580235E-6
4.200000E+0	 4.770664E-10	 9.983731E-3	 3.552388E-6
4.400000E+0	 4.803159E-10	 9.983396E-3	 3.526321E-6
4.600000E+0	 4.897263E-10	 9.983741E-3	 3.498819E-6
4.800000E+0	 5.057206E-10	 9.984082E-3	 3.474790E-6
5.000000E+0	 5.105313E-10	 9.984314E-3	 3.448272E-6
5.200000E+0	 5.322643E-10	 9.983165E-3	 3.422952E-6
5.400000E+0	 5.320956E-10	 9.983400E-3	 3.398913E-6
5.600000E+0	 5.459375E-10	 9.983747E-3	 3.375068E-6
5.800000E+0	 5.515076E-10	 9.983276E-3	 3.348437E-6
6.000000E+0	 5.544618E-10	 9.983387E-3	 3.321018E-6
6.200000E+0	 5.714262E-10	 9.983047E-3	 3.294993E-6
6.400000E+0	 5.736205E-10	 9.983631E-3	 3.269328E-6
6.600000E+0	 5.764906E-10	 9.983393E-3	 3.242272E-6
6.800000E+0	 5.935393E-10	 9.983273E-3	 3.211365E-6
7.000000E+0	 5.983080E-10	 9.983049E-3	 3.181313E-6
7.200000E+0	 5.889391E-10	 9.983976E-3	 3.152470E-6
7.400000E+0	 6.138796E-10	 9.983391E-3	 3.121952E-6
7.600000E+0	 6.399177E-10	 9.984088E-3	 3.090575E-6
7.800000E+0	 6.364575E-10	 9.984200E-3	 3.059715E-6
8.000000E+0	 6.408457E-10	 9.984204E-3	 3.027563E-6
8.200000E+0	 6.564601E-10	 9.984082E-3	 2.997766E-6
8.400001E+0	 6.573458E-10	 9.984432E-3	 2.966321E-6
8.600000E+0	 6.672625E-10	 9.983967E-3	 2.934671E-6
8.800000E+0	 6.744372E-10	 9.984083E-3	 2.902648E-6
9.000000E+0	 6.849031E-10	 9.983975E-3	 2.870542E-6
9.200001E+0	 6.878145E-10	 9.984209E-3	 2.839580E-6
9.400001E+0	 6.999257E-10	 9.984206E-3	 2.806657E-6
9.600000E+0	 7.055392E-10	 9.983975E-3	 2.775330E-6
9.800000E+0	 7.194650E-10	 9.983973E-3	 2.744569E-6
1.000000E+1	 7.279473E-10	 9.983625E-3	 2.711590E-6
1.020000E+1	 7.422113E-10	 9.984199E-3	 2.679752E-6
1.040000E+1	 7.330952E-10	 9.984205E-3	 2.649391E-6
1.060000E+1	 7.522544E-10	 9.983625E-3	 2.618154E-6
1.080000E+1	 7.554618E-10	 9.984319E-3	 2.586420E-6
1.100000E+1	 7.671094E-10	 9.983744E-3	 2.556645E-6
1.120000E+1	 7.709493E-10	 9.983511E-3	 2.523752E-6
1.140000E+1	 7.798955E-10	 9.983621E-3	 2.493199E-6
1.160000E+1	 7.865635E-10	 9.983741E-3	 2.462754E-6
1.180000E+1	 7.991393E-10	 9.983740E-3	 2.432128E-6
1.200000E+1	 8.118413E-10	 9.984203E-3	 2.402433E-6
1.220000E+1	 8.184246E-10	 9.983394E-3	 2.370023E-6
1.240000E+1	 8.191421E-10	 9.983397E-3	 2.339487E-6
1.260000E+1	 8.337427E-10	 9.983621E-3	 2.309341E-6
1.280000E+1	 8.418037E-10	 9.983625E-3	 2.279259E-6
1.300000E+1	 8.381744E-10	 9.984434E-3	 2.249784E-6
1.320000E+1	 8.445465E-10	 9.983971E-3	 2.219165E-6
1.340000E+1	 8.619330E-10	 9.983735E-3	 2.189606E-6
1.360000E+1	 8.752681E-10	 9.983623E-3	 2.160443E-6
1.380000E+1	 8.814295E-10	 9.984432E-3	 2.130602E-6
1.400000E+1	 8.922750E-10	 9.983862E-3	 2.101746E-6
1.420000E+1	 8.987736E-10	 9.984198E-3	 2.072268E-6
1.440000E+1	 9.177638E-10	 9.984426E-3	 2.043034E-6
1.460000E+1	 9.191991E-10	 9.984206E-3	 2.015382E-6
1.480000E+1	 9.342644E-10	 9.983737E-3	 1.986195E-6
1.500000E+1	 9.395814E-10	 9.983506E-3	 1.958221E-6
1.520000E+1	 9.291585E-10	 9.984089E-3	 1.930055E-6
1.540000E+1	 9.388648E-10	 9.984086E-3	 1.901784E-6
1.560000E+1	 9.413120E-10	 9.983739E-3	 1.874115E-6
1.580000E+1	 9.646489E-10	 9.983742E-3	 1.847131E-6
1.600000E+1	 9.675184E-10	 9.983627E-3	 1.819031E-6
1.620000E+1	 9.735112E-10	 9.983857E-3	 1.794262E-6
1.640000E+1	 9.977336E-10	 9.983860E-3	 1.767633E-6
1.660000E+1	 9.876902E-10	 9.983400E-3	 1.740769E-6
1.680000E+1	 1.008748E-9	 9.983965E-3	 1.714830E-6
1.700000E+1	 1.002671E-9	 9.983854E-3	 1.690427E-6
1.720000E+1	 1.008875E-9	 9.983393E-3	 1.664553E-6
1.740000E+1	 1.027823E-9	 9.983853E-3	 1.640385E-6
1.760000E+1	 1.041074E-9	 9.983976E-3	 1.616544E-6
1.780000E+1	 1.044787E-9	 9.983163E-3	 1.592420E-6
1.800000E+1	 1.047910E-9	 9.983858E-3	 1.568498E-6
1.820000E+1	 1.047277E-9	 9.983858E-3	 1.544772E-6
1.840000E+1	 1.058544E-9	 9.983618E-3	 1.522838E-6
1.860000E+1	 1.070699E-9	 9.983973E-3	 1.500469E-6
1.880000E+1	 1.083611E-9	 9.983975E-3	 1.479021E-6
1.900000E+1	 1.084624E-9	 9.983744E-3	 1.458093E-6
1.920000E+1	 1.084751E-9	 9.983860E-3	 1.437365E-6
1.940000E+1	 1.107243E-9	 9.984552E-3	 1.416929E-6
1.960000E+1	 1.121676E-9	 9.984093E-3	 1.398248E-6
1.980000E+1	 1.118638E-9	 9.984318E-3	 1.378485E-6
2.000000E+1	 1.118891E-9	 9.983859E-3	 1.359463E-6
2.020000E+1	 1.126191E-9	 9.983970E-3	 1.341890E-6
2.040000E+1	 1.129019E-9	 9.984310E-3	 1.322080E-6
2.060000E+1	 1.151554E-9	 9.984085E-3	 1.306596E-6
2.080000E+1	 1.153875E-9	 9.984203E-3	 1.290094E-6
2.100000E+1	 1.167506E-9	 9.983975E-3	 1.273596E-6
2.120000E+1	 1.181305E-9	 9.984782E-3	 1.258333E-6
2.140000E+1	 1.185357E-9	 9.983742E-3	 1.243482E-6
2.160000E+1	 1.191391E-9	 9.984316E-3	 1.229139E-6
2.180000E+1	 1.205190E-9	 9.984205E-3	 1.215275E-6
2.200000E+1	 1.210424E-9	 9.984082E-3	 1.201986E-6
2.220000E+1	 1.228020E-9	 9.984205E-3	 1.189643E-6
2.240000E+1	 1.221563E-9	 9.984088E-3	 1.177120E-6
2.260000E+1	 1.229708E-9	 9.984551E-3	 1.165758E-6
2.280000E+1	 1.238993E-9	 9.984313E-3	 1.155015E-6
2.300000E+1	 1.254860E-9	 9.984665E-3	 1.145106E-6
2.320000E+1	 1.252666E-9	 9.983739E-3	 1.135261E-6
2.340000E+1	 1.262710E-9	 9.984433E-3	 1.126303E-6
2.360000E+1	 1.277817E-9	 9.984777E-3	 1.117405E-6
2.380000E+1	 1.266043E-9	 9.984554E-3	 1.109194E-6
2.400000E+1	 1.296174E-9	 9.983844E-3	 1.101115E-6
2.420000E+1	 1.297356E-9	 9.983744E-3	 1.094467E-6
2.440000E+1	 1.298496E-9	 9.984092E-3	 1.088511E-6
2.460000E+1	 1.303897E-9	 9.984088E-3	 1.083019E-6
2.480000E+1	 1.313519E-9	 9.984192E-3	 1.077381E-6
2.500000E+1	 1.331370E-9	 9.984089E-3	 1.073193E-6
2.520000E+1	 1.344874E-9	 9.983512E-3	 1.068694E-6
2.540000E+1	 1.347785E-9	 9.984203E-3	 1.065242E-6
2.560000E+1	 1.363357E-9	 9.983513E-3	 1.062325E-6
2.580000E+1	 1.350148E-9	 9.984207E-3	 1.060197E-6
2.600000E+1	 1.370615E-9	 9.983628E-3	 1.057758E-6
2.620000E+1	 1.373274E-9	 9.983854E-3	 1.056262E-6
2.640000E+1	 1.381672E-9	 9.984092E-3	 1.055259E-6
2.660000E+1	 1.397202E-9	 9.984086E-3	 1.054147E-6
2.680000E+1	 1.395979E-9	 9.984319E-3	 1.054111E-6
2.700000E+1	 1.399396E-9	 9.983858E-3	 1.054623E-6
2.720000E+1	 1.398933E-9	 9.983744E-3	 1.055127E-6
2.740000E+1	 1.419315E-9	 9.983621E-3	 1.057000E-6
2.760000E+1	 1.430118E-9	 9.983629E-3	 1.057273E-6
2.780000E+1	 1.448601E-9	 9.983618E-3	 1.059278E-6
2.800000E+1	 1.445859E-9	 9.984089E-3	 1.061888E-6
2.820000E+1	 1.452146E-9	 9.983741E-3	 1.064705E-6
2.840000E+1	 1.466917E-9	 9.984319E-3	 1.067530E-6
2.860000E+1	 1.468437E-9	 9.983847E-3	 1.070397E-6
2.880000E+1	 1.475231E-9	 9.983624E-3	 1.074180E-6
2.900000E+1	 1.492701E-9	 9.983858E-3	 1.078039E-6
2.920000E+1	 1.490972E-9	 9.984084E-3	 1.082288E-6
2.940000E+1	 1.501901E-9	 9.983274E-3	 1.086594E-6
2.960000E+1	 1.512957E-9	 9.982819E-3	 1.090913E-6
2.980000E+1	 1.520469E-9	 9.983629E-3	 1.095641E-6
3.000000E+1	 1.528697E-9	 9.983166E-3	 1.101417E-6
3.020000E+1	 1.540894E-9	 9.983397E-3	 1.107084E-6
3.040000E+1	 1.540008E-9	 9.983509E-3	 1.112499E-6
3.060000E+1	 1.546760E-9	 9.983859E-3	 1.118126E-6
3.080000E+1	 1.555073E-9	 9.983050E-3	 1.124467E-6
3.100000E+1	 1.568281E-9	 9.984424E-3	 1.130805E-6
3.120000E+1	 1.574231E-9	 9.984550E-3	 1.136856E-6
3.140000E+1	 1.585752E-9	 9.984665E-3	 1.142100E-6
3.160000E+1	 1.583600E-9	 9.984085E-3	 1.152082E-6
3.180000E+1	 1.593898E-9	 9.984551E-3	 1.158963E-6
3.200000E+1	 1.608751E-9	 9.984086E-3	 1.165622E-6
3.220000E+1	 1.630021E-9	 9.984551E-3	 1.172394E-6
3.240000E+1	 1.624999E-9	 9.984319E-3	 1.178712E-6
3.260000E+1	 1.633144E-9	 9.984549E-3	 1.186015E-6
3.280000E+1	 1.644538E-9	 9.984550E-3	 1.193467E-6
3.300000E+1	 1.652387E-9	 9.984304E-3	 1.200979E-6
3.320000E+1	 1.648632E-9	 9.984314E-3	 1.208534E-6
3.340000E+1	 1.653864E-9	 9.984203E-3	 1.214898E-6
3.360000E+1	 1.668550E-9	 9.984088E-3	 1.226471E-6
3.380000E+1	 1.667959E-9	 9.984543E-3	 1.233159E-6
3.400000E+1	 1.738729E-9	 9.984551E-3	 1.240594E-6
3.420000E+1	 1.694503E-9	 9.984552E-3	 1.247937E-6
3.440000E+1	 1.717459E-9	 9.984206E-3	 1.255036E-6
3.460000E+1	 1.713029E-9	 9.983511E-3	 1.264089E-6
3.480000E+1	 1.720371E-9	 9.984198E-3	 1.271241E-6
3.500000E+1	 1.728939E-9	 9.984312E-3	 1.278923E-6
3.480000E+1	 1.453876E-9	 9.984312E-3	 1.258400E-6
3.460000E+1	 1.380448E-9	 9.984780E-3	 1.238468E-6
3.440000E+1	 1.315037E-9	 9.984780E-3	 1.220736E-6
3.420000E+1	 1.277395E-9	 9.984545E-3	 1.203533E-6
3.400000E+1	 1.238697E-9	 9.984312E-3	 1.185965E-6
3.380000E+1	 1.195484E-9	 9.984784E-3	 1.170727E-6
3.360000E+1	 1.164594E-9	 9.984777E-3	 1.155112E-6
3.340000E+1	 1.146490E-9	 9.984436E-3	 1.141352E-6
3.320000E+1	 1.112687E-9	 9.984200E-3	 1.128079E-6
3.300000E+1	 1.092009E-9	 9.984321E-3	 1.114801E-6
3.280000E+1	 1.057152E-9	 9.984091E-3	 1.103537E-6
3.260000E+1	 1.043943E-9	 9.984774E-3	 1.091920E-6
3.240000E+1	 1.017990E-9	 9.984553E-3	 1.081452E-6
3.220000E+1	 9.914467E-10	 9.984206E-3	 1.070848E-6
3.200000E+1	 9.852847E-10	 9.984088E-3	 1.061898E-6
3.180000E+1	 9.611461E-10	 9.984543E-3	 1.053722E-6
3.160000E+1	 9.367541E-10	 9.984424E-3	 1.046103E-6
3.140000E+1	 9.321968E-10	 9.984436E-3	 1.038964E-6
3.120000E+1	 9.152322E-10	 9.984669E-3	 1.032908E-6
3.100000E+1	 8.990274E-10	 9.983972E-3	 1.027887E-6
3.080000E+1	 8.847215E-10	 9.984319E-3	 1.023459E-6
3.060000E+1	 8.596123E-10	 9.984782E-3	 1.020106E-6
3.040000E+1	 8.509188E-10	 9.984428E-3	 1.018013E-6
3.020000E+1	 8.345451E-10	 9.984319E-3	 1.016218E-6
3.000000E+1	 8.383845E-10	 9.984668E-3	 1.015960E-6
2.980000E+1	 8.054692E-10	 9.984314E-3	 1.016569E-6
2.960000E+1	 7.946656E-10	 9.983860E-3	 1.018165E-6
2.940000E+1	 7.758022E-10	 9.983862E-3	 1.021482E-6
2.920000E+1	 7.754649E-10	 9.983389E-3	 1.025192E-6
2.900000E+1	 7.524236E-10	 9.983506E-3	 1.030574E-6
2.880000E+1	 7.429697E-10	 9.983502E-3	 1.037068E-6
2.860000E+1	 7.394255E-10	 9.983855E-3	 1.044086E-6
2.840000E+1	 7.128393E-10	 9.983506E-3	 1.051924E-6
2.820000E+1	 6.982804E-10	 9.983976E-3	 1.061907E-6
2.800000E+1	 7.011073E-10	 9.984436E-3	 1.072443E-6
2.780000E+1	 6.725380E-10	 9.984202E-3	 1.084510E-6
2.760000E+1	 6.859580E-10	 9.984205E-3	 1.096679E-6
2.740000E+1	 6.637184E-10	 9.984090E-3	 1.110122E-6
2.720000E+1	 6.576416E-10	 9.984320E-3	 1.125259E-6
2.700000E+1	 6.406347E-10	 9.984436E-3	 1.140130E-6
2.680000E+1	 6.310554E-10	 9.983965E-3	 1.157120E-6
2.660000E+1	 6.285654E-10	 9.984079E-3	 1.173676E-6
2.640000E+1	 6.205896E-10	 9.984666E-3	 1.191721E-6
2.620000E+1	 6.046382E-10	 9.984088E-3	 1.211413E-6
2.600000E+1	 6.035403E-10	 9.984553E-3	 1.230424E-6
2.580000E+1	 5.802040E-10	 9.983965E-3	 1.250773E-6
2.560000E+1	 5.729031E-10	 9.984205E-3	 1.271175E-6
2.540000E+1	 5.599053E-10	 9.983857E-3	 1.292974E-6
2.520000E+1	 5.452621E-10	 9.984892E-3	 1.314855E-6
2.500000E+1	 5.419708E-10	 9.984663E-3	 1.338141E-6
2.480000E+1	 5.410839E-10	 9.984430E-3	 1.361321E-6
2.460000E+1	 5.277491E-10	 9.984432E-3	 1.384928E-6
2.440000E+1	 5.123456E-10	 9.984537E-3	 1.409370E-6
2.420000E+1	 4.977867E-10	 9.984553E-3	 1.434123E-6
2.400000E+1	 4.981239E-10	 9.984666E-3	 1.459122E-6
2.380000E+1	 4.795981E-10	 9.984538E-3	 1.484030E-6
2.360000E+1	 4.710317E-10	 9.984433E-3	 1.510142E-6
2.340000E+1	 4.635618E-10	 9.984658E-3	 1.535791E-6
2.320000E+1	 4.636888E-10	 9.983858E-3	 1.563099E-6
2.300000E+1	 4.600174E-10	 9.984552E-3	 1.589660E-6
2.280000E+1	 4.440657E-10	 9.984429E-3	 1.616960E-6
2.260000E+1	 4.423355E-10	 9.984316E-3	 1.643830E-6
2.240000E+1	 4.237671E-10	 9.983855E-3	 1.671035E-6
2.220000E+1	 4.206023E-10	 9.983975E-3	 1.698941E-6
2.200000E+1	 4.059588E-10	 9.984205E-3	 1.726847E-6
2.180000E+1	 3.810181E-10	 9.983963E-3	 1.753972E-6
2.160000E+1	 3.817357E-10	 9.984200E-3	 1.783606E-6
2.140000E+1	 3.925811E-10	 9.983861E-3	 1.811480E-6
2.120000E+1	 3.571329E-10	 9.983507E-3	 1.839574E-6
2.100000E+1	 3.545166E-10	 9.983852E-3	 1.868861E-6
2.080000E+1	 3.463295E-10	 9.983970E-3	 1.897073E-6
2.060000E+1	 3.411393E-10	 9.984084E-3	 1.929450E-6
2.040000E+1	 3.349774E-10	 9.984433E-3	 1.958264E-6
2.020000E+1	 3.158186E-10	 9.985008E-3	 1.987668E-6
2.000000E+1	 3.141311E-10	 9.984433E-3	 2.014692E-6
1.980000E+1	 3.041294E-10	 9.984434E-3	 2.045575E-6
1.960000E+1	 2.941701E-10	 9.984429E-3	 2.073259E-6
1.940000E+1	 2.846328E-10	 9.984429E-3	 2.102582E-6
1.920000E+1	 2.720572E-10	 9.984546E-3	 2.130920E-6
1.900000E+1	 2.596082E-10	 9.984780E-3	 2.160507E-6
1.880000E+1	 2.656428E-10	 9.984890E-3	 2.187973E-6
1.860000E+1	 2.518433E-10	 9.984661E-3	 2.217947E-6
1.840000E+1	 2.551773E-10	 9.984780E-3	 2.248048E-6
1.820000E+1	 2.247084E-10	 9.984547E-3	 2.276193E-6
1.800000E+1	 2.162263E-10	 9.984312E-3	 2.304419E-6
1.780000E+1	 2.134832E-10	 9.984428E-3	 2.333080E-6
1.760000E+1	 2.109935E-10	 9.984892E-3	 2.362635E-6
1.740000E+1	 2.057183E-10	 9.984553E-3	 2.391090E-6
1.720000E+1	 1.904839E-10	 9.984196E-3	 2.419021E-6
1.700000E+1	 1.856730E-10	 9.984426E-3	 2.449847E-6
1.680000E+1	 1.764310E-10	 9.984665E-3	 2.478267E-6
1.660000E+1	 1.681600E-10	 9.984897E-3	 2.506699E-6
1.640000E+1	 1.707344E-10	 9.984781E-3	 2.537923E-6
1.620000E+1	 1.428818E-10	 9.984203E-3	 2.566454E-6
1.600000E+1	 1.357503E-10	 9.984315E-3	 2.593932E-6
1.580000E+1	 1.325009E-10	 9.984082E-3	 2.621471E-6
1.560000E+1	 1.260019E-10	 9.984202E-3	 2.650026E-6
1.540000E+1	 1.647418E-10	 9.984084E-3	 2.677109E-6
1.520000E+1	 1.497184E-10	 9.984194E-3	 2.704043E-6
1.500000E+1	 1.011879E-10	 9.984199E-3	 2.730828E-6
1.480000E+1	 9.076473E-11	 9.984778E-3	 2.759415E-6
1.460000E+1	 8.515202E-11	 9.984085E-3	 2.786327E-6
1.440000E+1	 7.920173E-11	 9.984086E-3	 2.812776E-6
1.420000E+1	 7.358913E-11	 9.983970E-3	 2.840804E-6
1.400000E+1	 4.995693E-11	 9.984539E-3	 2.866928E-6
1.380000E+1	 6.012726E-11	 9.984422E-3	 2.895275E-6
1.360000E+1	 4.295175E-11	 9.984536E-3	 2.923074E-6
1.340000E+1	 3.666384E-11	 9.983622E-3	 2.948893E-6
1.320000E+1	 2.911003E-11	 9.984086E-3	 2.976690E-6
1.300000E+1	 1.269403E-11	 9.984084E-3	 3.002606E-6
1.280000E+1	 1.163908E-11	 9.984318E-3	 3.029241E-6
1.260000E+1	 -1.991657E-12	 9.983507E-3	 3.055219E-6
1.240000E+1	 -1.718373E-11	 9.983744E-3	 3.080391E-6
1.220000E+1	 -1.313244E-11	 9.983276E-3	 3.108538E-6
1.200000E+1	 -3.520319E-11	 9.983857E-3	 3.133678E-6
1.180000E+1	 -1.849178E-11	 9.983737E-3	 3.160031E-6
1.160000E+1	 -4.140664E-11	 9.983617E-3	 3.184813E-6
1.140000E+1	 -4.993121E-11	 9.983737E-3	 3.212049E-6
1.120000E+1	 -5.394014E-11	 9.983967E-3	 3.238408E-6
1.100000E+1	 -6.090321E-11	 9.983391E-3	 3.264093E-6
1.080000E+1	 -6.516548E-11	 9.984318E-3	 3.294107E-6
1.060000E+1	 -9.103424E-11	 9.984543E-3	 3.317838E-6
1.040000E+1	 -1.047494E-10	 9.984319E-3	 3.343146E-6
1.020000E+1	 -1.068593E-10	 9.984079E-3	 3.368081E-6
1.000000E+1	 -1.083364E-10	 9.984086E-3	 3.391969E-6
9.800000E+0	 -1.171985E-10	 9.984310E-3	 3.418475E-6
9.600000E+0	 -1.261027E-10	 9.984544E-3	 3.443884E-6
9.400001E+0	 -1.355556E-10	 9.984083E-3	 3.468661E-6
9.200001E+0	 -1.430672E-10	 9.984660E-3	 3.493679E-6
9.000000E+0	 -1.382564E-10	 9.984308E-3	 3.519289E-6
8.800000E+0	 -1.517183E-10	 9.983732E-3	 3.542286E-6
8.600000E+0	 -1.724387E-10	 9.983848E-3	 3.568170E-6
8.400001E+0	 -1.565291E-10	 9.984423E-3	 3.591366E-6
8.200000E+0	 -1.771651E-10	 9.984316E-3	 3.614667E-6
8.000000E+0	 -1.852254E-10	 9.984196E-3	 3.637692E-6
7.800000E+0	 -1.872088E-10	 9.984086E-3	 3.660948E-6
7.600000E+0	 -2.111376E-10	 9.984544E-3	 3.683594E-6
7.400000E+0	 -2.044273E-10	 9.984318E-3	 3.706651E-6
7.200000E+0	 -2.191561E-10	 9.984315E-3	 3.728180E-6
7.000000E+0	 -2.178900E-10	 9.984545E-3	 3.752944E-6
6.800000E+0	 -2.209708E-10	 9.983624E-3	 3.775627E-6
6.600000E+0	 -2.370501E-10	 9.983506E-3	 3.795463E-6
6.400000E+0	 -2.440558E-10	 9.983620E-3	 3.814330E-6
6.200000E+0	 -2.584891E-10	 9.983504E-3	 3.832518E-6
6.000000E+0	 -2.745684E-10	 9.983849E-3	 3.852837E-6
5.800000E+0	 -2.676894E-10	 9.983392E-3	 3.867795E-6
5.600000E+0	 -2.801392E-10	 9.983970E-3	 3.886651E-6
5.400000E+0	 -2.951634E-10	 9.984085E-3	 3.905287E-6
5.200000E+0	 -3.102721E-10	 9.983621E-3	 3.922602E-6
5.000000E+0	 -3.017048E-10	 9.983266E-3	 3.938597E-6
4.800000E+0	 -3.075288E-10	 9.983734E-3	 3.954692E-6
4.600000E+0	 -3.211604E-10	 9.983393E-3	 3.972789E-6
4.400000E+0	 -3.377039E-10	 9.983621E-3	 3.987500E-6
4.200000E+0	 -3.333992E-10	 9.983620E-3	 4.001468E-6
4.000000E+0	 -3.474949E-10	 9.983273E-3	 4.017365E-6
3.800000E+0	 -3.520106E-10	 9.983740E-3	 4.034252E-6
3.600000E+0	 -3.651358E-10	 9.983737E-3	 4.047486E-6
3.400000E+0	 -3.676678E-10	 9.983277E-3	 4.061061E-6
3.200000E+0	 -3.798223E-10	 9.983390E-3	 4.075792E-6
3.000000E+0	 -3.789783E-10	 9.983497E-3	 4.091254E-6
2.800000E+0	 -3.963236E-10	 9.983156E-3	 4.106983E-6
2.600000E+0	 -4.052705E-10	 9.984083E-3	 4.122705E-6
2.400000E+0	 -4.158212E-10	 9.983270E-3	 4.138984E-6
2.200000E+0	 -4.206324E-10	 9.983277E-3	 4.159974E-6
2.000000E+0	 -4.279335E-10	 9.983608E-3	 4.181704E-6
1.800000E+0	 -4.412696E-10	 9.983734E-3	 4.199137E-6
1.600000E+0	 -4.492882E-10	 9.983273E-3	 4.220657E-6
1.400000E+0	 -4.774374E-10	 9.983271E-3	 4.239312E-6
1.200000E+0	 -4.738924E-10	 9.983737E-3	 4.270922E-6
1.000000E+0	 -4.948671E-10	 9.983852E-3	 4.328471E-6
8.000002E-1	 -4.925462E-10	 9.984078E-3	 4.367620E-6
6.000001E-1	 -4.989608E-10	 9.983735E-3	 4.379673E-6
4.000002E-1	 -5.104823E-10	 9.983964E-3	 4.394603E-6
2.000002E-1	 -5.109465E-10	 9.983502E-3	 4.418464E-6
1.490116E-7	 -5.123815E-10	 9.983269E-3	 4.449319E-6
-1.999999E-1	 -5.076123E-10	 9.983853E-3	 4.464049E-6
-3.999999E-1	 -5.119171E-10	 9.983851E-3	 4.472332E-6
-5.999998E-1	 -5.417964E-10	 9.983042E-3	 4.479730E-6
-7.999998E-1	 -5.715076E-10	 9.983617E-3	 4.486416E-6
-9.999999E-1	 -7.268559E-10	 9.983734E-3	 4.490726E-6
-1.200000E+0	 -7.055859E-10	 9.983844E-3	 4.495289E-6
-1.400000E+0	 -5.685953E-10	 9.983852E-3	 4.499510E-6
-1.600000E+0	 -5.661476E-10	 9.983966E-3	 4.505969E-6
-1.800000E+0	 -5.704099E-10	 9.983972E-3	 4.511123E-6
-2.000000E+0	 -5.946343E-10	 9.984083E-3	 4.516298E-6
-2.200000E+0	 -6.031596E-10	 9.983970E-3	 4.519725E-6
-2.400000E+0	 -6.103760E-10	 9.984545E-3	 4.524558E-6
-2.600000E+0	 -6.173395E-10	 9.984195E-3	 4.530067E-6
-2.800000E+0	 -6.179304E-10	 9.983843E-3	 4.534674E-6
-3.000000E+0	 -6.393273E-10	 9.984313E-3	 4.541305E-6
-3.200000E+0	 -6.313086E-10	 9.983734E-3	 4.543566E-6
-3.400000E+0	 -6.422815E-10	 9.983853E-3	 4.549524E-6
-3.600000E+0	 -6.508064E-10	 9.984318E-3	 4.550228E-6
-3.800000E+0	 -6.588249E-10	 9.984428E-3	 4.556265E-6
-4.000000E+0	 -6.736383E-10	 9.984198E-3	 4.560674E-6
-4.200000E+0	 -6.764657E-10	 9.983611E-3	 4.563680E-6
-4.400000E+0	 -6.914896E-10	 9.983851E-3	 4.569437E-6
-4.600000E+0	 -7.029692E-10	 9.983040E-3	 4.574837E-6
-4.800000E+0	 -6.955839E-10	 9.983280E-3	 4.575635E-6
-5.000000E+0	 -7.114936E-10	 9.983276E-3	 4.580334E-6
-5.200000E+0	 -7.106079E-10	 9.983390E-3	 4.585573E-6
-5.400000E+0	 -7.187529E-10	 9.983275E-3	 4.589240E-6
-5.600000E+0	 -7.203143E-10	 9.983390E-3	 4.594055E-6
-5.800000E+0	 -7.340725E-10	 9.983047E-3	 4.596584E-6
-6.000000E+0	 -7.533171E-10	 9.983156E-3	 4.600197E-6
-6.200000E+0	 -7.531482E-10	 9.983031E-3	 4.605169E-6
-6.400000E+0	 -7.553005E-10	 9.983621E-3	 4.610071E-6
-6.600000E+0	 -7.766550E-10	 9.983274E-3	 4.617367E-6
-6.800000E+0	 -7.722240E-10	 9.983383E-3	 4.620936E-6
-7.000000E+0	 -7.729413E-10	 9.983731E-3	 4.624732E-6
-7.200000E+0	 -7.896537E-10	 9.983858E-3	 4.631830E-6
-7.400000E+0	 -8.081385E-10	 9.982922E-3	 4.635424E-6
-7.600000E+0	 -8.129494E-10	 9.983042E-3	 4.637977E-6
-7.800000E+0	 -8.219810E-10	 9.983269E-3	 4.641076E-6
-8.000000E+0	 -8.347260E-10	 9.983618E-3	 4.646792E-6
-8.200000E+0	 -8.389043E-10	 9.983506E-3	 4.650684E-6
-8.400000E+0	 -8.464583E-10	 9.984079E-3	 4.655655E-6
-8.600000E+0	 -8.572622E-10	 9.984316E-3	 4.661239E-6
-8.800000E+0	 -8.709782E-10	 9.983737E-3	 4.664912E-6
-9.000000E+0	 -8.636348E-10	 9.983965E-3	 4.671041E-6
-9.200000E+0	 -8.735950E-10	 9.984077E-3	 4.675692E-6
-9.400000E+0	 -8.840188E-10	 9.984314E-3	 4.680211E-6
-9.600000E+0	 -8.939365E-10	 9.983858E-3	 4.685151E-6
-9.800000E+0	 -8.941056E-10	 9.983849E-3	 4.689126E-6
-1.000000E+1	 -9.041076E-10	 9.983967E-3	 4.691626E-6
-9.800000E+0	 -6.394115E-10	 9.984309E-3	 4.690086E-6
-9.600000E+0	 -5.582979E-10	 9.984428E-3	 4.688277E-6
-9.400000E+0	 -4.998049E-10	 9.983618E-3	 4.686161E-6
-9.200000E+0	 -4.608939E-10	 9.983740E-3	 4.684312E-6
-9.000000E+0	 -4.178048E-10	 9.983506E-3	 4.682869E-6
-8.800000E+0	 -3.985181E-10	 9.984192E-3	 4.680280E-6
-8.600000E+0	 -3.564419E-10	 9.983958E-3	 4.676624E-6
-8.400000E+0	 -3.200630E-10	 9.983970E-3	 4.674539E-6
-8.200000E+0	 -2.978643E-10	 9.983504E-3	 4.673051E-6
-8.000000E+0	 -2.595019E-10	 9.983274E-3	 4.667523E-6
-7.800000E+0	 -2.489090E-10	 9.983159E-3	 4.664982E-6
-7.600000E+0	 -2.241360E-10	 9.983732E-3	 4.662578E-6
-7.400000E+0	 -2.077613E-10	 9.983159E-3	 4.660655E-6
-7.200000E+0	 -1.785577E-10	 9.983851E-3	 4.658772E-6
-7.000000E+0	 -1.616354E-10	 9.983849E-3	 4.655532E-6
-6.800000E+0	 -1.540394E-10	 9.983047E-3	 4.653258E-6
-6.600000E+0	 -1.342474E-10	 9.983855E-3	 4.650247E-6
-6.400000E+0	 -1.038210E-10	 9.983855E-3	 4.647313E-6
-6.200000E+0	 -1.053824E-10	 9.984203E-3	 4.644295E-6
-6.000000E+0	 -8.213005E-11	 9.983500E-3	 4.643134E-6
-5.800000E+0	 -6.056569E-11	 9.983276E-3	 4.637758E-6
-5.600000E+0	 -4.271498E-11	 9.983623E-3	 4.636111E-6
-5.400000E+0	 -4.376989E-11	 9.983847E-3	 4.629401E-6
-5.200000E+0	 -1.984247E-11	 9.983622E-3	 4.626799E-6
-5.000000E+0	 -1.017854E-11	 9.983955E-3	 4.624529E-6
-4.800000E+0	 -1.696338E-12	 9.983853E-3	 4.618920E-6
-4.600000E+0	 2.763288E-11	 9.983273E-3	 4.615397E-6
-4.400000E+0	 2.927879E-11	 9.983039E-3	 4.612074E-6
-4.200000E+0	 4.725609E-11	 9.983966E-3	 4.608140E-6
-4.000000E+0	 5.502085E-11	 9.983391E-3	 4.605878E-6
-3.800000E+0	 7.131012E-11	 9.983162E-3	 4.601159E-6
-3.600000E+0	 8.160694E-11	 9.983503E-3	 4.594507E-6
-3.400000E+0	 9.329640E-11	 9.982817E-3	 4.590235E-6
-3.200000E+0	 9.823398E-11	 9.983618E-3	 4.585238E-6
-3.000000E+0	 1.180682E-10	 9.983855E-3	 4.581068E-6
-2.800000E+0	 1.298843E-10	 9.983506E-3	 4.574842E-6
-2.600000E+0	 1.442746E-10	 9.983858E-3	 4.569189E-6
-2.400000E+0	 1.486631E-10	 9.983969E-3	 4.561674E-6
-2.200000E+0	 1.565126E-10	 9.983741E-3	 4.555883E-6
-2.000000E+0	 1.741523E-10	 9.983849E-3	 4.550393E-6
-1.800000E+0	 1.793428E-10	 9.983618E-3	 4.542442E-6
-1.600000E+0	 1.975732E-10	 9.983963E-3	 4.535027E-6
-1.400000E+0	 2.107821E-10	 9.983853E-3	 4.525997E-6
-1.200000E+0	 2.454709E-10	 9.983508E-3	 4.513058E-6
-9.999999E-1	 3.045088E-10	 9.983275E-3	 4.490065E-6
-7.999998E-1	 3.175489E-10	 9.983971E-3	 4.462605E-6
-5.999998E-1	 3.603824E-10	 9.983388E-3	 4.436862E-6
-3.999999E-1	 3.688645E-10	 9.983507E-3	 4.407507E-6
-1.999999E-1	 3.678095E-10	 9.983504E-3	 4.378989E-6
1.490116E-7	 3.359061E-10	 9.983735E-3	 4.345701E-6
2.000002E-1	 3.236257E-10	 9.983278E-3	 4.306730E-6
4.000002E-1	 3.140468E-10	 9.983039E-3	 4.279404E-6
6.000001E-1	 3.137934E-10	 9.983504E-3	 4.253177E-6
8.000002E-1	 3.129914E-10	 9.983383E-3	 4.231109E-6
1.000000E+0	 3.192792E-10	 9.983741E-3	 4.203487E-6
1.200000E+0	 3.298294E-10	 9.983275E-3	 4.175843E-6
1.400000E+0	 3.308422E-10	 9.983497E-3	 4.146415E-6
1.600000E+0	 3.395774E-10	 9.984084E-3	 4.115744E-6
1.800000E+0	 3.548121E-10	 9.984200E-3	 4.085919E-6
2.000000E+0	 3.821998E-10	 9.983970E-3	 4.058144E-6
2.200000E+0	 3.890788E-10	 9.983737E-3	 4.030940E-6
2.400000E+0	 3.995444E-10	 9.983392E-3	 4.001626E-6
2.600000E+0	 4.000928E-10	 9.983855E-3	 3.973568E-6
2.800000E+0	 4.138079E-10	 9.983620E-3	 3.947250E-6
3.000000E+0	 4.197584E-10	 9.983623E-3	 3.922517E-6
3.200000E+0	 4.238095E-10	 9.983623E-3	 3.895829E-6
3.400000E+0	 4.374400E-10	 9.983852E-3	 3.872821E-6
3.600000E+0	 4.471885E-10	 9.983615E-3	 3.849474E-6
3.800000E+0	 4.467665E-10	 9.984088E-3	 3.823623E-6
4.000000E+0	 4.670226E-10	 9.983510E-3	 3.799204E-6
4.200000E+0	 4.661785E-10	 9.983621E-3	 3.773928E-6
4.400000E+0	 4.809911E-10	 9.983274E-3	 3.747329E-6
4.600000E+0	 5.008673E-10	 9.983737E-3	 3.721033E-6
4.800000E+0	 5.025551E-10	 9.983159E-3	 3.694509E-6
5.000000E+0	 5.063532E-10	 9.983393E-3	 3.671851E-6
5.200000E+0	 5.170299E-10	 9.984202E-3	 3.646112E-6
5.400000E+0	 5.213343E-10	 9.983844E-3	 3.620799E-6
5.600000E+0	 5.458952E-10	 9.984430E-3	 3.596150E-6
5.800000E+0	 5.566140E-10	 9.984312E-3	 3.571605E-6
6.000000E+0	 5.594414E-10	 9.984313E-3	 3.547730E-6
6.200000E+0	 5.486801E-10	 9.983970E-3	 3.519041E-6
6.400000E+0	 5.640411E-10	 9.984193E-3	 3.493493E-6
6.600000E+0	 5.813436E-10	 9.984660E-3	 3.465307E-6
6.800000E+0	 5.827781E-10	 9.984431E-3	 3.437010E-6
7.000000E+0	 5.885598E-10	 9.983739E-3	 3.408334E-6
7.200000E+0	 6.007556E-10	 9.983961E-3	 3.378575E-6
7.400000E+0	 6.076337E-10	 9.983965E-3	 3.347701E-6
7.600000E+0	 6.205468E-10	 9.984082E-3	 3.316921E-6
7.800000E+0	 6.191969E-10	 9.983852E-3	 3.285224E-6
8.000000E+0	 6.366257E-10	 9.983849E-3	 3.253488E-6
8.200000E+0	 6.436306E-10	 9.983854E-3	 3.221063E-6
8.400001E+0	 6.357398E-10	 9.983964E-3	 3.188096E-6
8.600000E+0	 6.656168E-10	 9.984660E-3	 3.155929E-6
8.800000E+0	 6.771377E-10	 9.984083E-3	 3.123845E-6
9.000000E+0	 6.744368E-10	 9.984545E-3	 3.091537E-6
9.200001E+0	 6.859580E-10	 9.983737E-3	 3.058208E-6
9.400001E+0	 7.099276E-10	 9.984318E-3	 3.025819E-6
9.600000E+0	 7.116159E-10	 9.984083E-3	 2.994278E-6
9.800000E+0	 7.173963E-10	 9.983969E-3	 2.960990E-6
1.000000E+1	 7.315762E-10	 9.984084E-3	 2.927729E-6
1.020000E+1	 7.372734E-10	 9.983737E-3	 2.895847E-6
1.040000E+1	 7.486252E-10	 9.983622E-3	 2.863645E-6
1.060000E+1	 7.481610E-10	 9.983965E-3	 2.829687E-6
1.080000E+1	 7.557994E-10	 9.984433E-3	 2.797369E-6
1.100000E+1	 7.653370E-10	 9.984200E-3	 2.764796E-6
1.120000E+1	 7.746631E-10	 9.984549E-3	 2.731309E-6
1.140000E+1	 7.784188E-10	 9.983967E-3	 2.698075E-6
1.160000E+1	 7.874069E-10	 9.984203E-3	 2.666045E-6
1.180000E+1	 7.873231E-10	 9.984083E-3	 2.632537E-6
1.200000E+1	 8.038236E-10	 9.983732E-3	 2.600738E-6
1.220000E+1	 8.088873E-10	 9.984083E-3	 2.568787E-6
1.240000E+1	 8.176229E-10	 9.983497E-3	 2.535954E-6
1.260000E+1	 8.358952E-10	 9.983967E-3	 2.504765E-6
1.280000E+1	 8.368241E-10	 9.984554E-3	 2.470917E-6
1.300000E+1	 8.418033E-10	 9.984313E-3	 2.441329E-6
1.320000E+1	 8.486819E-10	 9.984082E-3	 2.408989E-6
1.340000E+1	 8.686853E-10	 9.984085E-3	 2.375448E-6
1.360000E+1	 8.622284E-10	 9.983966E-3	 2.344677E-6
1.380000E+1	 8.801631E-10	 9.984432E-3	 2.313246E-6
1.400000E+1	 8.863245E-10	 9.983967E-3	 2.282469E-6
1.420000E+1	 8.954815E-10	 9.984316E-3	 2.250979E-6
1.440000E+1	 8.999131E-10	 9.983853E-3	 2.220603E-6
1.460000E+1	 9.036270E-10	 9.983855E-3	 2.190403E-6
1.480000E+1	 9.186926E-10	 9.984544E-3	 2.158750E-6
1.500000E+1	 9.186504E-10	 9.984544E-3	 2.129156E-6
1.520000E+1	 9.383997E-10	 9.984195E-3	 2.097569E-6
1.540000E+1	 9.519880E-10	 9.984880E-3	 2.067989E-6
1.560000E+1	 9.632557E-10	 9.984774E-3	 2.037017E-6
1.580000E+1	 9.719918E-10	 9.984663E-3	 2.007827E-6
1.600000E+1	 9.642692E-10	 9.984314E-3	 1.979178E-6
1.620000E+1	 9.859601E-10	 9.984200E-3	 1.949313E-6
1.640000E+1	 9.922898E-10	 9.984653E-3	 1.920158E-6
1.660000E+1	 9.863395E-10	 9.984550E-3	 1.892743E-6
1.680000E+1	 1.008368E-9	 9.984893E-3	 1.863978E-6
1.700000E+1	 1.012462E-9	 9.984543E-3	 1.836069E-6
1.720000E+1	 1.026936E-9	 9.984657E-3	 1.808991E-6
1.740000E+1	 1.023688E-9	 9.984657E-3	 1.781836E-6
1.760000E+1	 1.025965E-9	 9.984203E-3	 1.755056E-6
1.780000E+1	 1.046687E-9	 9.984547E-3	 1.728083E-6
1.800000E+1	 1.045800E-9	 9.985002E-3	 1.701256E-6
1.820000E+1	 1.051793E-9	 9.984082E-3	 1.675426E-6
1.840000E+1	 1.061499E-9	 9.983857E-3	 1.649490E-6
1.860000E+1	 1.069643E-9	 9.984196E-3	 1.624176E-6
1.880000E+1	 1.069644E-9	 9.984312E-3	 1.599449E-6
1.900000E+1	 1.094626E-9	 9.984426E-3	 1.575270E-6
1.920000E+1	 1.090997E-9	 9.984194E-3	 1.552173E-6
1.940000E+1	 1.100492E-9	 9.983723E-3	 1.528345E-6
1.960000E+1	 1.112941E-9	 9.984318E-3	 1.505985E-6
1.980000E+1	 1.123449E-9	 9.984084E-3	 1.483768E-6
2.000000E+1	 1.130622E-9	 9.983622E-3	 1.461369E-6
2.020000E+1	 1.134632E-9	 9.983622E-3	 1.440127E-6
2.040000E+1	 1.135602E-9	 9.983625E-3	 1.418875E-6
2.060000E+1	 1.144549E-9	 9.984314E-3	 1.398455E-6
2.080000E+1	 1.151891E-9	 9.984083E-3	 1.378833E-6
2.100000E+1	 1.152483E-9	 9.983969E-3	 1.359065E-6
2.120000E+1	 1.163750E-9	 9.984204E-3	 1.340147E-6
2.140000E+1	 1.172317E-9	 9.983972E-3	 1.322546E-6
2.160000E+1	 1.182697E-9	 9.983965E-3	 1.305269E-6
2.180000E+1	 1.190504E-9	 9.984314E-3	 1.287662E-6
2.200000E+1	 1.205781E-9	 9.984436E-3	 1.271034E-6
2.220000E+1	 1.201898E-9	 9.983628E-3	 1.255746E-6
2.240000E+1	 1.219328E-9	 9.984082E-3	 1.240189E-6
2.260000E+1	 1.234689E-9	 9.984196E-3	 1.225709E-6
2.280000E+1	 1.241230E-9	 9.984427E-3	 1.211108E-6
2.300000E+1	 1.246209E-9	 9.984318E-3	 1.197605E-6
2.320000E+1	 1.238739E-9	 9.983857E-3	 1.185369E-6
2.340000E+1	 1.251020E-9	 9.983157E-3	 1.172753E-6
2.360000E+1	 1.274694E-9	 9.983971E-3	 1.161153E-6
2.380000E+1	 1.279801E-9	 9.983969E-3	 1.150520E-6
2.400000E+1	 1.300606E-9	 9.983852E-3	 1.140557E-6
2.420000E+1	 1.283556E-9	 9.983965E-3	 1.130902E-6
2.440000E+1	 1.292165E-9	 9.983506E-3	 1.121234E-6
2.460000E+1	 1.300141E-9	 9.983384E-3	 1.113913E-6
2.480000E+1	 1.312464E-9	 9.983498E-3	 1.105659E-6
2.500000E+1	 1.310480E-9	 9.983858E-3	 1.098105E-6
2.520000E+1	 1.324279E-9	 9.983394E-3	 1.092259E-6
2.540000E+1	 1.338755E-9	 9.984088E-3	 1.086799E-6
2.560000E+1	 1.347742E-9	 9.983854E-3	 1.081223E-6
2.580000E+1	 1.355718E-9	 9.983622E-3	 1.076723E-6
2.600000E+1	 1.371459E-9	 9.983965E-3	 1.073084E-6
2.620000E+1	 1.367788E-9	 9.984086E-3	 1.069554E-6
2.640000E+1	 1.380997E-9	 9.983503E-3	 1.066634E-6
2.660000E+1	 1.386567E-9	 9.984086E-3	 1.064518E-6
2.680000E+1	 1.385259E-9	 9.984204E-3	 1.062934E-6
2.700000E+1	 1.385765E-9	 9.983849E-3	 1.062136E-6
2.720000E+1	 1.409862E-9	 9.983851E-3	 1.061240E-6
2.740000E+1	 1.416952E-9	 9.983734E-3	 1.061176E-6
2.760000E+1	 1.422732E-9	 9.983500E-3	 1.061569E-6
2.780000E+1	 1.419062E-9	 9.983270E-3	 1.062430E-6
2.800000E+1	 1.451598E-9	 9.983970E-3	 1.063937E-6
2.820000E+1	 1.440837E-9	 9.983728E-3	 1.065516E-6
2.840000E+1	 1.461135E-9	 9.984316E-3	 1.067926E-6
2.860000E+1	 1.465523E-9	 9.983851E-3	 1.070721E-6
2.880000E+1	 1.472360E-9	 9.983620E-3	 1.073494E-6
2.900000E+1	 1.476117E-9	 9.983851E-3	 1.076854E-6
2.920000E+1	 1.482151E-9	 9.983972E-3	 1.080438E-6
2.940000E+1	 1.496584E-9	 9.984079E-3	 1.084784E-6
2.960000E+1	 1.495485E-9	 9.984428E-3	 1.089630E-6
2.980000E+1	 1.509202E-9	 9.983742E-3	 1.094531E-6
3.000000E+1	 1.509876E-9	 9.983852E-3	 1.100071E-6
3.020000E+1	 1.519372E-9	 9.984083E-3	 1.105404E-6
3.040000E+1	 1.534395E-9	 9.984083E-3	 1.111384E-6
3.060000E+1	 1.548785E-9	 9.984425E-3	 1.116782E-6
3.080000E+1	 1.541274E-9	 9.984433E-3	 1.122766E-6
3.100000E+1	 1.561445E-9	 9.984657E-3	 1.129308E-6
3.120000E+1	 1.567860E-9	 9.984316E-3	 1.136584E-6
3.140000E+1	 1.574992E-9	 9.984199E-3	 1.142989E-6
3.160000E+1	 1.574739E-9	 9.984544E-3	 1.150337E-6
3.180000E+1	 1.589171E-9	 9.984427E-3	 1.156848E-6
3.200000E+1	 1.606429E-9	 9.983728E-3	 1.164080E-6
3.220000E+1	 1.609343E-9	 9.984200E-3	 1.171872E-6
3.240000E+1	 1.617023E-9	 9.984315E-3	 1.179007E-6
3.260000E+1	 1.620399E-9	 9.984550E-3	 1.186401E-6
3.280000E+1	 1.627025E-9	 9.984310E-3	 1.194582E-6
3.300000E+1	 1.632131E-9	 9.984082E-3	 1.202615E-6
3.320000E+1	 1.643652E-9	 9.984312E-3	 1.209918E-6
3.340000E+1	 1.652682E-9	 9.984429E-3	 1.218482E-6
3.360000E+1	 1.656735E-9	 9.983737E-3	 1.226666E-6
3.380000E+1	 1.668550E-9	 9.984195E-3	 1.234842E-6
3.400000E+1	 1.673994E-9	 9.984433E-3	 1.242424E-6
3.420000E+1	 1.677158E-9	 9.984085E-3	 1.250556E-6
3.440000E+1	 1.695937E-9	 9.984436E-3	 1.258537E-6
3.460000E+1	 1.689650E-9	 9.984309E-3	 1.267036E-6
3.480000E+1	 1.700790E-9	 9.984196E-3	 1.274939E-6
3.500000E+1	 1.703787E-9	 9.984314E-3	 1.283595E-6
3.480000E+1	 1.441174E-9	 9.984549E-3	 1.263060E-6
3.460000E+1	 1.355339E-9	 9.984430E-3	 1.243123E-6
3.440000E+1	 1.313393E-9	 9.984202E-3	 1.224687E-6
3.420000E+1	 1.253805E-9	 9.984436E-3	 1.207076E-6
3.400000E+1	 1.225405E-9	 9.984086E-3	 1.190709E-6
3.380000E+1	 1.182951E-9	 9.984079E-3	 1.174626E-6
3.360000E+1	 1.153073E-9	 9.984203E-3	 1.160258E-6
3.340000E+1	 1.118383E-9	 9.983962E-3	 1.145607E-6
3.320000E+1	 1.100153E-9	 9.984428E-3	 1.132157E-6
3.300000E+1	 1.067955E-9	 9.984205E-3	 1.119204E-6
3.280000E+1	 1.045927E-9	 9.984436E-3	 1.107264E-6
3.260000E+1	 1.030439E-9	 9.984426E-3	 1.095690E-6
3.240000E+1	 9.957501E-10	 9.984426E-3	 1.084427E-6
3.220000E+1	 9.915303E-10	 9.984433E-3	 1.074742E-6
3.200000E+1	 9.668008E-10	 9.983972E-3	 1.065378E-6
3.180000E+1	 9.493296E-10	 9.984202E-3	 1.056950E-6
3.160000E+1	 9.235878E-10	 9.984198E-3	 1.048742E-6
3.140000E+1	 9.121928E-10	 9.984318E-3	 1.042219E-6
3.120000E+1	 8.864943E-10	 9.983854E-3	 1.036789E-6
3.100000E+1	 8.803741E-10	 9.983972E-3	 1.031312E-6
3.080000E+1	 8.403686E-10	 9.983969E-3	 1.027475E-6
3.060000E+1	 8.548859E-10	 9.984550E-3	 1.024544E-6
3.040000E+1	 8.394819E-10	 9.984083E-3	 1.022775E-6
3.020000E+1	 8.280883E-10	 9.984433E-3	 1.022005E-6
3.000000E+1	 8.024725E-10	 9.984422E-3	 1.022758E-6
2.980000E+1	 7.933992E-10	 9.983970E-3	 1.023794E-6
2.960000E+1	 7.895171E-10	 9.983738E-3	 1.026542E-6
2.940000E+1	 7.735224E-10	 9.983274E-3	 1.029866E-6
2.920000E+1	 7.620029E-10	 9.983393E-3	 1.034801E-6
2.900000E+1	 7.562636E-10	 9.983507E-3	 1.040915E-6
2.880000E+1	 7.282424E-10	 9.984307E-3	 1.047776E-6
2.860000E+1	 7.249922E-10	 9.983855E-3	 1.056120E-6
2.840000E+1	 7.092941E-10	 9.984195E-3	 1.065396E-6
2.820000E+1	 6.967187E-10	 9.983972E-3	 1.076752E-6
2.800000E+1	 6.916963E-10	 9.984198E-3	 1.087852E-6
2.780000E+1	 6.743952E-10	 9.983961E-3	 1.100088E-6
2.760000E+1	 6.610592E-10	 9.984547E-3	 1.113833E-6
2.740000E+1	 6.567549E-10	 9.983744E-3	 1.128033E-6
2.720000E+1	 6.408040E-10	 9.983972E-3	 1.143439E-6
2.700000E+1	 6.343046E-10	 9.983972E-3	 1.159704E-6
2.680000E+1	 6.210539E-10	 9.983392E-3	 1.176470E-6
2.660000E+1	 6.293249E-10	 9.984320E-3	 1.193913E-6
2.640000E+1	 6.014725E-10	 9.983734E-3	 1.214659E-6
2.620000E+1	 5.995737E-10	 9.984203E-3	 1.234531E-6
2.600000E+1	 5.590189E-10	 9.984086E-3	 1.254973E-6
2.580000E+1	 5.661088E-10	 9.984304E-3	 1.274413E-6
2.560000E+1	 5.595677E-10	 9.983855E-3	 1.295443E-6
2.540000E+1	 5.370746E-10	 9.983964E-3	 1.317551E-6
2.520000E+1	 5.392696E-10	 9.983853E-3	 1.339950E-6
2.500000E+1	 5.227268E-10	 9.983623E-3	 1.363131E-6
2.480000E+1	 5.212920E-10	 9.983390E-3	 1.386731E-6
2.460000E+1	 5.146244E-10	 9.983621E-3	 1.410796E-6
2.440000E+1	 4.981240E-10	 9.983968E-3	 1.435062E-6
2.420000E+1	 4.906970E-10	 9.983735E-3	 1.460630E-6
2.400000E+1	 4.923851E-10	 9.983627E-3	 1.484883E-6
2.380000E+1	 4.776144E-10	 9.983625E-3	 1.511840E-6
2.360000E+1	 4.745766E-10	 9.983854E-3	 1.536936E-6
2.340000E+1	 4.472730E-10	 9.983738E-3	 1.563756E-6
2.320000E+1	 4.344857E-10	 9.984314E-3	 1.590490E-6
2.300000E+1	 4.376087E-10	 9.983618E-3	 1.617244E-6
2.280000E+1	 4.213620E-10	 9.983608E-3	 1.645124E-6
2.260000E+1	 4.159180E-10	 9.983279E-3	 1.672401E-6
2.240000E+1	 4.147785E-10	 9.983280E-3	 1.701004E-6
2.220000E+1	 4.088707E-10	 9.983739E-3	 1.727581E-6
2.200000E+1	 3.965479E-10	 9.983730E-3	 1.755865E-6
2.180000E+1	 3.832128E-10	 9.984316E-3	 1.784085E-6
2.160000E+1	 3.742239E-10	 9.983961E-3	 1.812738E-6
2.140000E+1	 3.708482E-10	 9.983740E-3	 1.841065E-6
2.120000E+1	 3.601713E-10	 9.983731E-3	 1.869674E-6
2.100000E+1	 3.461185E-10	 9.983509E-3	 1.897235E-6
2.080000E+1	 3.234991E-10	 9.984083E-3	 1.927555E-6
2.060000E+1	 3.335007E-10	 9.983621E-3	 1.955933E-6
2.040000E+1	 3.210096E-10	 9.984316E-3	 1.983879E-6
2.020000E+1	 3.114300E-10	 9.984314E-3	 2.014439E-6
2.000000E+1	 3.013019E-10	 9.984198E-3	 2.042524E-6
1.980000E+1	 2.923136E-10	 9.984199E-3	 2.071089E-6
1.960000E+1	 2.853925E-10	 9.984661E-3	 2.100659E-6
1.940000E+1	 2.832401E-10	 9.984432E-3	 2.128350E-6
1.920000E+1	 2.773743E-10	 9.984425E-3	 2.160093E-6
1.900000E+1	 2.534888E-10	 9.984661E-3	 2.189192E-6
1.880000E+1	 2.577513E-10	 9.984661E-3	 2.218241E-6
1.860000E+1	 2.363134E-10	 9.984084E-3	 2.246960E-6
1.840000E+1	 2.335284E-10	 9.984200E-3	 2.276980E-6
1.820000E+1	 2.241597E-10	 9.985125E-3	 2.305972E-6
1.800000E+1	 2.218811E-10	 9.984777E-3	 2.333450E-6
1.780000E+1	 2.093474E-10	 9.984547E-3	 2.363226E-6
1.760000E+1	 1.890069E-10	 9.983741E-3	 2.392402E-6
1.740000E+1	 2.006963E-10	 9.984433E-3	 2.419750E-6
1.720000E+1	 1.942397E-10	 9.983951E-3	 2.453543E-6
1.700000E+1	 1.848290E-10	 9.984199E-3	 2.481584E-6
1.680000E+1	 1.622939E-10	 9.984191E-3	 2.510178E-6
1.660000E+1	 1.490010E-10	 9.984198E-3	 2.540098E-6
1.640000E+1	 1.579474E-10	 9.983969E-3	 2.566944E-6
1.620000E+1	 1.261708E-10	 9.984320E-3	 2.594161E-6
1.600000E+1	 1.335135E-10	 9.983966E-3	 2.624364E-6
1.580000E+1	 1.172241E-10	 9.984088E-3	 2.651748E-6
1.560000E+1	 1.080244E-10	 9.984195E-3	 2.680794E-6
1.540000E+1	 1.103456E-10	 9.983855E-3	 2.710271E-6
1.520000E+1	 9.869838E-11	 9.984431E-3	 2.735510E-6
1.500000E+1	 8.232448E-11	 9.984205E-3	 2.764080E-6
1.480000E+1	 9.186188E-11	 9.983973E-3	 2.791813E-6
1.460000E+1	 7.337805E-11	 9.983973E-3	 2.820000E-6
1.440000E+1	 6.814524E-11	 9.984549E-3	 2.846911E-6
1.420000E+1	 5.417700E-11	 9.984661E-3	 2.873637E-6
1.400000E+1	 4.818435E-11	 9.983967E-3	 2.902198E-6
1.380000E+1	 4.548364E-11	 9.983741E-3	 2.928555E-6
1.360000E+1	 2.923663E-11	 9.984203E-3	 2.958044E-6
1.340000E+1	 2.062771E-11	 9.984086E-3	 2.982558E-6
1.320000E+1	 2.033224E-11	 9.983625E-3	 3.010120E-6
1.300000E+1	 -3.131079E-12	 9.984426E-3	 3.036862E-6
1.280000E+1	 7.081460E-12	 9.984315E-3	 3.065994E-6
1.260000E+1	 -6.127210E-12	 9.983967E-3	 3.090962E-6
1.240000E+1	 -2.258538E-11	 9.983279E-3	 3.119327E-6
1.220000E+1	 -1.988457E-11	 9.983509E-3	 3.145085E-6
1.200000E+1	 -4.305248E-11	 9.983853E-3	 3.171542E-6
1.180000E+1	 -3.756649E-11	 9.983849E-3	 3.196700E-6
1.160000E+1	 -4.583767E-11	 9.983849E-3	 3.223294E-6
1.140000E+1	 -4.950919E-11	 9.983394E-3	 3.250154E-6
1.120000E+1	 -6.056562E-11	 9.983624E-3	 3.278710E-6
1.100000E+1	 -6.457467E-11	 9.983390E-3	 3.305087E-6
1.080000E+1	 -9.774411E-11	 9.983275E-3	 3.329392E-6
1.060000E+1	 -9.365067E-11	 9.983621E-3	 3.355613E-6
1.040000E+1	 -9.495895E-11	 9.983508E-3	 3.381596E-6
1.020000E+1	 -1.115858E-10	 9.983161E-3	 3.406425E-6
1.000000E+1	 -1.101932E-10	 9.983740E-3	 3.432208E-6
9.800000E+0	 -1.237395E-10	 9.983039E-3	 3.456160E-6
9.600000E+0	 -1.258495E-10	 9.983390E-3	 3.478449E-6
9.400001E+0	 -1.493551E-10	 9.983280E-3	 3.506501E-6
9.200001E+0	 -1.497771E-10	 9.983276E-3	 3.529028E-6
9.000000E+0	 -1.598208E-10	 9.983509E-3	 3.556296E-6
8.800000E+0	 -1.648004E-10	 9.983853E-3	 3.579032E-6
8.600000E+0	 -1.752239E-10	 9.983618E-3	 3.603130E-6
8.400001E+0	 -1.765321E-10	 9.982925E-3	 3.628412E-6
8.200000E+0	 -1.850566E-10	 9.983620E-3	 3.651137E-6
8.000000E+0	 -1.981391E-10	 9.983623E-3	 3.676075E-6
7.800000E+0	 -2.002070E-10	 9.983851E-3	 3.698175E-6
7.600000E+0	 -2.112220E-10	 9.983742E-3	 3.724516E-6
7.400000E+0	 -2.178478E-10	 9.983512E-3	 3.746903E-6
7.200000E+0	 -2.275967E-10	 9.983742E-3	 3.767158E-6
7.000000E+0	 -2.279343E-10	 9.983396E-3	 3.791341E-6
6.800000E+0	 -2.370923E-10	 9.983737E-3	 3.810007E-6
6.600000E+0	 -2.488669E-10	 9.983498E-3	 3.832234E-6
6.400000E+0	 -2.581515E-10	 9.983510E-3	 3.852351E-6
6.200000E+0	 -2.628360E-10	 9.984316E-3	 3.871210E-6
6.000000E+0	 -2.667187E-10	 9.984316E-3	 3.891167E-6
5.800000E+0	 -2.823337E-10	 9.983857E-3	 3.909752E-6
5.600000E+0	 -2.828824E-10	 9.984082E-3	 3.925158E-6
5.400000E+0	 -2.950368E-10	 9.984193E-3	 3.941972E-6
5.200000E+0	 -2.998057E-10	 9.983846E-3	 3.958377E-6
5.000000E+0	 -3.087527E-10	 9.983740E-3	 3.977242E-6
4.800000E+0	 -3.212026E-10	 9.983388E-3	 3.991961E-6
4.600000E+0	 -3.221731E-10	 9.983622E-3	 4.008170E-6
4.400000E+0	 -3.323863E-10	 9.983739E-3	 4.026662E-6
4.200000E+0	 -3.287147E-10	 9.983851E-3	 4.040825E-6
4.000000E+0	 -3.507867E-10	 9.983972E-3	 4.058134E-6
3.800000E+0	 -3.517151E-10	 9.983508E-3	 4.069664E-6
3.600000E+0	 -3.655155E-10	 9.983506E-3	 4.086259E-6
3.400000E+0	 -3.771635E-10	 9.982815E-3	 4.099925E-6
3.200000E+0	 -3.916811E-10	 9.983734E-3	 4.111807E-6
3.000000E+0	 -3.932850E-10	 9.983163E-3	 4.126149E-6
2.800000E+0	 -4.002906E-10	 9.983853E-3	 4.140989E-6
2.600000E+0	 -4.122761E-10	 9.983267E-3	 4.157424E-6
2.400000E+0	 -4.210967E-10	 9.983503E-3	 4.176415E-6
2.200000E+0	 -4.191975E-10	 9.983392E-3	 4.196477E-6
2.000000E+0	 -4.350655E-10	 9.983965E-3	 4.214328E-6
1.800000E+0	 -4.605139E-10	 9.983623E-3	 4.235423E-6
1.600000E+0	 -4.572644E-10	 9.983623E-3	 4.255160E-6
1.400000E+0	 -4.699676E-10	 9.983616E-3	 4.275082E-6
1.200000E+0	 -4.736813E-10	 9.983392E-3	 4.307372E-6
1.000000E+0	 -4.892963E-10	 9.983853E-3	 4.367073E-6
8.000002E-1	 -4.916597E-10	 9.983161E-3	 4.399353E-6
6.000001E-1	 -5.128034E-10	 9.982929E-3	 4.413535E-6
4.000002E-1	 -5.084141E-10	 9.983621E-3	 4.428744E-6
2.000002E-1	 -5.152510E-10	 9.982930E-3	 4.449088E-6
1.490116E-7	 -5.131411E-10	 9.983396E-3	 4.482460E-6
-1.999999E-1	 -5.276162E-10	 9.983858E-3	 4.496153E-6
-3.999999E-1	 -5.228897E-10	 9.982815E-3	 4.505539E-6
-5.999998E-1	 -5.190914E-10	 9.983387E-3	 4.512168E-6
-7.999998E-1	 -5.459321E-10	 9.983623E-3	 4.518262E-6
-9.999999E-1	 -6.541823E-10	 9.983509E-3	 4.523595E-6
-1.200000E+0	 -8.751561E-10	 9.984203E-3	 4.528419E-6
-1.400000E+0	 -5.783440E-10	 9.983613E-3	 4.534444E-6
-1.600000E+0	 -5.763607E-10	 9.983963E-3	 4.538706E-6
-1.800000E+0	 -5.822263E-10	 9.983277E-3	 4.543920E-6
-2.000000E+0	 -5.842946E-10	 9.983964E-3	 4.546405E-6
-2.200000E+0	 -5.798634E-10	 9.983045E-3	 4.551019E-6
-2.400000E+0	 -6.018930E-10	 9.983966E-3	 4.554911E-6
-2.600000E+0	 -6.177614E-10	 9.983280E-3	 4.560612E-6
-2.800000E+0	 -6.277637E-10	 9.983625E-3	 4.564165E-6
-3.000000E+0	 -6.354867E-10	 9.983740E-3	 4.567188E-6
-3.200000E+0	 -6.427033E-10	 9.983506E-3	 4.572667E-6
-3.400000E+0	 -6.536760E-10	 9.983276E-3	 4.576677E-6
-3.600000E+0	 -6.503839E-10	 9.983853E-3	 4.581577E-6
-3.800000E+0	 -6.649442E-10	 9.984072E-3	 4.584827E-6
-4.000000E+0	 -6.696709E-10	 9.983849E-3	 4.588442E-6
-4.200000E+0	 -6.675184E-10	 9.984203E-3	 4.594087E-6
-4.400000E+0	 -6.826272E-10	 9.983738E-3	 4.598031E-6
-4.600000E+0	 -6.897172E-10	 9.983622E-3	 4.600753E-6
-4.800000E+0	 -6.987907E-10	 9.983853E-3	 4.605889E-6
-5.000000E+0	 -7.097635E-10	 9.983620E-3	 4.610172E-6
-5.200000E+0	 -7.130131E-10	 9.983507E-3	 4.615245E-6
-5.400000E+0	 -7.132663E-10	 9.983620E-3	 4.619689E-6
-5.600000E+0	 -7.253784E-10	 9.984203E-3	 4.625020E-6
-5.800000E+0	 -7.481679E-10	 9.983509E-3	 4.627818E-6
-6.000000E+0	 -7.501516E-10	 9.983508E-3	 4.633274E-6
-6.200000E+0	 -7.579171E-10	 9.983855E-3	 4.637549E-6
-6.400000E+0	 -7.532748E-10	 9.983503E-3	 4.641693E-6
-6.600000E+0	 -7.698184E-10	 9.984313E-3	 4.645329E-6
-6.800000E+0	 -7.764442E-10	 9.983269E-3	 4.650346E-6
-7.000000E+0	 -7.835761E-10	 9.983621E-3	 4.654481E-6
-7.200000E+0	 -7.882610E-10	 9.983390E-3	 4.658475E-6
-7.400000E+0	 -8.044666E-10	 9.982575E-3	 4.664636E-6
-7.600000E+0	 -8.120629E-10	 9.983161E-3	 4.667734E-6
-7.800000E+0	 -8.188157E-10	 9.983275E-3	 4.673107E-6
-8.000000E+0	 -8.149754E-10	 9.983277E-3	 4.677536E-6
-8.200000E+0	 -7.301897E-10	 9.983157E-3	 4.682282E-6
-8.400000E+0	 -7.356338E-10	 9.983162E-3	 4.686201E-6
-8.600000E+0	 -8.557010E-10	 9.983149E-3	 4.689623E-6
-8.800000E+0	 -8.527888E-10	 9.983511E-3	 4.694130E-6
-9.000000E+0	 -8.575159E-10	 9.983156E-3	 4.697593E-6
-9.200000E+0	 -8.700920E-10	 9.983162E-3	 4.700136E-6
-9.400000E+0	 -8.713584E-10	 9.983849E-3	 4.706118E-6
-9.600000E+0	 -8.792502E-10	 9.983393E-3	 4.711101E-6
-9.800000E+0	 -8.822887E-10	 9.983046E-3	 4.715263E-6
-1.000000E+1	 -8.979034E-10	 9.983511E-3	 4.718671E-6
-9.800000E+0	 -6.337987E-10	 9.983391E-3	 4.718506E-6
-9.600000E+0	 -5.692281E-10	 9.983279E-3	 4.714769E-6
-9.400000E+0	 -5.191758E-10	 9.982929E-3	 4.712498E-6
-9.200000E+0	 -4.635949E-10	 9.983049E-3	 4.713120E-6
-9.000000E+0	 -4.283975E-10	 9.982919E-3	 4.708551E-6
-8.800000E+0	 -3.873342E-10	 9.982931E-3	 4.704080E-6
-8.600000E+0	 -3.515040E-10	 9.983274E-3	 4.704146E-6
-8.400000E+0	 -3.258869E-10	 9.983046E-3	 4.702495E-6
-8.200000E+0	 -3.826076E-10	 9.983046E-3	 4.699189E-6
-8.000000E+0	 -2.704748E-10	 9.982933E-3	 4.696248E-6
-7.800000E+0	 -2.494155E-10	 9.983278E-3	 4.693806E-6
-7.600000E+0	 -2.249801E-10	 9.983390E-3	 4.691427E-6
-7.400000E+0	 -2.129523E-10	 9.983045E-3	 4.690371E-6
-7.200000E+0	 -1.780513E-10	 9.982459E-3	 4.686070E-6
-7.000000E+0	 -1.706241E-10	 9.983159E-3	 4.682146E-6
-6.800000E+0	 -1.591456E-10	 9.983277E-3	 4.679909E-6
-6.600000E+0	 -1.303650E-10	 9.982930E-3	 4.679428E-6
-6.400000E+0	 -1.111216E-10	 9.983046E-3	 4.674023E-6
-6.200000E+0	 -1.041164E-10	 9.983045E-3	 4.673019E-6
-6.000000E+0	 -9.061236E-11	 9.982817E-3	 4.667445E-6
-5.800000E+0	 -6.086116E-11	 9.983042E-3	 4.664422E-6
-5.600000E+0	 -5.845568E-11	 9.983279E-3	 4.660794E-6
-5.400000E+0	 -2.878886E-11	 9.983155E-3	 4.657503E-6
-5.200000E+0	 -2.680547E-11	 9.982812E-3	 4.654032E-6
-5.000000E+0	 -1.026303E-11	 9.982693E-3	 4.652650E-6
-4.800000E+0	 5.477660E-12	 9.983039E-3	 4.645804E-6
-4.600000E+0	 1.936164E-11	 9.982812E-3	 4.642600E-6
-4.400000E+0	 3.463785E-11	 9.982926E-3	 4.639906E-6
-4.200000E+0	 4.387996E-11	 9.983506E-3	 4.635403E-6
-4.000000E+0	 6.219492E-11	 9.983046E-3	 4.630767E-6
-3.800000E+0	 7.223863E-11	 9.982456E-3	 4.627087E-6
-3.600000E+0	 7.536122E-11	 9.983280E-3	 4.621695E-6
-3.400000E+0	 8.418102E-11	 9.983391E-3	 4.617606E-6
-3.200000E+0	 1.076867E-10	 9.983276E-3	 4.611482E-6
-3.000000E+0	 1.146075E-10	 9.983166E-3	 4.606817E-6
-2.800000E+0	 1.276897E-10	 9.982469E-3	 4.600979E-6
-2.600000E+0	 1.354545E-10	 9.982817E-3	 4.595140E-6
-2.400000E+0	 1.462157E-10	 9.982463E-3	 4.588565E-6
-2.200000E+0	 1.582424E-10	 9.983163E-3	 4.580924E-6
-2.000000E+0	 1.737723E-10	 9.983274E-3	 4.575333E-6
-1.800000E+0	 1.852086E-10	 9.983392E-3	 4.568564E-6
-1.600000E+0	 1.876561E-10	 9.982586E-3	 4.562454E-6
-1.400000E+0	 1.947459E-10	 9.982581E-3	 4.555258E-6
-1.200000E+0	 2.333591E-10	 9.982577E-3	 4.540913E-6
-9.999999E-1	 2.929458E-10	 9.983042E-3	 4.517407E-6
-7.999998E-1	 3.212625E-10	 9.983849E-3	 4.491674E-6
-5.999998E-1	 3.711851E-10	 9.983162E-3	 4.463142E-6
-3.999999E-1	 3.606348E-10	 9.984083E-3	 4.435718E-6
-1.999999E-1	 3.585673E-10	 9.983511E-3	 4.408962E-6
1.490116E-7	 3.821572E-10	 9.983735E-3	 4.376977E-6
2.000002E-1	 3.306310E-10	 9.983504E-3	 4.337041E-6
4.000002E-1	 3.126115E-10	 9.983627E-3	 4.310116E-6
6.000001E-1	 3.118095E-10	 9.983972E-3	 4.285229E-6
8.000002E-1	 3.051001E-10	 9.983737E-3	 4.261870E-6
1.000000E+0	 3.170846E-10	 9.983618E-3	 4.233750E-6
1.200000E+0	 3.154813E-10	 9.983623E-3	 4.205787E-6
1.400000E+0	 3.351464E-10	 9.983971E-3	 4.176713E-6
1.600000E+0	 3.396620E-10	 9.983967E-3	 4.147133E-6
1.800000E+0	 3.528705E-10	 9.983741E-3	 4.115733E-6
2.000000E+0	 3.692862E-10	 9.983511E-3	 4.089351E-6
2.200000E+0	 3.745610E-10	 9.983851E-3	 4.060003E-6
2.400000E+0	 3.823686E-10	 9.983964E-3	 4.034194E-6
2.600000E+0	 3.881075E-10	 9.983854E-3	 4.007309E-6
2.800000E+0	 4.016963E-10	 9.984549E-3	 3.981531E-6
3.000000E+0	 4.090815E-10	 9.984544E-3	 3.954277E-6
3.200000E+0	 4.207707E-10	 9.983500E-3	 3.929416E-6
3.400000E+0	 4.314477E-10	 9.983849E-3	 3.905206E-6
3.600000E+0	 4.393385E-10	 9.983504E-3	 3.881789E-6
3.800000E+0	 4.456691E-10	 9.984196E-3	 3.857165E-6
4.000000E+0	 4.578647E-10	 9.983742E-3	 3.833725E-6
4.200000E+0	 4.649123E-10	 9.983853E-3	 3.805456E-6
4.400000E+0	 4.771081E-10	 9.983858E-3	 3.781279E-6
4.600000E+0	 4.853370E-10	 9.983625E-3	 3.755257E-6
4.800000E+0	 4.895991E-10	 9.983967E-3	 3.730852E-6
5.000000E+0	 4.909498E-10	 9.983972E-3	 3.706508E-6
5.200000E+0	 5.028077E-10	 9.983616E-3	 3.679951E-6
5.400000E+0	 5.159743E-10	 9.983967E-3	 3.659589E-6
5.600000E+0	 5.256808E-10	 9.984430E-3	 3.634317E-6
5.800000E+0	 5.198574E-10	 9.984082E-3	 3.607786E-6
6.000000E+0	 5.403665E-10	 9.984192E-3	 3.583761E-6
6.200000E+0	 5.463592E-10	 9.984075E-3	 3.554567E-6
6.400000E+0	 5.676279E-10	 9.983504E-3	 3.529213E-6
6.600000E+0	 5.724805E-10	 9.984083E-3	 3.503228E-6
6.800000E+0	 5.835794E-10	 9.983509E-3	 3.473578E-6
7.000000E+0	 5.755615E-10	 9.983851E-3	 3.444263E-6
7.200000E+0	 5.850142E-10	 9.983738E-3	 3.413066E-6
7.400000E+0	 5.977591E-10	 9.983625E-3	 3.384575E-6
7.600000E+0	 6.113469E-10	 9.984203E-3	 3.352887E-6
7.800000E+0	 6.068743E-10	 9.983515E-3	 3.321050E-6
8.000000E+0	 6.270458E-10	 9.983510E-3	 3.290071E-6
8.200000E+0	 6.396638E-10	 9.983627E-3	 3.259047E-6
8.400001E+0	 6.590756E-10	 9.983273E-3	 3.226930E-6
8.600000E+0	 6.460787E-10	 9.983391E-3	 3.194934E-6
8.800000E+0	 6.604686E-10	 9.983503E-3	 3.163158E-6
9.000000E+0	 6.682336E-10	 9.983508E-3	 3.131286E-6
9.200001E+0	 6.744370E-10	 9.983498E-3	 3.097972E-6
9.400001E+0	 6.858732E-10	 9.983279E-3	 3.066157E-6
9.600000E+0	 6.867175E-10	 9.983617E-3	 3.031928E-6
9.800000E+0	 7.059184E-10	 9.983386E-3	 2.999647E-6
1.000000E+1	 6.985331E-10	 9.983389E-3	 2.967372E-6
1.020000E+1	 7.225872E-10	 9.984082E-3	 2.934359E-6
1.040000E+1	 7.264697E-10	 9.983737E-3	 2.903088E-6
1.060000E+1	 7.320400E-10	 9.983849E-3	 2.868320E-6
1.080000E+1	 7.523807E-10	 9.984086E-3	 2.836174E-6
1.100000E+1	 7.469368E-10	 9.983966E-3	 2.804547E-6
1.120000E+1	 7.561365E-10	 9.983859E-3	 2.769241E-6
1.140000E+1	 7.623401E-10	 9.984208E-3	 2.736276E-6
1.160000E+1	 7.750426E-10	 9.984088E-3	 2.704597E-6
1.180000E+1	 7.854664E-10	 9.983961E-3	 2.671180E-6
1.200000E+1	 7.867744E-10	 9.984203E-3	 2.638269E-6
1.220000E+1	 7.863523E-10	 9.983855E-3	 2.606719E-6
1.240000E+1	 8.038656E-10	 9.983975E-3	 2.573544E-6
1.260000E+1	 8.098155E-10	 9.983741E-3	 2.542404E-6
1.280000E+1	 8.186777E-10	 9.983623E-3	 2.509010E-6
1.300000E+1	 8.272859E-10	 9.983628E-3	 2.477089E-6
1.320000E+1	 8.364862E-10	 9.984202E-3	 2.445589E-6
1.340000E+1	 8.524380E-10	 9.983744E-3	 2.412072E-6
1.360000E+1	 8.602450E-10	 9.983392E-3	 2.381717E-6
1.380000E+1	 8.690648E-10	 9.983965E-3	 2.347822E-6
1.400000E+1	 8.585568E-10	 9.983623E-3	 2.317295E-6
1.420000E+1	 8.757750E-10	 9.983276E-3	 2.286580E-6
1.440000E+1	 8.832861E-10	 9.983511E-3	 2.255551E-6
1.460000E+1	 8.945961E-10	 9.983973E-3	 2.224866E-6
1.480000E+1	 9.019383E-10	 9.983160E-3	 2.193360E-6
1.500000E+1	 9.071298E-10	 9.983847E-3	 2.162188E-6
1.520000E+1	 9.163710E-10	 9.983973E-3	 2.131054E-6
1.540000E+1	 9.217728E-10	 9.984091E-3	 2.101133E-6
1.560000E+1	 9.421969E-10	 9.984206E-3	 2.071508E-6
1.580000E+1	 9.503427E-10	 9.984090E-3	 2.040966E-6
1.600000E+1	 9.489923E-10	 9.984319E-3	 2.011193E-6
1.620000E+1	 9.644372E-10	 9.984430E-3	 1.981356E-6
1.640000E+1	 9.736374E-10	 9.984321E-3	 1.953130E-6
1.660000E+1	 9.743970E-10	 9.983971E-3	 1.925468E-6
1.680000E+1	 9.837648E-10	 9.984312E-3	 1.896035E-6
1.700000E+1	 9.902216E-10	 9.984436E-3	 1.866779E-6
1.720000E+1	 1.009718E-9	 9.984203E-3	 1.839362E-6
1.740000E+1	 9.983241E-10	 9.984432E-3	 1.811677E-6
1.760000E+1	 1.009634E-9	 9.984203E-3	 1.784044E-6
1.780000E+1	 1.028708E-9	 9.984428E-3	 1.756913E-6
1.800000E+1	 1.018623E-9	 9.984314E-3	 1.729555E-6
1.820000E+1	 1.040989E-9	 9.984436E-3	 1.704118E-6
1.840000E+1	 1.061456E-9	 9.984427E-3	 1.677572E-6
1.860000E+1	 1.067955E-9	 9.984660E-3	 1.652817E-6
1.880000E+1	 1.051117E-9	 9.984195E-3	 1.626968E-6
1.900000E+1	 1.066182E-9	 9.984083E-3	 1.602357E-6
1.920000E+1	 1.096524E-9	 9.984209E-3	 1.578275E-6
1.940000E+1	 1.098254E-9	 9.984433E-3	 1.553937E-6
1.960000E+1	 1.099900E-9	 9.984310E-3	 1.531221E-6
1.980000E+1	 1.091967E-9	 9.984550E-3	 1.507834E-6
2.000000E+1	 1.110408E-9	 9.984550E-3	 1.484649E-6
2.020000E+1	 1.115936E-9	 9.984434E-3	 1.463426E-6
2.040000E+1	 1.126022E-9	 9.984086E-3	 1.441311E-6
2.060000E+1	 1.126317E-9	 9.983618E-3	 1.420946E-6
2.080000E+1	 1.143156E-9	 9.984199E-3	 1.399827E-6
2.100000E+1	 1.153495E-9	 9.984088E-3	 1.379367E-6
2.120000E+1	 1.157715E-9	 9.984897E-3	 1.361072E-6
2.140000E+1	 1.160162E-9	 9.984074E-3	 1.341764E-6
2.160000E+1	 1.162145E-9	 9.983744E-3	 1.322549E-6
2.180000E+1	 1.179912E-9	 9.984426E-3	 1.305504E-6
2.200000E+1	 1.201223E-9	 9.984319E-3	 1.287703E-6
2.220000E+1	 1.199197E-9	 9.984083E-3	 1.272036E-6
2.240000E+1	 1.207047E-9	 9.984321E-3	 1.255721E-6
2.260000E+1	 1.224307E-9	 9.984321E-3	 1.240423E-6
2.280000E+1	 1.225910E-9	 9.984666E-3	 1.225569E-6
2.300000E+1	 1.225826E-9	 9.984661E-3	 1.211755E-6
2.320000E+1	 1.232198E-9	 9.984887E-3	 1.198078E-6
2.340000E+1	 1.246251E-9	 9.984780E-3	 1.185545E-6
2.360000E+1	 1.260556E-9	 9.984895E-3	 1.172784E-6
2.380000E+1	 1.255662E-9	 9.984663E-3	 1.162149E-6
2.400000E+1	 1.269124E-9	 9.984432E-3	 1.151088E-6
2.420000E+1	 1.269587E-9	 9.984315E-3	 1.140463E-6
2.440000E+1	 1.273090E-9	 9.984549E-3	 1.130369E-6
2.460000E+1	 1.288619E-9	 9.984784E-3	 1.122144E-6
2.480000E+1	 1.309255E-9	 9.984321E-3	 1.114139E-6
2.500000E+1	 1.317063E-9	 9.984205E-3	 1.106255E-6
2.520000E+1	 1.226332E-9	 9.984544E-3	 1.099185E-6
2.540000E+1	 1.312252E-9	 9.984658E-3	 1.093130E-6
2.560000E+1	 1.337572E-9	 9.984425E-3	 1.087245E-6
2.580000E+1	 1.324575E-9	 9.984202E-3	 1.082337E-6
2.600000E+1	 1.352596E-9	 9.984777E-3	 1.078620E-6
2.620000E+1	 1.352595E-9	 9.984436E-3	 1.074545E-6
2.640000E+1	 1.358630E-9	 9.984434E-3	 1.071620E-6
2.660000E+1	 1.370192E-9	 9.984437E-3	 1.068862E-6
2.680000E+1	 1.370742E-9	 9.984551E-3	 1.066261E-6
2.700000E+1	 1.391673E-9	 9.984437E-3	 1.065228E-6
2.720000E+1	 1.398974E-9	 9.984432E-3	 1.064495E-6
2.740000E+1	 1.408427E-9	 9.984666E-3	 1.063977E-6
2.760000E+1	 1.405177E-9	 9.984668E-3	 1.064449E-6
2.780000E+1	 1.424210E-9	 9.984666E-3	 1.064904E-6
2.800000E+1	 1.418344E-9	 9.984427E-3	 1.066579E-6
2.820000E+1	 1.435857E-9	 9.984315E-3	 1.068251E-6
2.840000E+1	 1.440667E-9	 9.984203E-3	 1.069949E-6
2.860000E+1	 1.466705E-9	 9.984436E-3	 1.072596E-6
2.880000E+1	 1.443621E-9	 9.984552E-3	 1.075122E-6
2.900000E+1	 1.459954E-9	 9.984321E-3	 1.078787E-6
2.920000E+1	 1.474343E-9	 9.984787E-3	 1.082502E-6
2.940000E+1	 1.470081E-9	 9.984200E-3	 1.086329E-6
2.960000E+1	 1.489282E-9	 9.985011E-3	 1.091591E-6
2.980000E+1	 1.501224E-9	 9.984434E-3	 1.095929E-6
3.000000E+1	 1.481559E-9	 9.983739E-3	 1.100772E-6
3.020000E+1	 1.505995E-9	 9.984784E-3	 1.106728E-6
3.040000E+1	 1.507555E-9	 9.984321E-3	 1.112161E-6
3.060000E+1	 1.522663E-9	 9.984549E-3	 1.117929E-6
3.080000E+1	 1.528529E-9	 9.984547E-3	 1.124062E-6
3.100000E+1	 1.533508E-9	 9.984084E-3	 1.130833E-6
3.120000E+1	 1.557899E-9	 9.984436E-3	 1.137628E-6
3.140000E+1	 1.562163E-9	 9.984306E-3	 1.144723E-6
3.160000E+1	 1.563217E-9	 9.984205E-3	 1.151434E-6
3.180000E+1	 1.574063E-9	 9.984433E-3	 1.159073E-6
3.200000E+1	 1.581785E-9	 9.984895E-3	 1.165666E-6
3.220000E+1	 1.582672E-9	 9.984086E-3	 1.173740E-6
3.240000E+1	 1.592040E-9	 9.983973E-3	 1.181307E-6
3.260000E+1	 1.603604E-9	 9.984432E-3	 1.189494E-6
3.280000E+1	 1.612000E-9	 9.983975E-3	 1.197202E-6
3.300000E+1	 1.626138E-9	 9.984089E-3	 1.205566E-6
3.320000E+1	 1.629641E-9	 9.984432E-3	 1.213894E-6
3.340000E+1	 1.627657E-9	 9.983855E-3	 1.222677E-6
3.360000E+1	 1.646479E-9	 9.983973E-3	 1.231228E-6
3.380000E+1	 1.646986E-9	 9.983860E-3	 1.238799E-6
3.400000E+1	 1.660025E-9	 9.984089E-3	 1.247596E-6
3.420000E+1	 1.675175E-9	 9.984669E-3	 1.255431E-6
3.440000E+1	 1.674541E-9	 9.984319E-3	 1.263766E-6
3.460000E+1	 1.686062E-9	 9.984323E-3	 1.272571E-6
3.480000E+1	 1.698300E-9	 9.984323E-3	 1.281207E-6
3.500000E+1	 1.688004E-9	 9.983975E-3	 1.288893E-6
3.480000E+1	 1.430666E-9	 9.984200E-3	 1.268551E-6
3.460000E+1	 1.339387E-9	 9.984202E-3	 1.248658E-6
3.440000E+1	 1.291911E-9	 9.983860E-3	 1.230457E-6
3.420000E+1	 1.245111E-9	 9.984205E-3	 1.213715E-6
3.400000E+1	 1.204684E-9	 9.984322E-3	 1.196296E-6
3.380000E+1	 1.181262E-9	 9.983968E-3	 1.179642E-6
3.360000E+1	 1.149865E-9	 9.984088E-3	 1.165166E-6
3.340000E+1	 1.109058E-9	 9.983741E-3	 1.149804E-6
3.320000E+1	 1.086692E-9	 9.983390E-3	 1.136151E-6
3.300000E+1	 1.057742E-9	 9.983744E-3	 1.123581E-6
3.280000E+1	 1.035544E-9	 9.983744E-3	 1.110847E-6
3.260000E+1	 1.009592E-9	 9.983973E-3	 1.099579E-6
3.240000E+1	 9.877315E-10	 9.984203E-3	 1.088286E-6
3.220000E+1	 9.793762E-10	 9.984092E-3	 1.077619E-6
3.200000E+1	 9.539725E-10	 9.984088E-3	 1.068179E-6
3.180000E+1	 9.333782E-10	 9.984783E-3	 1.059829E-6
3.160000E+1	 9.250646E-10	 9.984547E-3	 1.051832E-6
3.140000E+1	 9.024881E-10	 9.984436E-3	 1.045353E-6
3.120000E+1	 8.853540E-10	 9.985128E-3	 1.039816E-6
3.100000E+1	 8.775468E-10	 9.984434E-3	 1.034642E-6
3.080000E+1	 8.561091E-10	 9.984320E-3	 1.030608E-6
3.060000E+1	 8.442090E-10	 9.984088E-3	 1.027296E-6
3.040000E+1	 8.215051E-10	 9.984319E-3	 1.025560E-6
3.020000E+1	 8.224337E-10	 9.984320E-3	 1.024942E-6
3.000000E+1	 8.114615E-10	 9.984083E-3	 1.025639E-6
2.980000E+1	 7.926825E-10	 9.983506E-3	 1.027154E-6
2.960000E+1	 7.825963E-10	 9.983852E-3	 1.029453E-6
2.940000E+1	 7.588801E-10	 9.984091E-3	 1.033232E-6
2.920000E+1	 7.429279E-10	 9.984670E-3	 1.037731E-6
2.900000E+1	 7.238108E-10	 9.983745E-3	 1.044632E-6
2.880000E+1	 7.350786E-10	 9.984209E-3	 1.051667E-6
2.860000E+1	 7.240225E-10	 9.984437E-3	 1.060168E-6
2.840000E+1	 7.048634E-10	 9.983854E-3	 1.069283E-6
2.820000E+1	 6.883634E-10	 9.983976E-3	 1.080200E-6
2.800000E+1	 6.819065E-10	 9.984322E-3	 1.091189E-6
2.780000E+1	 6.650685E-10	 9.984090E-3	 1.104287E-6
2.760000E+1	 6.673474E-10	 9.983624E-3	 1.117389E-6
2.740000E+1	 6.508469E-10	 9.983510E-3	 1.131960E-6
2.720000E+1	 6.297890E-10	 9.983627E-3	 1.148003E-6
2.700000E+1	 6.232899E-10	 9.983629E-3	 1.164879E-6
2.680000E+1	 6.102083E-10	 9.983391E-3	 1.181850E-6
2.660000E+1	 6.070012E-10	 9.983280E-3	 1.199630E-6
2.640000E+1	 5.941301E-10	 9.983744E-3	 1.218344E-6
2.620000E+1	 5.834532E-10	 9.983971E-3	 1.238512E-6
2.600000E+1	 5.740842E-10	 9.983973E-3	 1.258338E-6
2.580000E+1	 5.661083E-10	 9.983975E-3	 1.279300E-6
2.560000E+1	 5.610020E-10	 9.983512E-3	 1.299852E-6
2.540000E+1	 5.340364E-10	 9.983742E-3	 1.322044E-6
2.520000E+1	 5.306602E-10	 9.983400E-3	 1.345134E-6
2.500000E+1	 5.304072E-10	 9.983858E-3	 1.368286E-6
2.480000E+1	 5.196883E-10	 9.983623E-3	 1.392730E-6
2.460000E+1	 5.118391E-10	 9.983972E-3	 1.416370E-6
2.440000E+1	 4.955076E-10	 9.983975E-3	 1.441398E-6
2.420000E+1	 4.939463E-10	 9.983279E-3	 1.465979E-6
2.400000E+1	 4.785853E-10	 9.983500E-3	 1.491633E-6
2.380000E+1	 4.660939E-10	 9.983163E-3	 1.518030E-6
2.360000E+1	 4.672757E-10	 9.983737E-3	 1.543754E-6
2.340000E+1	 4.502267E-10	 9.983161E-3	 1.570124E-6
2.320000E+1	 4.324182E-10	 9.983398E-3	 1.597616E-6
2.300000E+1	 4.332624E-10	 9.983398E-3	 1.624375E-6
2.280000E+1	 4.188303E-10	 9.983512E-3	 1.651027E-6
2.260000E+1	 4.122890E-10	 9.983046E-3	 1.679475E-6
2.240000E+1	 4.091238E-10	 9.983394E-3	 1.707229E-6
2.220000E+1	 5.125987E-10	 9.983978E-3	 1.736815E-6
2.200000E+1	 3.905135E-10	 9.983628E-3	 1.764127E-6
2.180000E+1	 3.913992E-10	 9.983740E-3	 1.792844E-6
2.160000E+1	 3.763341E-10	 9.983614E-3	 1.821842E-6
2.140000E+1	 3.559514E-10	 9.983627E-3	 1.850096E-6
2.120000E+1	 3.446418E-10	 9.983855E-3	 1.878122E-6
2.100000E+1	 3.435023E-10	 9.983739E-3	 1.907263E-6
2.080000E+1	 3.384382E-10	 9.983740E-3	 1.936409E-6
2.060000E+1	 3.181397E-10	 9.983855E-3	 1.965136E-6
2.040000E+1	 3.176755E-10	 9.983511E-3	 1.994095E-6
2.020000E+1	 3.053530E-10	 9.983975E-3	 2.022776E-6
2.000000E+1	 3.026523E-10	 9.983852E-3	 2.052495E-6
1.980000E+1	 2.894017E-10	 9.983510E-3	 2.080942E-6
1.960000E+1	 2.750108E-10	 9.983972E-3	 2.111851E-6
1.940000E+1	 2.884732E-10	 9.983857E-3	 2.140099E-6
1.920000E+1	 2.610847E-10	 9.983964E-3	 2.171257E-6
1.900000E+1	 2.636591E-10	 9.984091E-3	 2.198950E-6
1.880000E+1	 2.462303E-10	 9.983963E-3	 2.228456E-6
1.860000E+1	 2.379592E-10	 9.984083E-3	 2.259382E-6
1.840000E+1	 2.414196E-10	 9.983049E-3	 2.287456E-6
1.820000E+1	 2.246660E-10	 9.983627E-3	 2.317806E-6
1.800000E+1	 2.142427E-10	 9.983745E-3	 2.347128E-6
1.780000E+1	 2.126390E-10	 9.983046E-3	 2.376306E-6
1.760000E+1	 2.038615E-10	 9.983385E-3	 2.404555E-6
1.740000E+1	 1.951259E-10	 9.983283E-3	 2.433713E-6
1.720000E+1	 1.826769E-10	 9.983509E-3	 2.463634E-6
1.700000E+1	 1.700589E-10	 9.983281E-3	 2.492679E-6
1.680000E+1	 1.564705E-10	 9.983972E-3	 2.522489E-6
1.660000E+1	 1.615767E-10	 9.983506E-3	 2.552596E-6
1.640000E+1	 1.587492E-10	 9.983862E-3	 2.579632E-6
1.620000E+1	 1.475660E-10	 9.983859E-3	 2.609385E-6
1.600000E+1	 1.333026E-10	 9.983625E-3	 2.639690E-6
1.580000E+1	 1.281961E-10	 9.984090E-3	 2.666954E-6
1.560000E+1	 1.154518E-10	 9.983279E-3	 2.695988E-6
1.540000E+1	 1.149032E-10	 9.983274E-3	 2.723080E-6
1.520000E+1	 1.027496E-10	 9.982817E-3	 2.752779E-6
1.500000E+1	 9.363435E-11	 9.983396E-3	 2.784360E-6
1.480000E+1	 8.422354E-11	 9.982926E-3	 2.813384E-6
1.460000E+1	 7.451753E-11	 9.983275E-3	 2.839393E-6
1.440000E+1	 5.919884E-11	 9.983279E-3	 2.866826E-6
1.420000E+1	 4.831108E-11	 9.983045E-3	 2.895611E-6
1.400000E+1	 4.020870E-11	 9.983615E-3	 2.923370E-6
1.380000E+1	 4.096816E-11	 9.983622E-3	 2.950056E-6
1.360000E+1	 3.687485E-11	 9.983975E-3	 2.978985E-6
1.340000E+1	 3.624176E-11	 9.983509E-3	 3.004899E-6
1.320000E+1	 1.552153E-11	 9.982931E-3	 3.033466E-6
1.300000E+1	 -6.928999E-12	 9.983392E-3	 3.059333E-6
1.280000E+1	 1.553174E-12	 9.983276E-3	 3.086661E-6
1.260000E+1	 -2.540357E-12	 9.983275E-3	 3.113798E-6
1.240000E+1	 -2.207909E-11	 9.983378E-3	 3.140652E-6
1.220000E+1	 -2.186795E-11	 9.983393E-3	 3.166843E-6
1.200000E+1	 -3.094094E-11	 9.983627E-3	 3.195821E-6
1.180000E+1	 -3.651146E-11	 9.983281E-3	 3.220656E-6
1.160000E+1	 -4.739917E-11	 9.982929E-3	 3.246586E-6
1.140000E+1	 -5.229446E-11	 9.983857E-3	 3.272876E-6
1.120000E+1	 -7.305695E-11	 9.983744E-3	 3.297248E-6
1.100000E+1	 -6.195826E-11	 9.983741E-3	 3.323797E-6
1.080000E+1	 -8.331158E-11	 9.983392E-3	 3.351279E-6
1.060000E+1	 -7.702379E-11	 9.983735E-3	 3.377424E-6
1.040000E+1	 -9.816614E-11	 9.983388E-3	 3.402833E-6
1.020000E+1	 -9.913676E-11	 9.983393E-3	 3.426565E-6
1.000000E+1	 -1.184644E-10	 9.983741E-3	 3.452192E-6
9.800000E+0	 -1.166921E-10	 9.983510E-3	 3.478717E-6
9.600000E+0	 -1.262715E-10	 9.984204E-3	 3.503829E-6
9.400001E+0	 -1.388472E-10	 9.983735E-3	 3.527874E-6
9.200001E+0	 -1.436158E-10	 9.984203E-3	 3.552590E-6
9.000000E+0	 -1.412526E-10	 9.983627E-3	 3.579370E-6
8.800000E+0	 -1.505367E-10	 9.984312E-3	 3.603024E-6
8.600000E+0	 -1.666150E-10	 9.984081E-3	 3.627836E-6
8.400001E+0	 -1.823135E-10	 9.983394E-3	 3.652283E-6
8.200000E+0	 -1.791907E-10	 9.983857E-3	 3.675993E-6
8.000000E+0	 -1.931592E-10	 9.984316E-3	 3.699676E-6
7.800000E+0	 -1.916821E-10	 9.984082E-3	 3.722475E-6
7.600000E+0	 -2.116018E-10	 9.983855E-3	 3.745457E-6
7.400000E+0	 -2.237984E-10	 9.983855E-3	 3.768783E-6
7.200000E+0	 -2.144294E-10	 9.983741E-3	 3.791998E-6
7.000000E+0	 -2.283985E-10	 9.983279E-3	 3.812346E-6
6.800000E+0	 -2.454485E-10	 9.983627E-3	 3.832270E-6
6.600000E+0	 -2.351932E-10	 9.983510E-3	 3.854097E-6
6.400000E+0	 -2.604727E-10	 9.983390E-3	 3.874610E-6
6.200000E+0	 -2.704748E-10	 9.983854E-3	 3.893963E-6
6.000000E+0	 -2.712766E-10	 9.983509E-3	 3.912938E-6
5.800000E+0	 -2.674361E-10	 9.983050E-3	 3.931832E-6
5.600000E+0	 -2.929689E-10	 9.983745E-3	 3.947568E-6
5.400000E+0	 -2.817851E-10	 9.982814E-3	 3.966455E-6
5.200000E+0	 -2.904366E-10	 9.984086E-3	 3.984454E-6
5.000000E+0	 -3.032663E-10	 9.983970E-3	 4.000162E-6
4.800000E+0	 -3.183328E-10	 9.983970E-3	 4.018126E-6
4.600000E+0	 -3.250008E-10	 9.983855E-3	 4.031807E-6
4.400000E+0	 -3.324285E-10	 9.983627E-3	 4.049487E-6
4.200000E+0	 -3.341588E-10	 9.983621E-3	 4.064273E-6
4.000000E+0	 -3.555555E-10	 9.984198E-3	 4.081202E-6
3.800000E+0	 -3.629833E-10	 9.983972E-3	 4.095211E-6
3.600000E+0	 -3.695248E-10	 9.983741E-3	 4.110822E-6
3.400000E+0	 -3.699468E-10	 9.983735E-3	 4.123595E-6
3.200000E+0	 -3.847177E-10	 9.983843E-3	 4.139214E-6
3.000000E+0	 -3.932005E-10	 9.983502E-3	 4.151807E-6
2.800000E+0	 -3.996153E-10	 9.983851E-3	 4.167914E-6
2.600000E+0	 -4.004172E-10	 9.983278E-3	 4.184658E-6
2.400000E+0	 -4.143864E-10	 9.983848E-3	 4.200815E-6
2.200000E+0	 -4.185644E-10	 9.983390E-3	 4.216942E-6
2.000000E+0	 -4.444347E-10	 9.984077E-3	 4.236849E-6
1.800000E+0	 -4.660849E-10	 9.984190E-3	 4.259515E-6
1.600000E+0	 -4.608095E-10	 9.984422E-3	 4.277848E-6
1.400000E+0	 -4.672244E-10	 9.984085E-3	 4.299445E-6
1.200000E+0	 -4.895920E-10	 9.984304E-3	 4.329695E-6
1.000000E+0	 -4.900981E-10	 9.984663E-3	 4.388039E-6
8.000002E-1	 -4.989187E-10	 9.984316E-3	 4.424184E-6
6.000001E-1	 -5.118326E-10	 9.984082E-3	 4.438300E-6
4.000002E-1	 -5.073592E-10	 9.984088E-3	 4.451632E-6
2.000002E-1	 -5.191338E-10	 9.984083E-3	 4.471918E-6
1.490116E-7	 -5.200620E-10	 9.983625E-3	 4.506629E-6
-1.999999E-1	 -5.130142E-10	 9.983969E-3	 4.522008E-6
-3.999999E-1	 -5.251262E-10	 9.984086E-3	 4.529470E-6
-5.999998E-1	 -5.267722E-10	 9.983500E-3	 4.533855E-6
-7.999998E-1	 -5.390112E-10	 9.983388E-3	 4.541622E-6
-9.999999E-1	 -5.905829E-10	 9.983622E-3	 4.547019E-6
-1.200000E+0	 -7.943804E-10	 9.982929E-3	 4.553195E-6
-1.400000E+0	 -6.094055E-10	 9.984204E-3	 4.556143E-6
-1.600000E+0	 -5.704521E-10	 9.983967E-3	 4.562455E-6
-1.800000E+0	 -5.895281E-10	 9.983853E-3	 4.564826E-6
-2.000000E+0	 -5.883040E-10	 9.983504E-3	 4.570735E-6
-2.200000E+0	 -5.965757E-10	 9.984083E-3	 4.574645E-6
-2.400000E+0	 -6.020622E-10	 9.983724E-3	 4.578561E-6
-2.600000E+0	 -5.995299E-10	 9.983966E-3	 4.583557E-6
-2.800000E+0	 -6.153982E-10	 9.983968E-3	 4.586949E-6
-3.000000E+0	 -6.218132E-10	 9.983391E-3	 4.593072E-6
-3.200000E+0	 -6.334608E-10	 9.983276E-3	 4.597547E-6
-3.400000E+0	 -5.534445E-10	 9.983620E-3	 4.601334E-6
-3.600000E+0	 -6.508485E-10	 9.983392E-3	 4.604589E-6
-3.800000E+0	 -6.582762E-10	 9.983970E-3	 4.608532E-6
-4.000000E+0	 -6.656619E-10	 9.984316E-3	 4.614571E-6
-4.200000E+0	 -6.688692E-10	 9.983275E-3	 4.617429E-6
-4.400000E+0	 -6.886621E-10	 9.983732E-3	 4.621887E-6
-4.600000E+0	 -6.941906E-10	 9.983156E-3	 4.628630E-6
-4.800000E+0	 -7.018719E-10	 9.983151E-3	 4.630263E-6
-5.000000E+0	 -7.045303E-10	 9.983275E-3	 4.633959E-6
-5.200000E+0	 -7.124222E-10	 9.982926E-3	 4.638235E-6
-5.400000E+0	 -7.133931E-10	 9.983039E-3	 4.642885E-6
-5.600000E+0	 -7.360137E-10	 9.983279E-3	 4.646687E-6
-5.800000E+0	 -7.440323E-10	 9.983270E-3	 4.652748E-6
-6.000000E+0	 -7.442008E-10	 9.983159E-3	 4.654547E-6
-6.200000E+0	 -7.496029E-10	 9.982816E-3	 4.660957E-6
-6.400000E+0	 -7.602806E-10	 9.982586E-3	 4.665584E-6
-6.600000E+0	 -7.609974E-10	 9.982806E-3	 4.667865E-6
-6.800000E+0	 -7.770347E-10	 9.983385E-3	 4.672223E-6
-7.000000E+0	 -7.845468E-10	 9.983049E-3	 4.676317E-6
-7.200000E+0	 -7.923964E-10	 9.982930E-3	 4.681464E-6
-7.400000E+0	 -7.916786E-10	 9.983152E-3	 4.685129E-6
-7.600000E+0	 -8.076738E-10	 9.983153E-3	 4.689980E-6
-7.800000E+0	 -8.181402E-10	 9.983276E-3	 4.697500E-6
-8.000000E+0	 -8.173385E-10	 9.983965E-3	 4.700355E-6
-8.200000E+0	 -8.365827E-10	 9.983391E-3	 4.704696E-6
-8.400000E+0	 -8.453610E-10	 9.983162E-3	 4.708443E-6
-8.600000E+0	 -8.433777E-10	 9.983045E-3	 4.712242E-6
-8.800000E+0	 -8.613984E-10	 9.984316E-3	 4.715404E-6
-9.000000E+0	 -8.594568E-10	 9.983274E-3	 4.721285E-6
-9.200000E+0	 -8.692481E-10	 9.983500E-3	 4.723819E-6
-9.400000E+0	 -8.771820E-10	 9.983851E-3	 4.729039E-6
-9.600000E+0	 -8.866354E-10	 9.984086E-3	 4.733276E-6
-9.800000E+0	 -9.003087E-10	 9.984085E-3	 4.736809E-6
-1.000000E+1	 -9.081167E-10	 9.983277E-3	 4.741342E-6
