-1.000000E+1	 -1.268233E-9	 9.982806E-3	 4.989802E-6
-9.800000E+0	 -1.034346E-9	 9.982688E-3	 4.959558E-6
-9.600000E+0	 -8.798831E-10	 9.982922E-3	 4.932418E-6
-9.400000E+0	 -7.734480E-10	 9.983042E-3	 4.903429E-6
-9.200000E+0	 -6.849057E-10	 9.982929E-3	 4.872515E-6
-9.000000E+0	 -6.367952E-10	 9.983043E-3	 4.848310E-6
-8.800000E+0	 -5.833239E-10	 9.982812E-3	 4.817176E-6
-8.600000E+0	 -5.142804E-10	 9.983161E-3	 4.789525E-6
-8.400000E+0	 -4.675196E-10	 9.982918E-3	 4.762581E-6
-8.200000E+0	 -4.375134E-10	 9.983734E-3	 4.733983E-6
-8.000000E+0	 -3.854352E-10	 9.983390E-3	 4.706138E-6
-7.800000E+0	 -3.498581E-10	 9.982928E-3	 4.676820E-6
-7.600000E+0	 -3.168555E-10	 9.983739E-3	 4.651517E-6
-7.400000E+0	 -2.844860E-10	 9.984200E-3	 4.623545E-6
-7.200000E+0	 -2.674783E-10	 9.983270E-3	 4.595737E-6
-7.000000E+0	 -2.350665E-10	 9.983498E-3	 4.569721E-6
-6.800000E+0	 -2.090274E-10	 9.983621E-3	 4.542363E-6
-6.600000E+0	 -1.856052E-10	 9.983389E-3	 4.516909E-6
-6.400000E+0	 -1.640408E-10	 9.983615E-3	 4.487126E-6
-6.200000E+0	 -2.481072E-10	 9.983847E-3	 4.465162E-6
-6.000000E+0	 -1.096446E-10	 9.983392E-3	 4.434712E-6
-5.800000E+0	 -1.076190E-10	 9.983506E-3	 4.410521E-6
-5.600000E+0	 -8.132830E-11	 9.983504E-3	 4.384866E-6
-5.400000E+0	 -5.389812E-11	 9.983620E-3	 4.356762E-6
-5.200000E+0	 -4.672408E-11	 9.983851E-3	 4.330027E-6
-5.000000E+0	 -3.208057E-11	 9.983390E-3	 4.304364E-6
-4.800000E+0	 -1.625543E-11	 9.983848E-3	 4.279849E-6
-4.600000E+0	 3.388956E-14	 9.983391E-3	 4.252507E-6
-4.400000E+0	 1.539478E-11	 9.983737E-3	 4.225484E-6
-4.200000E+0	 3.603071E-11	 9.983618E-3	 4.199715E-6
-4.000000E+0	 4.037742E-11	 9.983270E-3	 4.172916E-6
-3.800000E+0	 6.054912E-11	 9.983383E-3	 4.148195E-6
-3.600000E+0	 7.755580E-11	 9.984316E-3	 4.121649E-6
-3.400000E+0	 8.295739E-11	 9.983622E-3	 4.095742E-6
-3.200000E+0	 9.949999E-11	 9.983735E-3	 4.070243E-6
-3.000000E+0	 1.095436E-10	 9.983616E-3	 4.043356E-6
-2.800000E+0	 1.178572E-10	 9.984312E-3	 4.015757E-6
-2.600000E+0	 1.368051E-10	 9.983848E-3	 3.991868E-6
-2.400000E+0	 1.556685E-10	 9.983506E-3	 3.963430E-6
-2.200000E+0	 1.591713E-10	 9.984200E-3	 3.938931E-6
-2.000000E+0	 1.685396E-10	 9.983968E-3	 3.912997E-6
-1.800000E+0	 1.833523E-10	 9.983737E-3	 3.886363E-6
-1.600000E+0	 1.987973E-10	 9.983741E-3	 3.859710E-6
-1.400000E+0	 2.065620E-10	 9.984312E-3	 3.834679E-6
-1.200000E+0	 2.232312E-10	 9.984309E-3	 3.807314E-6
-9.999999E-1	 2.179139E-10	 9.984312E-3	 3.782377E-6
-7.999998E-1	 2.333593E-10	 9.983855E-3	 3.757200E-6
-5.999998E-1	 2.605363E-10	 9.984310E-3	 3.733079E-6
-3.999999E-1	 2.531088E-10	 9.984200E-3	 3.705999E-6
-1.999999E-1	 2.753484E-10	 9.983967E-3	 3.679422E-6
1.490116E-7	 2.737870E-10	 9.983731E-3	 3.653783E-6
2.000002E-1	 2.883468E-10	 9.983273E-3	 3.628925E-6
4.000002E-1	 2.963226E-10	 9.983046E-3	 3.604155E-6
6.000001E-1	 3.110082E-10	 9.983970E-3	 3.577679E-6
8.000002E-1	 3.173801E-10	 9.983972E-3	 3.550896E-6
1.000000E+0	 3.236260E-10	 9.983493E-3	 3.524822E-6
1.200000E+0	 3.408437E-10	 9.983853E-3	 3.500748E-6
1.400000E+0	 3.442197E-10	 9.984084E-3	 3.478181E-6
1.600000E+0	 3.469626E-10	 9.983509E-3	 3.448610E-6
1.800000E+0	 3.616062E-10	 9.983968E-3	 3.421669E-6
2.000000E+0	 3.795838E-10	 9.983845E-3	 3.397579E-6
2.200000E+0	 3.987425E-10	 9.984314E-3	 3.373749E-6
2.400000E+0	 3.925390E-10	 9.983855E-3	 3.344699E-6
2.600000E+0	 4.049039E-10	 9.983855E-3	 3.320456E-6
2.800000E+0	 4.227123E-10	 9.983841E-3	 3.295155E-6
3.000000E+0	 4.241473E-10	 9.984076E-3	 3.272153E-6
3.200000E+0	 4.471464E-10	 9.984203E-3	 3.249098E-6
3.400000E+0	 4.372292E-10	 9.983620E-3	 3.225464E-6
3.600000E+0	 4.538139E-10	 9.984086E-3	 3.202989E-6
3.800000E+0	 4.650392E-10	 9.983852E-3	 3.179699E-6
4.000000E+0	 4.872369E-10	 9.984082E-3	 3.157747E-6
4.200000E+0	 4.850425E-10	 9.984198E-3	 3.134555E-6
4.400000E+0	 4.873631E-10	 9.983969E-3	 3.112106E-6
4.600000E+0	 5.128525E-10	 9.983737E-3	 3.089041E-6
4.800000E+0	 5.173258E-10	 9.984319E-3	 3.066076E-6
5.000000E+0	 5.212081E-10	 9.983972E-3	 3.044307E-6
5.200000E+0	 5.185916E-10	 9.983966E-3	 3.022340E-6
5.400000E+0	 5.227693E-10	 9.984314E-3	 3.000418E-6
5.600000E+0	 5.533646E-10	 9.984081E-3	 2.979124E-6
5.800000E+0	 5.491019E-10	 9.983738E-3	 2.955612E-6
6.000000E+0	 5.539978E-10	 9.983503E-3	 2.934553E-6
6.200000E+0	 5.691473E-10	 9.983732E-3	 2.912765E-6
6.400000E+0	 5.726501E-10	 9.983857E-3	 2.891434E-6
6.600000E+0	 4.910768E-10	 9.983391E-3	 2.867305E-6
6.800000E+0	 5.938766E-10	 9.983622E-3	 2.846821E-6
7.000000E+0	 5.959871E-10	 9.984203E-3	 2.824158E-6
7.200000E+0	 6.082245E-10	 9.983855E-3	 2.800197E-6
7.400000E+0	 6.227418E-10	 9.984084E-3	 2.778624E-6
7.600000E+0	 6.198296E-10	 9.983852E-3	 2.754472E-6
7.800000E+0	 6.304220E-10	 9.983968E-3	 2.730281E-6
8.000000E+0	 6.502145E-10	 9.983967E-3	 2.706975E-6
8.200000E+0	 6.558268E-10	 9.984198E-3	 2.683651E-6
8.400001E+0	 6.567980E-10	 9.983849E-3	 2.660050E-6
8.600000E+0	 6.718631E-10	 9.983740E-3	 2.635712E-6
8.800000E+0	 6.738884E-10	 9.983509E-3	 2.610316E-6
9.000000E+0	 6.868439E-10	 9.983965E-3	 2.587425E-6
9.200001E+0	 7.083241E-10	 9.983854E-3	 2.563329E-6
9.400001E+0	 6.986182E-10	 9.982814E-3	 2.541023E-6
9.600000E+0	 7.110249E-10	 9.984200E-3	 2.516299E-6
9.800000E+0	 7.310277E-10	 9.984086E-3	 2.491983E-6
1.000000E+1	 7.392987E-10	 9.983620E-3	 2.468613E-6
1.020000E+1	 7.244448E-10	 9.984078E-3	 2.444094E-6
1.040000E+1	 7.417890E-10	 9.984082E-3	 2.421589E-6
1.060000E+1	 7.487100E-10	 9.983733E-3	 2.397265E-6
1.080000E+1	 7.665184E-10	 9.983855E-3	 2.373318E-6
1.100000E+1	 7.672355E-10	 9.983275E-3	 2.349719E-6
1.120000E+1	 7.845377E-10	 9.983854E-3	 2.325326E-6
1.140000E+1	 7.939486E-10	 9.983847E-3	 2.303545E-6
1.160000E+1	 7.900660E-10	 9.983853E-3	 2.278673E-6
1.180000E+1	 8.032328E-10	 9.983386E-3	 2.255629E-6
1.200000E+1	 8.233624E-10	 9.983969E-3	 2.231508E-6
1.220000E+1	 8.132340E-10	 9.983965E-3	 2.208940E-6
1.240000E+1	 8.328149E-10	 9.983965E-3	 2.185503E-6
1.260000E+1	 8.331108E-10	 9.984318E-3	 2.161989E-6
1.280000E+1	 8.437450E-10	 9.983852E-3	 2.138610E-6
1.300000E+1	 8.505815E-10	 9.983738E-3	 2.115796E-6
1.320000E+1	 8.615956E-10	 9.983386E-3	 2.091199E-6
1.340000E+1	 8.642120E-10	 9.983624E-3	 2.068047E-6
1.360000E+1	 8.745513E-10	 9.983155E-3	 2.046515E-6
1.380000E+1	 8.773789E-10	 9.983507E-3	 2.022009E-6
1.400000E+1	 8.983946E-10	 9.983615E-3	 2.000484E-6
1.420000E+1	 9.025725E-10	 9.983851E-3	 1.978061E-6
1.440000E+1	 9.110127E-10	 9.983390E-3	 1.955270E-6
1.460000E+1	 9.226595E-10	 9.983738E-3	 1.933308E-6
1.480000E+1	 9.322388E-10	 9.984082E-3	 1.911250E-6
1.500000E+1	 9.287365E-10	 9.983731E-3	 1.888244E-6
1.520000E+1	 9.495409E-10	 9.983621E-3	 1.864733E-6
1.540000E+1	 9.565464E-10	 9.983625E-3	 1.843628E-6
1.560000E+1	 9.546899E-10	 9.983500E-3	 1.822247E-6
1.580000E+1	 9.643956E-10	 9.983390E-3	 1.800497E-6
1.600000E+1	 9.759165E-10	 9.983506E-3	 1.779308E-6
1.620000E+1	 9.822463E-10	 9.983853E-3	 1.756953E-6
1.640000E+1	 9.957518E-10	 9.983968E-3	 1.735058E-6
1.660000E+1	 1.003642E-9	 9.984196E-3	 1.714327E-6
1.680000E+1	 1.006848E-9	 9.983387E-3	 1.692953E-6
1.700000E+1	 1.009550E-9	 9.983737E-3	 1.671904E-6
1.720000E+1	 1.022464E-9	 9.984200E-3	 1.652716E-6
1.740000E+1	 1.030566E-9	 9.983972E-3	 1.631972E-6
1.760000E+1	 1.032802E-9	 9.984083E-3	 1.612481E-6
1.780000E+1	 1.054282E-9	 9.983623E-3	 1.591685E-6
1.800000E+1	 1.046982E-9	 9.984319E-3	 1.572788E-6
1.820000E+1	 1.054957E-9	 9.984764E-3	 1.553181E-6
1.840000E+1	 1.069179E-9	 9.984547E-3	 1.533579E-6
1.860000E+1	 1.081839E-9	 9.984313E-3	 1.515474E-6
1.880000E+1	 1.085257E-9	 9.984314E-3	 1.496002E-6
1.900000E+1	 1.094457E-9	 9.984200E-3	 1.478064E-6
1.920000E+1	 1.096523E-9	 9.983625E-3	 1.460660E-6
1.940000E+1	 1.109269E-9	 9.983621E-3	 1.442464E-6
1.960000E+1	 1.114460E-9	 9.983734E-3	 1.425541E-6
1.980000E+1	 1.117203E-9	 9.983853E-3	 1.408494E-6
2.000000E+1	 1.131129E-9	 9.983734E-3	 1.391273E-6
2.020000E+1	 1.136868E-9	 9.983624E-3	 1.375278E-6
2.040000E+1	 1.156280E-9	 9.983510E-3	 1.358983E-6
2.060000E+1	 1.151807E-9	 9.984085E-3	 1.344090E-6
2.080000E+1	 1.177170E-9	 9.983964E-3	 1.327683E-6
2.100000E+1	 1.179997E-9	 9.983506E-3	 1.312800E-6
2.120000E+1	 1.184598E-9	 9.983855E-3	 1.298242E-6
2.140000E+1	 1.193543E-9	 9.983853E-3	 1.283657E-6
2.160000E+1	 1.194935E-9	 9.983495E-3	 1.270074E-6
2.180000E+1	 1.214390E-9	 9.983625E-3	 1.256517E-6
2.200000E+1	 1.221479E-9	 9.983854E-3	 1.243407E-6
2.220000E+1	 1.216627E-9	 9.983853E-3	 1.231146E-6
2.240000E+1	 1.217808E-9	 9.983506E-3	 1.218488E-6
2.260000E+1	 1.233549E-9	 9.983737E-3	 1.206834E-6
2.280000E+1	 1.240722E-9	 9.983970E-3	 1.195089E-6
2.300000E+1	 1.264946E-9	 9.984086E-3	 1.184103E-6
2.320000E+1	 1.256210E-9	 9.983740E-3	 1.173260E-6
2.340000E+1	 1.274737E-9	 9.984085E-3	 1.163374E-6
2.360000E+1	 1.296471E-9	 9.983392E-3	 1.153495E-6
2.380000E+1	 1.277016E-9	 9.984196E-3	 1.144386E-6
2.400000E+1	 1.301492E-9	 9.984198E-3	 1.135214E-6
2.420000E+1	 1.195147E-9	 9.984203E-3	 1.125247E-6
2.440000E+1	 1.303940E-9	 9.983853E-3	 1.118511E-6
2.460000E+1	 1.349684E-9	 9.984086E-3	 1.110403E-6
2.480000E+1	 1.315080E-9	 9.984428E-3	 1.103270E-6
2.500000E+1	 1.337151E-9	 9.984547E-3	 1.095587E-6
2.520000E+1	 1.340105E-9	 9.983963E-3	 1.089696E-6
2.540000E+1	 1.348123E-9	 9.984549E-3	 1.083802E-6
2.560000E+1	 1.359475E-9	 9.984431E-3	 1.078426E-6
2.580000E+1	 1.351457E-9	 9.984660E-3	 1.073496E-6
2.600000E+1	 1.390662E-9	 9.984420E-3	 1.068875E-6
2.620000E+1	 1.375089E-9	 9.984433E-3	 1.064573E-6
2.640000E+1	 1.402477E-9	 9.984539E-3	 1.060201E-6
2.660000E+1	 1.428894E-9	 9.984771E-3	 1.056514E-6
2.680000E+1	 1.402645E-9	 9.984432E-3	 1.053085E-6
2.700000E+1	 1.399902E-9	 9.984316E-3	 1.048910E-6
2.720000E+1	 1.419948E-9	 9.984088E-3	 1.046960E-6
2.740000E+1	 1.448139E-9	 9.984084E-3	 1.044485E-6
2.760000E+1	 1.471390E-9	 9.983973E-3	 1.042840E-6
2.780000E+1	 1.437081E-9	 9.983507E-3	 1.041781E-6
2.800000E+1	 1.454594E-9	 9.984203E-3	 1.040512E-6
2.820000E+1	 1.467720E-9	 9.983965E-3	 1.039603E-6
2.840000E+1	 1.472362E-9	 9.983849E-3	 1.038788E-6
2.860000E+1	 1.492617E-9	 9.983390E-3	 1.038364E-6
2.880000E+1	 1.478270E-9	 9.983378E-3	 1.038171E-6
2.900000E+1	 1.480843E-9	 9.983738E-3	 1.038980E-6
2.920000E+1	 1.501901E-9	 9.983855E-3	 1.039874E-6
2.940000E+1	 1.531905E-9	 9.984088E-3	 1.040916E-6
2.960000E+1	 1.524562E-9	 9.983857E-3	 1.041845E-6
2.980000E+1	 1.528741E-9	 9.983851E-3	 1.043790E-6
3.000000E+1	 1.540050E-9	 9.983624E-3	 1.045424E-6
3.020000E+1	 1.560138E-9	 9.984194E-3	 1.046877E-6
3.040000E+1	 1.562290E-9	 9.984199E-3	 1.049304E-6
3.060000E+1	 1.551361E-9	 9.983853E-3	 1.051937E-6
3.080000E+1	 1.576933E-9	 9.983744E-3	 1.054454E-6
3.100000E+1	 1.580309E-9	 9.983739E-3	 1.057100E-6
3.120000E+1	 1.583516E-9	 9.984200E-3	 1.060514E-6
3.140000E+1	 1.580098E-9	 9.983855E-3	 1.063215E-6
3.160000E+1	 1.611453E-9	 9.983622E-3	 1.067506E-6
3.180000E+1	 1.594995E-9	 9.984776E-3	 1.071140E-6
3.200000E+1	 1.615250E-9	 9.984433E-3	 1.074872E-6
3.220000E+1	 1.624367E-9	 9.985008E-3	 1.078198E-6
3.240000E+1	 1.638167E-9	 9.984312E-3	 1.082154E-6
3.260000E+1	 1.654033E-9	 9.984310E-3	 1.085545E-6
3.280000E+1	 1.640909E-9	 9.984895E-3	 1.093106E-6
3.300000E+1	 1.640487E-9	 9.983968E-3	 1.097596E-6
3.320000E+1	 1.669183E-9	 9.984316E-3	 1.102134E-6
3.340000E+1	 1.681759E-9	 9.983958E-3	 1.106107E-6
3.360000E+1	 1.705095E-9	 9.983849E-3	 1.110948E-6
3.380000E+1	 1.690579E-9	 9.983616E-3	 1.115839E-6
3.400000E+1	 1.701002E-9	 9.984298E-3	 1.120595E-6
3.420000E+1	 1.714083E-9	 9.984313E-3	 1.125745E-6
3.440000E+1	 1.703786E-9	 9.983968E-3	 1.131128E-6
3.460000E+1	 1.711891E-9	 9.984086E-3	 1.136533E-6
3.480000E+1	 1.718262E-9	 9.984664E-3	 1.141582E-6
3.500000E+1	 1.726532E-9	 9.984314E-3	 1.147783E-6
3.480000E+1	 1.461388E-9	 9.983966E-3	 1.129484E-6
3.460000E+1	 1.385049E-9	 9.984426E-3	 1.113097E-6
3.440000E+1	 1.329976E-9	 9.984547E-3	 1.097893E-6
3.420000E+1	 1.270390E-9	 9.984430E-3	 1.084146E-6
3.400000E+1	 1.243804E-9	 9.984780E-3	 1.070845E-6
3.380000E+1	 1.201435E-9	 9.983737E-3	 1.059135E-6
3.360000E+1	 1.163750E-9	 9.984549E-3	 1.049287E-6
3.340000E+1	 1.150457E-9	 9.984543E-3	 1.041586E-6
3.320000E+1	 1.128723E-9	 9.984549E-3	 1.033445E-6
3.300000E+1	 1.078589E-9	 9.984426E-3	 1.025620E-6
3.280000E+1	 1.064537E-9	 9.984085E-3	 1.020506E-6
3.260000E+1	 1.036431E-9	 9.984424E-3	 1.015493E-6
3.240000E+1	 1.015247E-9	 9.984426E-3	 1.012144E-6
3.220000E+1	 9.950756E-10	 9.985008E-3	 1.009654E-6
3.200000E+1	 9.776470E-10	 9.984316E-3	 1.008846E-6
3.180000E+1	 9.863401E-10	 9.984429E-3	 1.009799E-6
3.160000E+1	 9.597965E-10	 9.984316E-3	 1.010261E-6
3.140000E+1	 9.223226E-10	 9.984426E-3	 1.013373E-6
3.120000E+1	 9.217735E-10	 9.984433E-3	 1.017525E-6
3.100000E+1	 9.075933E-10	 9.984545E-3	 1.023129E-6
3.080000E+1	 8.731164E-10	 9.984427E-3	 1.029846E-6
3.060000E+1	 8.515940E-10	 9.984196E-3	 1.037312E-6
3.040000E+1	 8.528604E-10	 9.984543E-3	 1.046997E-6
3.020000E+1	 8.348829E-10	 9.983853E-3	 1.056939E-6
3.000000E+1	 8.263581E-10	 9.984785E-3	 1.069060E-6
2.980000E+1	 8.160189E-10	 9.985015E-3	 1.082272E-6
2.960000E+1	 8.001944E-10	 9.984314E-3	 1.096555E-6
2.940000E+1	 7.762671E-10	 9.984433E-3	 1.112437E-6
2.920000E+1	 7.712876E-10	 9.983965E-3	 1.128593E-6
2.900000E+1	 7.590915E-10	 9.983855E-3	 1.146366E-6
2.880000E+1	 7.361342E-10	 9.984083E-3	 1.164777E-6
2.860000E+1	 7.364290E-10	 9.984312E-3	 1.184309E-6
2.840000E+1	 7.192538E-10	 9.984433E-3	 1.204611E-6
2.820000E+1	 7.143169E-10	 9.984318E-3	 1.226137E-6
2.800000E+1	 7.071007E-10	 9.983855E-3	 1.247829E-6
2.780000E+1	 6.894600E-10	 9.984088E-3	 1.271168E-6
2.760000E+1	 6.806830E-10	 9.984316E-3	 1.294597E-6
2.740000E+1	 6.633386E-10	 9.984319E-3	 1.319634E-6
2.720000E+1	 6.589076E-10	 9.984655E-3	 1.344271E-6
2.700000E+1	 6.537588E-10	 9.983964E-3	 1.369761E-6
2.680000E+1	 6.394534E-10	 9.984315E-3	 1.396986E-6
2.660000E+1	 6.345161E-10	 9.983734E-3	 1.422948E-6
2.640000E+1	 6.154834E-10	 9.984432E-3	 1.450739E-6
2.620000E+1	 6.128246E-10	 9.984431E-3	 1.478375E-6
2.600000E+1	 5.979283E-10	 9.984083E-3	 1.506868E-6
2.580000E+1	 5.918515E-10	 9.984319E-3	 1.534872E-6
2.560000E+1	 5.818066E-10	 9.984432E-3	 1.563832E-6
2.540000E+1	 5.666578E-10	 9.983958E-3	 1.593956E-6
2.520000E+1	 5.472454E-10	 9.984199E-3	 1.622043E-6
2.500000E+1	 5.534912E-10	 9.984086E-3	 1.652075E-6
2.480000E+1	 5.306188E-10	 9.984663E-3	 1.680861E-6
2.460000E+1	 5.175365E-10	 9.983735E-3	 1.710408E-6
2.440000E+1	 5.122192E-10	 9.984205E-3	 1.740450E-6
2.420000E+1	 5.016693E-10	 9.984084E-3	 1.771292E-6
2.400000E+1	 4.955500E-10	 9.984551E-3	 1.801031E-6
2.380000E+1	 4.929759E-10	 9.984436E-3	 1.831823E-6
2.360000E+1	 4.793876E-10	 9.984314E-3	 1.862787E-6
2.340000E+1	 4.695124E-10	 9.985235E-3	 1.893367E-6
2.320000E+1	 4.554595E-10	 9.983967E-3	 1.923486E-6
2.300000E+1	 4.357945E-10	 9.984431E-3	 1.954428E-6
2.280000E+1	 4.417866E-10	 9.983853E-3	 1.985404E-6
2.260000E+1	 4.347818E-10	 9.984194E-3	 2.015155E-6
2.240000E+1	 4.227123E-10	 9.983968E-3	 2.044891E-6
2.220000E+1	 4.123730E-10	 9.983853E-3	 2.076683E-6
2.200000E+1	 4.067184E-10	 9.983625E-3	 2.106013E-6
2.180000E+1	 3.868845E-10	 9.983389E-3	 2.136629E-6
2.160000E+1	 3.766297E-10	 9.983624E-3	 2.166838E-6
2.140000E+1	 3.755325E-10	 9.983392E-3	 2.196497E-6
2.120000E+1	 3.650668E-10	 9.983853E-3	 2.226407E-6
2.100000E+1	 3.664170E-10	 9.983280E-3	 2.256328E-6
2.080000E+1	 3.532930E-10	 9.982923E-3	 2.285935E-6
2.060000E+1	 3.429539E-10	 9.983048E-3	 2.317742E-6
2.040000E+1	 3.346824E-10	 9.982687E-3	 2.344608E-6
2.020000E+1	 3.210517E-10	 9.982808E-3	 2.374251E-6
2.000000E+1	 3.213470E-10	 9.983731E-3	 2.402239E-6
1.980000E+1	 3.159036E-10	 9.982931E-3	 2.431648E-6
1.960000E+1	 2.980947E-10	 9.982928E-3	 2.462246E-6
1.940000E+1	 2.937060E-10	 9.983277E-3	 2.490551E-6
1.920000E+1	 2.775432E-10	 9.983275E-3	 2.519200E-6
1.900000E+1	 2.639123E-10	 9.983623E-3	 2.548468E-6
1.880000E+1	 2.662757E-10	 9.983043E-3	 2.575763E-6
1.860000E+1	 2.518856E-10	 9.983742E-3	 2.605197E-6
1.840000E+1	 2.371154E-10	 9.983386E-3	 2.632834E-6
1.820000E+1	 2.344568E-10	 9.982930E-3	 2.660609E-6
1.800000E+1	 2.203195E-10	 9.983737E-3	 2.686777E-6
1.780000E+1	 2.281690E-10	 9.983396E-3	 2.714306E-6
1.760000E+1	 2.034815E-10	 9.983740E-3	 2.748752E-6
1.740000E+1	 2.059716E-10	 9.983507E-3	 2.774387E-6
1.720000E+1	 1.911171E-10	 9.983509E-3	 2.802548E-6
1.700000E+1	 1.668520E-10	 9.983507E-3	 2.830585E-6
1.680000E+1	 1.736883E-10	 9.983506E-3	 2.856583E-6
1.660000E+1	 1.617033E-10	 9.983501E-3	 2.884468E-6
1.640000E+1	 1.598043E-10	 9.984083E-3	 2.909353E-6
1.620000E+1	 1.491277E-10	 9.983731E-3	 2.936302E-6
1.600000E+1	 1.410676E-10	 9.983735E-3	 2.961465E-6
1.580000E+1	 1.396324E-10	 9.983389E-3	 2.987206E-6
1.560000E+1	 1.303064E-10	 9.983853E-3	 3.018341E-6
1.540000E+1	 1.234699E-10	 9.983391E-3	 3.044603E-6
1.520000E+1	 1.015681E-10	 9.983742E-3	 3.071164E-6
1.500000E+1	 9.207293E-11	 9.983851E-3	 3.094184E-6
1.480000E+1	 8.966769E-11	 9.983737E-3	 3.118745E-6
1.460000E+1	 8.046785E-11	 9.983972E-3	 3.143755E-6
1.440000E+1	 7.818901E-11	 9.984074E-3	 3.168770E-6
1.420000E+1	 5.936765E-11	 9.984084E-3	 3.193064E-6
1.400000E+1	 4.999923E-11	 9.983845E-3	 3.217108E-6
1.380000E+1	 4.949269E-11	 9.983269E-3	 3.240075E-6
1.360000E+1	 3.265486E-11	 9.983161E-3	 3.264635E-6
1.340000E+1	 4.029312E-11	 9.983738E-3	 3.289128E-6
1.320000E+1	 2.902556E-11	 9.983036E-3	 3.311674E-6
1.300000E+1	 1.286296E-11	 9.983274E-3	 3.338218E-6
1.280000E+1	 7.967751E-12	 9.983507E-3	 3.362758E-6
1.260000E+1	 2.355130E-12	 9.982803E-3	 3.387234E-6
1.240000E+1	 3.663250E-12	 9.983151E-3	 3.407343E-6
1.220000E+1	 -2.431549E-11	 9.983623E-3	 3.433078E-6
1.200000E+1	 -2.697410E-11	 9.983506E-3	 3.456254E-6
1.180000E+1	 -4.060487E-11	 9.983275E-3	 3.478359E-6
1.160000E+1	 -4.537337E-11	 9.983391E-3	 3.504327E-6
1.140000E+1	 -4.604865E-11	 9.983504E-3	 3.525053E-6
1.120000E+1	 -5.765373E-11	 9.983501E-3	 3.548280E-6
1.100000E+1	 -5.938401E-11	 9.983160E-3	 3.571015E-6
1.080000E+1	 -8.263636E-11	 9.983855E-3	 3.595372E-6
1.060000E+1	 -7.305691E-11	 9.983627E-3	 3.616644E-6
1.040000E+1	 -8.280519E-11	 9.983390E-3	 3.637389E-6
1.020000E+1	 -1.053402E-10	 9.983160E-3	 3.659385E-6
1.000000E+1	 -1.009091E-10	 9.983162E-3	 3.683168E-6
9.800000E+0	 -1.074924E-10	 9.982585E-3	 3.703369E-6
9.600000E+0	 -1.191396E-10	 9.983272E-3	 3.726432E-6
9.400001E+0	 -1.288879E-10	 9.982931E-3	 3.750879E-6
9.200001E+0	 -1.395224E-10	 9.983161E-3	 3.769489E-6
9.000000E+0	 -1.481735E-10	 9.982696E-3	 3.790322E-6
8.800000E+0	 -1.428563E-10	 9.983276E-3	 3.808800E-6
8.600000E+0	 -1.663618E-10	 9.982930E-3	 3.833120E-6
8.400001E+0	 -1.562337E-10	 9.983846E-3	 3.854413E-6
8.200000E+0	 -1.754349E-10	 9.983852E-3	 3.873328E-6
8.000000E+0	 -1.835795E-10	 9.983739E-3	 3.896479E-6
7.800000E+0	 -1.933280E-10	 9.982700E-3	 3.913677E-6
7.600000E+0	 -2.012621E-10	 9.982929E-3	 3.937524E-6
7.400000E+0	 -2.083100E-10	 9.983273E-3	 3.956384E-6
7.200000E+0	 -2.094073E-10	 9.982931E-3	 3.973780E-6
7.000000E+0	 -2.296224E-10	 9.983045E-3	 3.994641E-6
6.800000E+0	 -2.305931E-10	 9.983156E-3	 4.011185E-6
6.600000E+0	 -2.368391E-10	 9.983272E-3	 4.031125E-6
6.400000E+0	 -2.440558E-10	 9.983039E-3	 4.048705E-6
6.200000E+0	 -2.614856E-10	 9.983156E-3	 4.068846E-6
6.000000E+0	 -2.643554E-10	 9.983161E-3	 4.085513E-6
5.800000E+0	 -2.705170E-10	 9.983271E-3	 4.103225E-6
5.600000E+0	 -2.768896E-10	 9.982921E-3	 4.122245E-6
5.400000E+0	 -2.803502E-10	 9.983045E-3	 4.144162E-6
5.200000E+0	 -2.933065E-10	 9.983622E-3	 4.159707E-6
5.000000E+0	 -3.158850E-10	 9.983274E-3	 4.179064E-6
4.800000E+0	 -3.168978E-10	 9.982930E-3	 4.196010E-6
4.600000E+0	 -3.274064E-10	 9.982812E-3	 4.210707E-6
4.400000E+0	 -3.304872E-10	 9.982227E-3	 4.228783E-6
4.200000E+0	 -3.395608E-10	 9.983161E-3	 4.249843E-6
4.000000E+0	 -3.571594E-10	 9.982237E-3	 4.266576E-6
3.800000E+0	 -3.576658E-10	 9.983387E-3	 4.286185E-6
3.600000E+0	 -3.639118E-10	 9.983275E-3	 4.300749E-6
3.400000E+0	 -3.783030E-10	 9.982930E-3	 4.319085E-6
3.200000E+0	 -3.761506E-10	 9.982922E-3	 4.335592E-6
3.000000E+0	 -3.923565E-10	 9.982929E-3	 4.354942E-6
2.800000E+0	 -3.927786E-10	 9.982928E-3	 4.371275E-6
2.600000E+0	 -4.036247E-10	 9.983160E-3	 4.389873E-6
2.400000E+0	 -4.160323E-10	 9.982929E-3	 4.406461E-6
2.200000E+0	 -3.977585E-10	 9.983273E-3	 4.430114E-6
2.000000E+0	 -4.167920E-10	 9.983157E-3	 4.450176E-6
1.800000E+0	 -4.396658E-10	 9.983621E-3	 4.466242E-6
1.600000E+0	 -4.474734E-10	 9.982926E-3	 4.482264E-6
1.400000E+0	 -4.492882E-10	 9.983389E-3	 4.500790E-6
1.200000E+0	 -4.552810E-10	 9.983157E-3	 4.518928E-6
1.000000E+0	 -4.669710E-10	 9.982693E-3	 4.534297E-6
8.000002E-1	 -4.740612E-10	 9.983165E-3	 4.553117E-6
6.000001E-1	 -4.817422E-10	 9.982815E-3	 4.570016E-6
4.000002E-1	 -4.895073E-10	 9.982698E-3	 4.590137E-6
2.000002E-1	 -4.961335E-10	 9.982922E-3	 4.608328E-6
1.490116E-7	 -4.969352E-10	 9.982930E-3	 4.628118E-6
-1.999999E-1	 -5.090472E-10	 9.983388E-3	 4.641790E-6
-3.999999E-1	 -5.238180E-10	 9.982814E-3	 4.660182E-6
-5.999998E-1	 -5.239026E-10	 9.983269E-3	 4.677572E-6
-7.999998E-1	 -5.442021E-10	 9.983498E-3	 4.692324E-6
-9.999999E-1	 -5.541618E-10	 9.983273E-3	 4.711660E-6
-1.200000E+0	 -5.524318E-10	 9.983273E-3	 4.726955E-6
-1.400000E+0	 -5.514189E-10	 9.983039E-3	 4.743916E-6
-1.600000E+0	 -5.677513E-10	 9.982923E-3	 4.759831E-6
-1.800000E+0	 -5.734487E-10	 9.983275E-3	 4.777371E-6
-2.000000E+0	 -5.983484E-10	 9.982693E-3	 4.794609E-6
-2.200000E+0	 -5.831975E-10	 9.982923E-3	 4.812569E-6
-2.400000E+0	 -5.972087E-10	 9.983267E-3	 4.828093E-6
-2.600000E+0	 -5.996988E-10	 9.983269E-3	 4.844372E-6
-2.800000E+0	 -6.219398E-10	 9.982926E-3	 4.860429E-6
-3.000000E+0	 -6.166221E-10	 9.983039E-3	 4.874360E-6
-3.200000E+0	 -6.159889E-10	 9.983157E-3	 4.892824E-6
-3.400000E+0	 -6.339252E-10	 9.983045E-3	 4.903316E-6
-3.600000E+0	 -6.465865E-10	 9.983272E-3	 4.920254E-6
-3.800000E+0	 -6.519034E-10	 9.983153E-3	 4.937531E-6
-4.000000E+0	 -6.545200E-10	 9.983031E-3	 4.953615E-6
-4.200000E+0	 -6.709793E-10	 9.983273E-3	 4.970589E-6
-4.400000E+0	 -6.874384E-10	 9.982581E-3	 4.985364E-6
-4.600000E+0	 -6.871432E-10	 9.982696E-3	 5.001585E-6
-4.800000E+0	 -6.937687E-10	 9.982698E-3	 5.015776E-6
-5.000000E+0	 -7.031802E-10	 9.983146E-3	 5.031676E-6
-5.200000E+0	 -7.023786E-10	 9.982460E-3	 5.048430E-6
-5.400000E+0	 -7.232264E-10	 9.983277E-3	 5.062811E-6
-5.600000E+0	 -7.207787E-10	 9.982815E-3	 5.076030E-6
-5.800000E+0	 -7.339879E-10	 9.983041E-3	 5.090035E-6
-6.000000E+0	 -7.504052E-10	 9.982808E-3	 5.107386E-6
-6.200000E+0	 -7.526418E-10	 9.983495E-3	 5.119609E-6
-6.400000E+0	 -7.578752E-10	 9.983039E-3	 5.134988E-6
-6.600000E+0	 -7.673287E-10	 9.983385E-3	 5.148740E-6
-6.800000E+0	 -7.670753E-10	 9.982699E-3	 5.164760E-6
-7.000000E+0	 -7.843782E-10	 9.982694E-3	 5.177960E-6
-7.200000E+0	 -7.816772E-10	 9.982922E-3	 5.194458E-6
-7.400000E+0	 -7.973341E-10	 9.983160E-3	 5.207128E-6
-7.600000E+0	 -8.061968E-10	 9.982693E-3	 5.221436E-6
-7.800000E+0	 -8.156085E-10	 9.983156E-3	 5.237443E-6
-8.000000E+0	 -8.243866E-10	 9.982928E-3	 5.249743E-6
-8.200000E+0	 -8.282692E-10	 9.982693E-3	 5.264107E-6
-8.400000E+0	 -8.242173E-10	 9.982577E-3	 5.277218E-6
-8.600000E+0	 -8.454037E-10	 9.982465E-3	 5.292312E-6
-8.800000E+0	 -8.518187E-10	 9.983039E-3	 5.304300E-6
-9.000000E+0	 -8.616095E-10	 9.983390E-3	 5.315849E-6
-9.200000E+0	 -8.521563E-10	 9.982926E-3	 5.329553E-6
-9.400000E+0	 -8.753254E-10	 9.983152E-3	 5.344581E-6
-9.600000E+0	 -8.807695E-10	 9.982574E-3	 5.356481E-6
-9.800000E+0	 -8.922909E-10	 9.982915E-3	 5.371055E-6
-1.000000E+1	 -8.942744E-10	 9.982691E-3	 5.384133E-6
-9.800000E+0	 -6.269620E-10	 9.982117E-3	 5.353726E-6
-9.600000E+0	 -5.380406E-10	 9.982816E-3	 5.324798E-6
-9.400000E+0	 -4.967239E-10	 9.982467E-3	 5.293559E-6
-9.200000E+0	 -4.506807E-10	 9.982468E-3	 5.265827E-6
-9.000000E+0	 -3.926941E-10	 9.982353E-3	 5.237532E-6
-8.800000E+0	 -3.766992E-10	 9.982571E-3	 5.207878E-6
-8.600000E+0	 -3.258026E-10	 9.982571E-3	 5.178437E-6
-8.400000E+0	 -3.201896E-10	 9.982816E-3	 5.150112E-6
-8.200000E+0	 -2.895926E-10	 9.982688E-3	 5.121330E-6
-8.000000E+0	 -2.627938E-10	 9.982928E-3	 5.095800E-6
-7.800000E+0	 -2.438870E-10	 9.982693E-3	 5.063360E-6
-7.600000E+0	 -2.170459E-10	 9.983045E-3	 5.038346E-6
-7.400000E+0	 -1.894454E-10	 9.983045E-3	 5.009242E-6
-7.200000E+0	 -1.728607E-10	 9.982917E-3	 4.983368E-6
-7.000000E+0	 -1.665728E-10	 9.982810E-3	 4.954562E-6
-6.800000E+0	 -1.339520E-10	 9.982929E-3	 4.928662E-6
-6.600000E+0	 -1.234863E-10	 9.983267E-3	 4.902279E-6
-6.400000E+0	 -1.036100E-10	 9.982926E-3	 4.873663E-6
-6.200000E+0	 -8.580147E-11	 9.983045E-3	 4.847678E-6
-6.000000E+0	 -6.487010E-11	 9.982234E-3	 4.819732E-6
-5.800000E+0	 -5.360265E-11	 9.982812E-3	 4.795382E-6
-5.600000E+0	 -3.655369E-11	 9.982929E-3	 4.767639E-6
-5.400000E+0	 -2.203684E-11	 9.982929E-3	 4.740574E-6
-5.200000E+0	 -2.292301E-11	 9.983383E-3	 4.712898E-6
-5.000000E+0	 3.747724E-12	 9.983034E-3	 4.687023E-6
-4.800000E+0	 1.860205E-11	 9.983150E-3	 4.661515E-6
-4.600000E+0	 2.434120E-11	 9.983042E-3	 4.633284E-6
-4.400000E+0	 5.075868E-11	 9.983272E-3	 4.607777E-6
-4.200000E+0	 6.016918E-11	 9.983392E-3	 4.580235E-6
-4.000000E+0	 6.481132E-11	 9.983731E-3	 4.557014E-6
-3.800000E+0	 8.240900E-11	 9.983504E-3	 4.526005E-6
-3.600000E+0	 8.532072E-11	 9.983504E-3	 4.500964E-6
-3.400000E+0	 9.709450E-11	 9.983734E-3	 4.476037E-6
-3.200000E+0	 1.234275E-10	 9.983734E-3	 4.450579E-6
-3.000000E+0	 1.172241E-10	 9.983270E-3	 4.423107E-6
-2.800000E+0	 1.365519E-10	 9.982917E-3	 4.396607E-6
-2.600000E+0	 1.404765E-10	 9.983390E-3	 4.371983E-6
-2.400000E+0	 1.681177E-10	 9.982925E-3	 4.344816E-6
-2.200000E+0	 1.655012E-10	 9.983156E-3	 4.317249E-6
-2.000000E+0	 1.811998E-10	 9.983272E-3	 4.291832E-6
-1.800000E+0	 2.042833E-10	 9.983501E-3	 4.267527E-6
-1.600000E+0	 1.993879E-10	 9.983501E-3	 4.239453E-6
-1.400000E+0	 2.003587E-10	 9.983962E-3	 4.213812E-6
-1.200000E+0	 2.221342E-10	 9.983967E-3	 4.186788E-6
-9.999999E-1	 2.447113E-10	 9.983852E-3	 4.158879E-6
-7.999998E-1	 2.458505E-10	 9.983612E-3	 4.136600E-6
-5.999998E-1	 2.580467E-10	 9.983279E-3	 4.107882E-6
-3.999999E-1	 2.763613E-10	 9.983502E-3	 4.080799E-6
-1.999999E-1	 2.722682E-10	 9.983621E-3	 4.058857E-6
1.490116E-7	 2.830713E-10	 9.983272E-3	 4.031648E-6
2.000002E-1	 2.943814E-10	 9.983380E-3	 4.005514E-6
4.000002E-1	 3.040873E-10	 9.983621E-3	 3.978441E-6
6.000001E-1	 3.140884E-10	 9.984081E-3	 3.953177E-6
8.000002E-1	 3.095311E-10	 9.983961E-3	 3.928977E-6
1.000000E+0	 3.338385E-10	 9.983390E-3	 3.901685E-6
1.200000E+0	 3.305469E-10	 9.983847E-3	 3.875360E-6
1.400000E+0	 3.342182E-10	 9.983275E-3	 3.850700E-6
1.600000E+0	 3.532082E-10	 9.983504E-3	 3.826007E-6
1.800000E+0	 3.691601E-10	 9.983267E-3	 3.799979E-6
2.000000E+0	 3.748571E-10	 9.982581E-3	 3.775156E-6
2.200000E+0	 3.842257E-10	 9.983495E-3	 3.747499E-6
2.400000E+0	 3.897120E-10	 9.982808E-3	 3.721402E-6
2.600000E+0	 4.103903E-10	 9.983273E-3	 3.696902E-6
2.800000E+0	 4.041023E-10	 9.983734E-3	 3.672191E-6
3.000000E+0	 4.127107E-10	 9.983495E-3	 3.647213E-6
3.200000E+0	 4.195896E-10	 9.983389E-3	 3.622596E-6
3.400000E+0	 4.334314E-10	 9.983497E-3	 3.600351E-6
3.600000E+0	 4.517040E-10	 9.983391E-3	 3.575767E-6
3.800000E+0	 4.552912E-10	 9.983961E-3	 3.553852E-6
4.000000E+0	 4.583295E-10	 9.983273E-3	 3.530972E-6
4.200000E+0	 4.701453E-10	 9.983383E-3	 3.503381E-6
4.400000E+0	 4.843248E-10	 9.983392E-3	 3.479307E-6
4.600000E+0	 4.934821E-10	 9.983503E-3	 3.456287E-6
4.800000E+0	 5.096873E-10	 9.983392E-3	 3.433910E-6
5.000000E+0	 5.059738E-10	 9.983388E-3	 3.407098E-6
5.200000E+0	 5.180431E-10	 9.983041E-3	 3.383878E-6
5.400000E+0	 5.331083E-10	 9.983613E-3	 3.361504E-6
5.600000E+0	 5.422657E-10	 9.984083E-3	 3.336912E-6
5.800000E+0	 5.492711E-10	 9.983851E-3	 3.314386E-6
6.000000E+0	 5.498617E-10	 9.983621E-3	 3.291375E-6
6.200000E+0	 5.655181E-10	 9.983384E-3	 3.269458E-6
6.400000E+0	 5.771654E-10	 9.983734E-3	 3.247587E-6
6.600000E+0	 5.821028E-10	 9.983039E-3	 3.221404E-6
6.800000E+0	 5.951003E-10	 9.983497E-3	 3.197555E-6
7.000000E+0	 6.032876E-10	 9.983737E-3	 3.174683E-6
7.200000E+0	 6.053552E-10	 9.983043E-3	 3.152103E-6
7.400000E+0	 6.086470E-10	 9.983618E-3	 3.127036E-6
7.600000E+0	 6.152304E-10	 9.983152E-3	 3.097596E-6
7.800000E+0	 6.267933E-10	 9.983390E-3	 3.071544E-6
8.000000E+0	 6.503830E-10	 9.983273E-3	 3.049010E-6
8.200000E+0	 6.576414E-10	 9.983965E-3	 3.024029E-6
8.400001E+0	 6.649845E-10	 9.983851E-3	 2.998987E-6
8.600000E+0	 6.726649E-10	 9.983392E-3	 2.974263E-6
8.800000E+0	 6.860424E-10	 9.983962E-3	 2.947761E-6
9.000000E+0	 6.835107E-10	 9.983737E-3	 2.923123E-6
9.200001E+0	 6.957909E-10	 9.984083E-3	 2.895841E-6
9.400001E+0	 6.921612E-10	 9.984083E-3	 2.871029E-6
9.600000E+0	 7.063830E-10	 9.983385E-3	 2.845337E-6
9.800000E+0	 7.146548E-10	 9.983966E-3	 2.819853E-6
1.000000E+1	 7.194226E-10	 9.983955E-3	 2.794630E-6
1.020000E+1	 7.309012E-10	 9.983848E-3	 2.769179E-6
1.040000E+1	 7.277784E-10	 9.984195E-3	 2.744917E-6
1.060000E+1	 7.513267E-10	 9.984306E-3	 2.720313E-6
1.080000E+1	 7.484144E-10	 9.984431E-3	 2.690351E-6
1.100000E+1	 7.718782E-10	 9.983970E-3	 2.664645E-6
1.120000E+1	 7.778275E-10	 9.983969E-3	 2.641284E-6
1.140000E+1	 7.821745E-10	 9.983621E-3	 2.611743E-6
1.160000E+1	 7.958477E-10	 9.983621E-3	 2.588241E-6
1.180000E+1	 8.094782E-10	 9.983737E-3	 2.563600E-6
1.200000E+1	 8.178341E-10	 9.983731E-3	 2.538351E-6
1.220000E+1	 8.224760E-10	 9.983608E-3	 2.515190E-6
1.240000E+1	 8.274135E-10	 9.983616E-3	 2.488843E-6
1.260000E+1	 8.378789E-10	 9.984196E-3	 2.463971E-6
1.280000E+1	 8.504969E-10	 9.983731E-3	 2.438915E-6
1.300000E+1	 8.553078E-10	 9.984196E-3	 2.413791E-6
1.320000E+1	 8.569959E-10	 9.983498E-3	 2.389826E-6
1.340000E+1	 8.718505E-10	 9.983734E-3	 2.363651E-6
1.360000E+1	 8.792782E-10	 9.984081E-3	 2.340715E-6
1.380000E+1	 8.820211E-10	 9.983966E-3	 2.315842E-6
1.400000E+1	 8.924020E-10	 9.983855E-3	 2.291199E-6
1.420000E+1	 9.064968E-10	 9.983500E-3	 2.266330E-6
1.440000E+1	 9.070031E-10	 9.984077E-3	 2.241571E-6
1.460000E+1	 9.120678E-10	 9.983738E-3	 2.217326E-6
1.480000E+1	 9.224063E-10	 9.983966E-3	 2.192452E-6
1.500000E+1	 9.369650E-10	 9.983502E-3	 2.168726E-6
1.520000E+1	 9.304667E-10	 9.983384E-3	 2.143275E-6
1.540000E+1	 9.479793E-10	 9.984315E-3	 2.118422E-6
1.560000E+1	 9.568841E-10	 9.983385E-3	 2.095893E-6
1.580000E+1	 9.566313E-10	 9.983969E-3	 2.071015E-6
1.600000E+1	 9.747351E-10	 9.983271E-3	 2.047641E-6
1.620000E+1	 9.684468E-10	 9.983390E-3	 2.023979E-6
1.640000E+1	 9.880284E-10	 9.983970E-3	 1.999023E-6
1.660000E+1	 9.895472E-10	 9.984085E-3	 1.975292E-6
1.680000E+1	 1.003135E-9	 9.984192E-3	 1.951912E-6
1.700000E+1	 1.009803E-9	 9.984200E-3	 1.928112E-6
1.720000E+1	 1.008875E-9	 9.984079E-3	 1.904556E-6
1.740000E+1	 1.025966E-9	 9.983737E-3	 1.882509E-6
1.760000E+1	 1.038500E-9	 9.984082E-3	 1.858224E-6
1.780000E+1	 1.033690E-9	 9.984082E-3	 1.834516E-6
1.800000E+1	 1.055337E-9	 9.983840E-3	 1.814036E-6
1.820000E+1	 1.045842E-9	 9.983967E-3	 1.787818E-6
1.840000E+1	 1.068166E-9	 9.983965E-3	 1.765502E-6
1.860000E+1	 1.082177E-9	 9.983965E-3	 1.743049E-6
1.880000E+1	 1.088379E-9	 9.984086E-3	 1.721206E-6
1.900000E+1	 1.093993E-9	 9.984654E-3	 1.700141E-6
1.920000E+1	 1.104458E-9	 9.984083E-3	 1.678198E-6
1.940000E+1	 1.108299E-9	 9.984309E-3	 1.656337E-6
1.960000E+1	 1.109522E-9	 9.984893E-3	 1.636424E-6
1.980000E+1	 1.128386E-9	 9.984427E-3	 1.615546E-6
2.000000E+1	 1.135560E-9	 9.984431E-3	 1.595153E-6
2.020000E+1	 1.132817E-9	 9.984661E-3	 1.570151E-6
2.040000E+1	 1.140497E-9	 9.984433E-3	 1.552333E-6
2.060000E+1	 1.161218E-9	 9.984202E-3	 1.533103E-6
2.080000E+1	 1.173414E-9	 9.984088E-3	 1.509080E-6
2.100000E+1	 1.181010E-9	 9.984896E-3	 1.491631E-6
2.120000E+1	 1.194134E-9	 9.984314E-3	 1.473986E-6
2.140000E+1	 1.198776E-9	 9.984426E-3	 1.451112E-6
2.160000E+1	 1.200549E-9	 9.984203E-3	 1.434636E-6
2.180000E+1	 1.233635E-9	 9.984538E-3	 1.416571E-6
2.200000E+1	 1.231102E-9	 9.984422E-3	 1.398959E-6
2.220000E+1	 1.235997E-9	 9.984192E-3	 1.383506E-6
2.240000E+1	 1.237516E-9	 9.984427E-3	 1.365658E-6
2.260000E+1	 1.238740E-9	 9.984196E-3	 1.350102E-6
2.280000E+1	 1.269040E-9	 9.984436E-3	 1.334216E-6
2.300000E+1	 1.260094E-9	 9.983624E-3	 1.318851E-6
2.320000E+1	 1.257983E-9	 9.984539E-3	 1.304327E-6
2.340000E+1	 1.270306E-9	 9.983968E-3	 1.289331E-6
2.360000E+1	 1.281827E-9	 9.984431E-3	 1.274664E-6
2.380000E+1	 1.294486E-9	 9.983734E-3	 1.260817E-6
2.400000E+1	 1.304362E-9	 9.984432E-3	 1.247496E-6
2.420000E+1	 1.300605E-9	 9.984659E-3	 1.234264E-6
2.440000E+1	 1.309172E-9	 9.984897E-3	 1.221798E-6
2.460000E+1	 1.333649E-9	 9.984546E-3	 1.209318E-6
2.480000E+1	 1.323436E-9	 9.984664E-3	 1.197505E-6
2.500000E+1	 1.328542E-9	 9.984427E-3	 1.185787E-6
2.520000E+1	 1.326939E-9	 9.984547E-3	 1.174856E-6
2.540000E+1	 1.353483E-9	 9.984198E-3	 1.164071E-6
2.560000E+1	 1.351119E-9	 9.984659E-3	 1.154032E-6
2.580000E+1	 1.264692E-9	 9.984544E-3	 1.143376E-6
2.600000E+1	 1.377622E-9	 9.984664E-3	 1.135157E-6
2.620000E+1	 1.377958E-9	 9.984778E-3	 1.127550E-6
2.640000E+1	 1.383192E-9	 9.984895E-3	 1.117323E-6
2.660000E+1	 1.388467E-9	 9.984546E-3	 1.110191E-6
2.680000E+1	 1.405389E-9	 9.984547E-3	 1.102644E-6
2.700000E+1	 1.417543E-9	 9.984782E-3	 1.096428E-6
2.720000E+1	 1.415854E-9	 9.984547E-3	 1.090076E-6
2.740000E+1	 1.444931E-9	 9.984314E-3	 1.084093E-6
2.760000E+1	 1.434676E-9	 9.984200E-3	 1.078893E-6
2.780000E+1	 1.435520E-9	 9.984777E-3	 1.074082E-6
2.800000E+1	 1.458138E-9	 9.984657E-3	 1.069140E-6
2.820000E+1	 1.460207E-9	 9.985127E-3	 1.065280E-6
2.840000E+1	 1.478944E-9	 9.985356E-3	 1.060620E-6
2.860000E+1	 1.481181E-9	 9.985125E-3	 1.057394E-6
2.880000E+1	 1.476920E-9	 9.984896E-3	 1.054501E-6
2.900000E+1	 1.498272E-9	 9.985121E-3	 1.051296E-6
2.920000E+1	 1.506880E-9	 9.984887E-3	 1.049196E-6
2.940000E+1	 1.508611E-9	 9.984551E-3	 1.047235E-6
2.960000E+1	 1.517557E-9	 9.984204E-3	 1.046743E-6
2.980000E+1	 1.537687E-9	 9.984540E-3	 1.045326E-6
3.000000E+1	 1.537729E-9	 9.984890E-3	 1.044309E-6
3.020000E+1	 1.544270E-9	 9.985242E-3	 1.044642E-6
3.040000E+1	 1.536083E-9	 9.984884E-3	 1.044499E-6
3.060000E+1	 1.581829E-9	 9.985127E-3	 1.044736E-6
3.080000E+1	 1.570309E-9	 9.985004E-3	 1.045790E-6
3.100000E+1	 1.573684E-9	 9.985239E-3	 1.046462E-6
3.120000E+1	 1.578960E-9	 9.984434E-3	 1.048199E-6
3.140000E+1	 1.598498E-9	 9.984659E-3	 1.049462E-6
3.160000E+1	 1.607106E-9	 9.984433E-3	 1.051295E-6
3.180000E+1	 1.601072E-9	 9.984890E-3	 1.052788E-6
3.200000E+1	 1.624747E-9	 9.984547E-3	 1.055316E-6
3.220000E+1	 1.630781E-9	 9.984198E-3	 1.058604E-6
3.240000E+1	 1.626392E-9	 9.984434E-3	 1.061041E-6
3.260000E+1	 1.635254E-9	 9.984543E-3	 1.063709E-6
3.280000E+1	 1.631035E-9	 9.984318E-3	 1.067575E-6
3.300000E+1	 1.653739E-9	 9.983961E-3	 1.070400E-6
3.320000E+1	 1.727040E-9	 9.983500E-3	 1.074059E-6
3.340000E+1	 1.663318E-9	 9.984196E-3	 1.077773E-6
3.360000E+1	 1.689775E-9	 9.984076E-3	 1.082208E-6
3.380000E+1	 1.678931E-9	 9.984200E-3	 1.086267E-6
3.400000E+1	 1.680409E-9	 9.984888E-3	 1.091423E-6
3.420000E+1	 1.705434E-9	 9.984646E-3	 1.095609E-6
3.440000E+1	 1.713452E-9	 9.984431E-3	 1.100478E-6
3.460000E+1	 1.724551E-9	 9.985127E-3	 1.105374E-6
3.480000E+1	 1.728813E-9	 9.984082E-3	 1.110589E-6
3.500000E+1	 1.735227E-9	 9.984433E-3	 1.115274E-6
3.480000E+1	 1.456410E-9	 9.984667E-3	 1.100167E-6
3.460000E+1	 1.378466E-9	 9.984544E-3	 1.084995E-6
3.440000E+1	 1.323942E-9	 9.985011E-3	 1.075146E-6
3.420000E+1	 1.299466E-9	 9.984657E-3	 1.062913E-6
3.400000E+1	 1.242116E-9	 9.984432E-3	 1.052830E-6
3.380000E+1	 1.202869E-9	 9.984893E-3	 1.044021E-6
3.360000E+1	 1.175059E-9	 9.985008E-3	 1.036434E-6
3.340000E+1	 1.134337E-9	 9.985458E-3	 1.029920E-6
3.320000E+1	 1.117372E-9	 9.984774E-3	 1.024880E-6
3.300000E+1	 1.107835E-9	 9.984773E-3	 1.022077E-6
3.280000E+1	 1.076944E-9	 9.985232E-3	 1.019128E-6
3.260000E+1	 1.033858E-9	 9.984774E-3	 1.018896E-6
3.240000E+1	 1.019087E-9	 9.984891E-3	 1.018837E-6
3.220000E+1	 1.010140E-9	 9.984422E-3	 1.020348E-6
3.200000E+1	 9.808964E-10	 9.984892E-3	 1.023100E-6
3.180000E+1	 9.670964E-10	 9.984544E-3	 1.028105E-6
3.160000E+1	 9.526643E-10	 9.985006E-3	 1.034112E-6
3.140000E+1	 9.288631E-10	 9.984776E-3	 1.041259E-6
3.120000E+1	 9.154009E-10	 9.984777E-3	 1.049957E-6
3.100000E+1	 8.988590E-10	 9.985011E-3	 1.059567E-6
3.080000E+1	 8.902494E-10	 9.985232E-3	 1.071216E-6
3.060000E+1	 8.710920E-10	 9.984543E-3	 1.084251E-6
3.040000E+1	 8.487244E-10	 9.985006E-3	 1.098057E-6
3.020000E+1	 8.350945E-10	 9.984885E-3	 1.113680E-6
3.000000E+1	 8.248393E-10	 9.984657E-3	 1.130413E-6
2.980000E+1	 8.129817E-10	 9.984546E-3	 1.148043E-6
2.960000E+1	 7.972405E-10	 9.985002E-3	 1.166230E-6
2.940000E+1	 7.837361E-10	 9.985008E-3	 1.185879E-6
2.920000E+1	 7.742834E-10	 9.984316E-3	 1.206867E-6
2.900000E+1	 7.712877E-10	 9.984082E-3	 1.228313E-6
2.880000E+1	 7.511577E-10	 9.984664E-3	 1.251395E-6
2.860000E+1	 7.318718E-10	 9.984312E-3	 1.274169E-6
2.840000E+1	 7.265551E-10	 9.984541E-3	 1.298365E-6
2.820000E+1	 7.205626E-10	 9.984774E-3	 1.324368E-6
2.800000E+1	 6.989136E-10	 9.985126E-3	 1.349745E-6
2.780000E+1	 6.829617E-10	 9.984193E-3	 1.376627E-6
2.760000E+1	 6.772229E-10	 9.984200E-3	 1.402653E-6
2.740000E+1	 6.676432E-10	 9.984199E-3	 1.430925E-6
2.720000E+1	 6.513959E-10	 9.984549E-3	 1.459402E-6
2.700000E+1	 6.558690E-10	 9.983968E-3	 1.486839E-6
2.680000E+1	 6.425339E-10	 9.983965E-3	 1.514649E-6
2.660000E+1	 6.317306E-10	 9.984307E-3	 1.547912E-6
2.640000E+1	 6.117277E-10	 9.984655E-3	 1.577290E-6
2.620000E+1	 6.062837E-10	 9.983966E-3	 1.606356E-6
2.600000E+1	 5.885600E-10	 9.984082E-3	 1.634530E-6
2.580000E+1	 5.887709E-10	 9.984543E-3	 1.670246E-6
2.560000E+1	 5.817652E-10	 9.984543E-3	 1.699135E-6
2.540000E+1	 5.523096E-10	 9.984657E-3	 1.730449E-6
2.520000E+1	 5.469501E-10	 9.984774E-3	 1.760556E-6
2.500000E+1	 5.337418E-10	 9.983968E-3	 1.791097E-6
2.480000E+1	 5.309986E-10	 9.984430E-3	 1.821907E-6
2.460000E+1	 5.139498E-10	 9.984195E-3	 1.852221E-6
2.440000E+1	 5.137812E-10	 9.984313E-3	 1.882920E-6
2.420000E+1	 5.010783E-10	 9.984202E-3	 1.913956E-6
2.400000E+1	 5.036104E-10	 9.984422E-3	 1.945031E-6
2.380000E+1	 4.762650E-10	 9.984081E-3	 1.976441E-6
2.360000E+1	 4.864777E-10	 9.984198E-3	 2.007960E-6
2.340000E+1	 4.755472E-10	 9.983506E-3	 2.038435E-6
2.320000E+1	 4.578652E-10	 9.983614E-3	 2.070467E-6
2.300000E+1	 4.410277E-10	 9.983506E-3	 2.100481E-6
2.280000E+1	 4.333892E-10	 9.983967E-3	 2.132296E-6
2.260000E+1	 4.281986E-10	 9.984541E-3	 2.163720E-6
2.240000E+1	 4.171002E-10	 9.983957E-3	 2.193751E-6
2.220000E+1	 4.062543E-10	 9.983851E-3	 2.223637E-6
2.200000E+1	 4.026675E-10	 9.984659E-3	 2.253738E-6
2.180000E+1	 3.885728E-10	 9.985006E-3	 2.284813E-6
2.160000E+1	 3.801326E-10	 9.984892E-3	 2.314589E-6
2.140000E+1	 3.819046E-10	 9.984890E-3	 2.349989E-6
2.120000E+1	 3.843950E-10	 9.984661E-3	 2.380429E-6
2.100000E+1	 3.476382E-10	 9.984308E-3	 2.408751E-6
2.080000E+1	 3.362018E-10	 9.984431E-3	 2.438534E-6
2.060000E+1	 3.275505E-10	 9.984777E-3	 2.467532E-6
2.040000E+1	 3.302091E-10	 9.984547E-3	 2.497402E-6
2.020000E+1	 3.187307E-10	 9.984415E-3	 2.527627E-6
2.000000E+1	 3.131606E-10	 9.984434E-3	 2.555741E-6
1.980000E+1	 3.023150E-10	 9.984203E-3	 2.585247E-6
1.960000E+1	 2.931574E-10	 9.984543E-3	 2.614709E-6
1.940000E+1	 2.796112E-10	 9.984433E-3	 2.642381E-6
1.920000E+1	 2.860256E-10	 9.984312E-3	 2.671223E-6
1.900000E+1	 2.702428E-10	 9.984543E-3	 2.698685E-6
1.880000E+1	 2.628577E-10	 9.984310E-3	 2.726926E-6
1.860000E+1	 2.516745E-10	 9.984659E-3	 2.754914E-6
1.840000E+1	 2.534048E-10	 9.983848E-3	 2.782052E-6
1.820000E+1	 2.370309E-10	 9.984661E-3	 2.809710E-6
1.800000E+1	 2.286333E-10	 9.984199E-3	 2.838389E-6
1.780000E+1	 2.207840E-10	 9.985125E-3	 2.865968E-6
1.760000E+1	 2.060982E-10	 9.984307E-3	 2.891484E-6
1.740000E+1	 2.023423E-10	 9.984893E-3	 2.918727E-6
1.720000E+1	 1.994304E-10	 9.984663E-3	 2.947007E-6
1.700000E+1	 1.868127E-10	 9.984893E-3	 2.973405E-6
1.680000E+1	 1.781616E-10	 9.984543E-3	 3.000089E-6
1.660000E+1	 1.678225E-10	 9.984762E-3	 3.026177E-6
1.640000E+1	 1.526726E-10	 9.985010E-3	 3.053489E-6
1.620000E+1	 1.523774E-10	 9.985006E-3	 3.084661E-6
1.600000E+1	 1.453719E-10	 9.984657E-3	 3.109191E-6
1.580000E+1	 1.353704E-10	 9.984893E-3	 3.132925E-6
1.560000E+1	 1.139328E-10	 9.984540E-3	 3.160058E-6
1.540000E+1	 1.183639E-10	 9.984660E-3	 3.183782E-6
1.520000E+1	 9.506915E-11	 9.984660E-3	 3.208998E-6
1.500000E+1	 1.073071E-10	 9.985000E-3	 3.239345E-6
1.480000E+1	 9.127113E-11	 9.984890E-3	 3.262009E-6
1.460000E+1	 7.190132E-11	 9.985109E-3	 3.286270E-6
1.440000E+1	 7.223880E-11	 9.985235E-3	 3.309551E-6
1.420000E+1	 6.135106E-11	 9.984545E-3	 3.334644E-6
1.400000E+1	 4.518833E-11	 9.984890E-3	 3.359670E-6
1.380000E+1	 5.700443E-11	 9.985008E-3	 3.383405E-6
1.360000E+1	 3.088234E-11	 9.985007E-3	 3.406969E-6
1.340000E+1	 3.603089E-11	 9.985005E-3	 3.430587E-6
1.320000E+1	 2.332867E-11	 9.984082E-3	 3.452745E-6
1.300000E+1	 2.514315E-11	 9.985110E-3	 3.476570E-6
1.280000E+1	 2.650533E-12	 9.984780E-3	 3.497606E-6
1.260000E+1	 3.114578E-12	 9.985004E-3	 3.527586E-6
1.240000E+1	 -2.371395E-12	 9.985121E-3	 3.548103E-6
1.220000E+1	 -2.912627E-11	 9.984774E-3	 3.571435E-6
1.200000E+1	 -4.119557E-11	 9.984422E-3	 3.595199E-6
1.180000E+1	 -2.752261E-11	 9.984773E-3	 3.617664E-6
1.160000E+1	 4.793133E-11	 9.984890E-3	 3.640035E-6
1.140000E+1	 -5.647219E-11	 9.985008E-3	 3.660924E-6
1.120000E+1	 -6.128305E-11	 9.984661E-3	 3.681295E-6
1.100000E+1	 -6.364619E-11	 9.984314E-3	 3.704400E-6
1.080000E+1	 -7.807861E-11	 9.984886E-3	 3.726077E-6
1.060000E+1	 -8.609678E-11	 9.984427E-3	 3.748279E-6
1.040000E+1	 -9.639364E-11	 9.984658E-3	 3.769683E-6
1.020000E+1	 -1.150462E-10	 9.984199E-3	 3.791218E-6
1.000000E+1	 -9.757534E-11	 9.984775E-3	 3.813281E-6
9.800000E+0	 -1.034411E-10	 9.984427E-3	 3.832606E-6
9.600000E+0	 -1.146664E-10	 9.984544E-3	 3.860150E-6
9.400001E+0	 -1.323062E-10	 9.984196E-3	 3.878607E-6
9.200001E+0	 -1.502413E-10	 9.983965E-3	 3.901573E-6
9.000000E+0	 -1.536173E-10	 9.984308E-3	 3.920258E-6
8.800000E+0	 -1.554741E-10	 9.984315E-3	 3.941258E-6
8.600000E+0	 -1.583859E-10	 9.984544E-3	 3.959518E-6
8.400001E+0	 -1.631124E-10	 9.984547E-3	 3.984155E-6
8.200000E+0	 -1.880950E-10	 9.984310E-3	 4.004898E-6
8.000000E+0	 -1.893188E-10	 9.983966E-3	 4.023381E-6
7.800000E+0	 -1.979703E-10	 9.983967E-3	 4.040288E-6
7.600000E+0	 -2.001226E-10	 9.983961E-3	 4.066067E-6
7.400000E+0	 -2.287361E-10	 9.984429E-3	 4.086515E-6
7.200000E+0	 -2.450264E-10	 9.984887E-3	 4.103856E-6
7.000000E+0	 -2.476852E-10	 9.984193E-3	 4.123035E-6
6.800000E+0	 -2.418612E-10	 9.984653E-3	 4.138739E-6
6.600000E+0	 -2.498798E-10	 9.984541E-3	 4.157018E-6
6.400000E+0	 -2.610635E-10	 9.983964E-3	 4.174822E-6
6.200000E+0	 -2.589956E-10	 9.984312E-3	 4.190962E-6
6.000000E+0	 -2.681958E-10	 9.984309E-3	 4.208782E-6
5.800000E+0	 -2.810255E-10	 9.984653E-3	 4.224354E-6
5.600000E+0	 -2.906477E-10	 9.984425E-3	 4.242977E-6
5.400000E+0	 -2.979910E-10	 9.984302E-3	 4.258812E-6
5.200000E+0	 -3.044058E-10	 9.984314E-3	 4.275437E-6
5.000000E+0	 -3.202319E-10	 9.984661E-3	 4.291750E-6
4.800000E+0	 -3.245365E-10	 9.984416E-3	 4.306935E-6
4.600000E+0	 -3.263935E-10	 9.984196E-3	 4.324730E-6
4.400000E+0	 -3.373663E-10	 9.984312E-3	 4.341448E-6
4.200000E+0	 -3.416288E-10	 9.983967E-3	 4.358488E-6
4.000000E+0	 -3.526015E-10	 9.984077E-3	 4.376924E-6
3.800000E+0	 -3.550493E-10	 9.984314E-3	 4.393650E-6
3.600000E+0	 -3.515464E-10	 9.984198E-3	 4.416152E-6
3.400000E+0	 -3.761929E-10	 9.984427E-3	 4.431955E-6
3.200000E+0	 -3.868701E-10	 9.984195E-3	 4.447082E-6
3.000000E+0	 -3.980118E-10	 9.984312E-3	 4.467697E-6
2.800000E+0	 -4.059881E-10	 9.984310E-3	 4.485489E-6
2.600000E+0	 -4.026963E-10	 9.984314E-3	 4.501229E-6
2.400000E+0	 -4.063679E-10	 9.983733E-3	 4.518315E-6
2.200000E+0	 -4.281866E-10	 9.984429E-3	 4.535194E-6
2.000000E+0	 -4.381467E-10	 9.984198E-3	 4.552355E-6
1.800000E+0	 -4.420294E-10	 9.983849E-3	 4.568363E-6
1.600000E+0	 -3.575392E-10	 9.984199E-3	 4.586262E-6
1.400000E+0	 -4.507652E-10	 9.984082E-3	 4.602962E-6
1.200000E+0	 -4.578975E-10	 9.984072E-3	 4.619421E-6
1.000000E+0	 -4.744834E-10	 9.984310E-3	 4.638428E-6
8.000002E-1	 -4.735970E-10	 9.984077E-3	 4.656935E-6
6.000001E-1	 -4.763824E-10	 9.984313E-3	 4.670403E-6
4.000002E-1	 -4.951206E-10	 9.984312E-3	 4.688566E-6
2.000002E-1	 -4.987499E-10	 9.984200E-3	 4.705566E-6
1.490116E-7	 -5.036873E-10	 9.984427E-3	 4.723904E-6
-1.999999E-1	 -5.151666E-10	 9.984316E-3	 4.737145E-6
-3.999999E-1	 -5.173611E-10	 9.983613E-3	 4.756963E-6
-5.999998E-1	 -5.154621E-10	 9.983963E-3	 4.773294E-6
-7.999998E-1	 -5.491401E-10	 9.984079E-3	 4.789800E-6
-9.999999E-1	 -5.510391E-10	 9.983961E-3	 4.805571E-6
-1.200000E+0	 -5.504483E-10	 9.984429E-3	 4.821937E-6
-1.400000E+0	 -5.613789E-10	 9.984544E-3	 4.835970E-6
-1.600000E+0	 -5.676667E-10	 9.983965E-3	 4.853558E-6
-1.800000E+0	 -5.749682E-10	 9.984536E-3	 4.871662E-6
-2.000000E+0	 -5.893169E-10	 9.984312E-3	 4.885804E-6
-2.200000E+0	 -5.928620E-10	 9.984312E-3	 4.901439E-6
-2.400000E+0	 -5.959428E-10	 9.984307E-3	 4.917041E-6
-2.600000E+0	 -6.101231E-10	 9.983159E-3	 4.934521E-6
-2.800000E+0	 -6.265400E-10	 9.984079E-3	 4.949277E-6
-3.000000E+0	 -6.329544E-10	 9.983502E-3	 4.963712E-6
-3.200000E+0	 -6.337144E-10	 9.984193E-3	 4.980760E-6
-3.400000E+0	 -6.500466E-10	 9.984079E-3	 4.995198E-6
-3.600000E+0	 -6.452780E-10	 9.984427E-3	 5.010545E-6
-3.800000E+0	 -6.573480E-10	 9.983852E-3	 5.025824E-6
-4.000000E+0	 -6.700510E-10	 9.983620E-3	 5.042250E-6
-4.200000E+0	 -6.738491E-10	 9.983618E-3	 5.053921E-6
-4.400000E+0	 -6.846110E-10	 9.983844E-3	 5.071857E-6
-4.600000E+0	 -6.968919E-10	 9.984079E-3	 5.086757E-6
-4.800000E+0	 -6.938957E-10	 9.984310E-3	 5.102152E-6
-5.000000E+0	 -7.011547E-10	 9.984426E-3	 5.116157E-6
-5.200000E+0	 -7.017874E-10	 9.983732E-3	 5.131759E-6
-5.400000E+0	 -7.202303E-10	 9.983508E-3	 5.142942E-6
-5.600000E+0	 -7.267292E-10	 9.983851E-3	 5.157483E-6
-5.800000E+0	 -7.328487E-10	 9.984313E-3	 5.172072E-6
-6.000000E+0	 -7.430618E-10	 9.984081E-3	 5.187409E-6
-6.200000E+0	 -7.510802E-10	 9.983728E-3	 5.203286E-6
-6.400000E+0	 -7.540346E-10	 9.983617E-3	 5.217167E-6
-6.600000E+0	 -7.654715E-10	 9.983968E-3	 5.231706E-6
-6.800000E+0	 -7.691851E-10	 9.983730E-3	 5.244927E-6
-7.000000E+0	 -7.840408E-10	 9.983853E-3	 5.256815E-6
-7.200000E+0	 -7.897805E-10	 9.983607E-3	 5.271292E-6
-7.400000E+0	 -7.894849E-10	 9.983615E-3	 5.289887E-6
-7.600000E+0	 -8.015127E-10	 9.983961E-3	 5.302141E-6
-7.800000E+0	 -8.272564E-10	 9.983965E-3	 5.314698E-6
-8.000000E+0	 -8.252308E-10	 9.983844E-3	 5.329279E-6
-8.200000E+0	 -8.510169E-10	 9.983965E-3	 5.343235E-6
-8.400000E+0	 -8.532952E-10	 9.983964E-3	 5.351685E-6
-8.600000E+0	 -8.494550E-10	 9.984065E-3	 5.368871E-6
-8.800000E+0	 -8.497081E-10	 9.984083E-3	 5.384058E-6
-9.000000E+0	 -8.832597E-10	 9.984653E-3	 5.396410E-6
-9.200000E+0	 -8.831327E-10	 9.984074E-3	 5.408359E-6
-9.400000E+0	 -8.812340E-10	 9.983734E-3	 5.421361E-6
-9.600000E+0	 -9.050363E-10	 9.984076E-3	 5.431536E-6
-9.800000E+0	 -9.069355E-10	 9.984306E-3	 5.445509E-6
-1.000000E+1	 -9.110713E-10	 9.984192E-3	 5.456728E-6
-9.800000E+0	 -6.410577E-10	 9.983382E-3	 5.427206E-6
-9.600000E+0	 -5.529384E-10	 9.983610E-3	 5.400646E-6
-9.400000E+0	 -5.014931E-10	 9.983152E-3	 5.369315E-6
-9.200000E+0	 -4.511029E-10	 9.983380E-3	 5.341799E-6
-9.000000E+0	 -4.156102E-10	 9.983614E-3	 5.311145E-6
-8.800000E+0	 -3.999529E-10	 9.984543E-3	 5.285208E-6
-8.600000E+0	 -3.504491E-10	 9.984195E-3	 5.258029E-6
-8.400000E+0	 -3.256760E-10	 9.983848E-3	 5.228086E-6
-8.200000E+0	 -2.934330E-10	 9.984200E-3	 5.199557E-6
-8.000000E+0	 -2.677315E-10	 9.983730E-3	 5.172853E-6
-7.800000E+0	 -2.397511E-10	 9.984422E-3	 5.146377E-6
-7.600000E+0	 -2.232498E-10	 9.984193E-3	 5.117266E-6
-7.400000E+0	 -2.013465E-10	 9.984079E-3	 5.090983E-6
-7.200000E+0	 -1.731139E-10	 9.984659E-3	 5.065441E-6
-7.000000E+0	 -1.589768E-10	 9.984425E-3	 5.035555E-6
-6.800000E+0	 -1.465277E-10	 9.984310E-3	 5.009332E-6
-6.600000E+0	 -1.286347E-10	 9.983849E-3	 4.981878E-6
-6.400000E+0	 -1.003183E-10	 9.984188E-3	 4.956309E-6
-6.200000E+0	 -9.491668E-11	 9.984416E-3	 4.929556E-6
-6.000000E+0	 -8.369146E-11	 9.983501E-3	 4.901659E-6
-5.800000E+0	 -5.706301E-11	 9.984198E-3	 4.876037E-6
-5.600000E+0	 -4.436072E-11	 9.983737E-3	 4.847304E-6
-5.400000E+0	 -2.477976E-11	 9.983849E-3	 4.820503E-6
-5.200000E+0	 -1.211979E-11	 9.983496E-3	 4.794842E-6
-5.000000E+0	 -8.068449E-12	 9.984426E-3	 4.768928E-6
-4.800000E+0	 1.720944E-11	 9.984189E-3	 4.743983E-6
-4.600000E+0	 2.640928E-11	 9.983728E-3	 4.716953E-6
-4.400000E+0	 4.037733E-11	 9.984313E-3	 4.691141E-6
-4.200000E+0	 4.113701E-11	 9.983837E-3	 4.664503E-6
-4.000000E+0	 5.991616E-11	 9.984078E-3	 4.638486E-6
-3.800000E+0	 7.907514E-11	 9.983730E-3	 4.612339E-6
-3.600000E+0	 8.954082E-11	 9.984079E-3	 4.588309E-6
-3.400000E+0	 9.844511E-11	 9.983966E-3	 4.558965E-6
-3.200000E+0	 1.108519E-10	 9.983385E-3	 4.532847E-6
-3.000000E+0	 1.177305E-10	 9.984078E-3	 4.508106E-6
-2.800000E+0	 1.362565E-10	 9.983730E-3	 4.481805E-6
-2.600000E+0	 1.435572E-10	 9.983737E-3	 4.455186E-6
-2.400000E+0	 1.557110E-10	 9.983616E-3	 4.430284E-6
-2.200000E+0	 1.634336E-10	 9.983039E-3	 4.404159E-6
-2.000000E+0	 1.700592E-10	 9.983376E-3	 4.379018E-6
-1.800000E+0	 1.828033E-10	 9.983728E-3	 4.354432E-6
-1.600000E+0	 1.937331E-10	 9.983617E-3	 4.325301E-6
-1.400000E+0	 2.179142E-10	 9.983721E-3	 4.298008E-6
-1.200000E+0	 2.326843E-10	 9.983965E-3	 4.273967E-6
-9.999999E-1	 2.431923E-10	 9.983853E-3	 4.248559E-6
-7.999998E-1	 2.526029E-10	 9.983734E-3	 4.223346E-6
-5.999998E-1	 2.572027E-10	 9.983968E-3	 4.197049E-6
-3.999999E-1	 2.613381E-10	 9.983734E-3	 4.169518E-6
-1.999999E-1	 2.650096E-10	 9.984074E-3	 4.144203E-6
1.490116E-7	 2.725213E-10	 9.983385E-3	 4.120310E-6
2.000002E-1	 2.923555E-10	 9.984072E-3	 4.095007E-6
4.000002E-1	 3.022305E-10	 9.983734E-3	 4.067679E-6
6.000001E-1	 3.196594E-10	 9.983506E-3	 4.043756E-6
8.000002E-1	 3.162408E-10	 9.983737E-3	 4.019181E-6
1.000000E+0	 3.346403E-10	 9.983851E-3	 3.992588E-6
1.200000E+0	 3.323615E-10	 9.983383E-3	 3.966906E-6
1.400000E+0	 3.428272E-10	 9.984086E-3	 3.941012E-6
1.600000E+0	 3.475958E-10	 9.983618E-3	 3.915632E-6
1.800000E+0	 3.500435E-10	 9.983621E-3	 3.888135E-6
2.000000E+0	 3.639696E-10	 9.983847E-3	 3.862466E-6
2.200000E+0	 3.904290E-10	 9.983737E-3	 3.835904E-6
2.400000E+0	 3.980674E-10	 9.983617E-3	 3.813034E-6
2.600000E+0	 3.987850E-10	 9.983727E-3	 3.789685E-6
2.800000E+0	 4.084489E-10	 9.984200E-3	 3.764460E-6
3.000000E+0	 4.290426E-10	 9.984194E-3	 3.739097E-6
3.200000E+0	 4.544042E-10	 9.983851E-3	 3.713772E-6
3.400000E+0	 4.347816E-10	 9.983853E-3	 3.691913E-6
3.600000E+0	 4.413228E-10	 9.984081E-3	 3.666943E-6
3.800000E+0	 4.588779E-10	 9.984083E-3	 3.644990E-6
4.000000E+0	 4.659257E-10	 9.984884E-3	 3.621248E-6
4.200000E+0	 4.753788E-10	 9.984659E-3	 3.597855E-6
4.400000E+0	 4.827210E-10	 9.984766E-3	 3.576212E-6
4.600000E+0	 4.866036E-10	 9.984079E-3	 3.551340E-6
4.800000E+0	 4.951701E-10	 9.983963E-3	 3.529024E-6
5.000000E+0	 5.073665E-10	 9.984309E-3	 3.505248E-6
5.200000E+0	 5.223054E-10	 9.983608E-3	 3.480531E-6
5.400000E+0	 5.315048E-10	 9.983849E-3	 3.458922E-6
5.600000E+0	 5.375393E-10	 9.984776E-3	 3.435588E-6
5.800000E+0	 5.461062E-10	 9.984316E-3	 3.411324E-6
6.000000E+0	 5.439539E-10	 9.984424E-3	 3.389638E-6
6.200000E+0	 5.558122E-10	 9.983500E-3	 3.366498E-6
6.400000E+0	 5.634924E-10	 9.983621E-3	 3.344324E-6
6.600000E+0	 4.697234E-10	 9.983731E-3	 3.318784E-6
6.800000E+0	 5.801196E-10	 9.983620E-3	 3.295748E-6
7.000000E+0	 5.907118E-10	 9.983730E-3	 3.271258E-6
7.200000E+0	 5.990253E-10	 9.983966E-3	 3.247079E-6
7.400000E+0	 6.186909E-10	 9.983618E-3	 3.224586E-6
7.600000E+0	 6.116016E-10	 9.983616E-3	 3.199772E-6
7.800000E+0	 6.328281E-10	 9.983389E-3	 3.173460E-6
8.000000E+0	 6.279748E-10	 9.984307E-3	 3.148700E-6
8.200000E+0	 6.403399E-10	 9.983845E-3	 3.124512E-6
8.400001E+0	 6.515228E-10	 9.983383E-3	 3.099143E-6
8.600000E+0	 6.581061E-10	 9.983853E-3	 3.072707E-6
8.800000E+0	 6.732979E-10	 9.983507E-3	 3.047317E-6
9.000000E+0	 6.809789E-10	 9.983618E-3	 3.023091E-6
9.200001E+0	 6.811472E-10	 9.983159E-3	 2.997391E-6
9.400001E+0	 6.934698E-10	 9.983732E-3	 2.968726E-6
9.600000E+0	 6.944405E-10	 9.983394E-3	 2.942135E-6
9.800000E+0	 7.095904E-10	 9.984081E-3	 2.916939E-6
1.000000E+1	 7.354166E-10	 9.983737E-3	 2.891786E-6
1.020000E+1	 7.346990E-10	 9.983968E-3	 2.866542E-6
1.040000E+1	 7.420423E-10	 9.983851E-3	 2.840336E-6
1.060000E+1	 7.403122E-10	 9.983501E-3	 2.815243E-6
1.080000E+1	 7.571929E-10	 9.983378E-3	 2.791251E-6
1.100000E+1	 7.623411E-10	 9.983273E-3	 2.765500E-6
1.120000E+1	 7.697258E-10	 9.983267E-3	 2.739607E-6
1.140000E+1	 7.844537E-10	 9.984314E-3	 2.714433E-6
1.160000E+1	 7.860149E-10	 9.983036E-3	 2.688509E-6
1.180000E+1	 7.950459E-10	 9.983394E-3	 2.663641E-6
1.200000E+1	 8.019250E-10	 9.983613E-3	 2.638968E-6
1.220000E+1	 8.127703E-10	 9.984188E-3	 2.614401E-6
1.240000E+1	 8.142894E-10	 9.983737E-3	 2.584850E-6
1.260000E+1	 8.223496E-10	 9.983849E-3	 2.560714E-6
1.280000E+1	 8.464454E-10	 9.983391E-3	 2.535967E-6
1.300000E+1	 8.491889E-10	 9.983620E-3	 2.511224E-6
1.320000E+1	 8.577560E-10	 9.983739E-3	 2.486765E-6
1.340000E+1	 8.688963E-10	 9.983273E-3	 2.460897E-6
1.360000E+1	 8.824002E-10	 9.983961E-3	 2.435783E-6
1.380000E+1	 8.773362E-10	 9.983500E-3	 2.411819E-6
1.400000E+1	 8.833287E-10	 9.983503E-3	 2.383333E-6
1.420000E+1	 8.938792E-10	 9.983617E-3	 2.359264E-6
1.440000E+1	 9.159928E-10	 9.983730E-3	 2.334026E-6
1.460000E+1	 9.283978E-10	 9.983737E-3	 2.309411E-6
1.480000E+1	 9.193688E-10	 9.983504E-3	 2.284771E-6
1.500000E+1	 9.167100E-10	 9.984314E-3	 2.260225E-6
1.520000E+1	 9.379784E-10	 9.983845E-3	 2.236602E-6
1.540000E+1	 9.591624E-10	 9.983955E-3	 2.210249E-6
1.560000E+1	 9.544785E-10	 9.983622E-3	 2.186282E-6
1.580000E+1	 9.581506E-10	 9.984079E-3	 2.161073E-6
1.600000E+1	 9.695866E-10	 9.983272E-3	 2.137661E-6
1.620000E+1	 9.692067E-10	 9.984312E-3	 2.113667E-6
1.640000E+1	 9.899273E-10	 9.984079E-3	 2.089472E-6
1.660000E+1	 9.994220E-10	 9.984420E-3	 2.066172E-6
1.680000E+1	 1.001574E-9	 9.984310E-3	 2.041731E-6
1.700000E+1	 1.008959E-9	 9.984545E-3	 2.017347E-6
1.720000E+1	 1.015458E-9	 9.983737E-3	 1.994566E-6
1.740000E+1	 1.023899E-9	 9.984999E-3	 1.969790E-6
1.760000E+1	 1.034238E-9	 9.984312E-3	 1.946642E-6
1.780000E+1	 1.034491E-9	 9.984312E-3	 1.923317E-6
1.800000E+1	 1.055169E-9	 9.984195E-3	 1.900062E-6
1.820000E+1	 1.048459E-9	 9.984313E-3	 1.876752E-6
1.840000E+1	 1.068335E-9	 9.984314E-3	 1.853709E-6
1.860000E+1	 1.067196E-9	 9.983855E-3	 1.831416E-6
1.880000E+1	 1.082092E-9	 9.984310E-3	 1.808217E-6
1.900000E+1	 1.096609E-9	 9.984541E-3	 1.784283E-6
1.920000E+1	 1.084413E-9	 9.984316E-3	 1.762412E-6
1.940000E+1	 1.107244E-9	 9.984432E-3	 1.740845E-6
1.960000E+1	 1.103530E-9	 9.984431E-3	 1.719226E-6
1.980000E+1	 1.123997E-9	 9.984543E-3	 1.697673E-6
2.000000E+1	 1.127416E-9	 9.985000E-3	 1.671710E-6
2.020000E+1	 1.133155E-9	 9.984893E-3	 1.652129E-6
2.040000E+1	 1.186960E-9	 9.984316E-3	 1.629932E-6
2.060000E+1	 1.157040E-9	 9.985119E-3	 1.610756E-6
2.080000E+1	 1.156998E-9	 9.984531E-3	 1.590254E-6
2.100000E+1	 1.166282E-9	 9.984661E-3	 1.569793E-6
2.120000E+1	 1.167126E-9	 9.984426E-3	 1.549798E-6
2.140000E+1	 1.198397E-9	 9.984319E-3	 1.529641E-6
2.160000E+1	 1.206120E-9	 9.984308E-3	 1.510507E-6
2.180000E+1	 1.199578E-9	 9.984429E-3	 1.490941E-6
2.200000E+1	 1.206625E-9	 9.984082E-3	 1.471375E-6
2.220000E+1	 1.222366E-9	 9.984780E-3	 1.453684E-6
2.240000E+1	 1.215953E-9	 9.983853E-3	 1.436444E-6
2.260000E+1	 1.224012E-9	 9.983967E-3	 1.418847E-6
2.280000E+1	 1.242877E-9	 9.984770E-3	 1.400689E-6
2.300000E+1	 1.247771E-9	 9.984426E-3	 1.383489E-6
2.320000E+1	 1.262204E-9	 9.984432E-3	 1.366532E-6
2.340000E+1	 1.274231E-9	 9.984420E-3	 1.350632E-6
2.360000E+1	 1.272881E-9	 9.985005E-3	 1.334586E-6
2.380000E+1	 1.274315E-9	 9.984319E-3	 1.320120E-6
2.400000E+1	 1.285752E-9	 9.985125E-3	 1.300620E-6
2.420000E+1	 1.290435E-9	 9.984544E-3	 1.286774E-6
2.440000E+1	 1.300901E-9	 9.984544E-3	 1.272740E-6
2.460000E+1	 1.320946E-9	 9.984196E-3	 1.259429E-6
2.480000E+1	 1.321664E-9	 9.984776E-3	 1.246851E-6
2.500000E+1	 1.325419E-9	 9.984659E-3	 1.230137E-6
2.520000E+1	 1.335759E-9	 9.984890E-3	 1.218968E-6
2.540000E+1	 1.255536E-9	 9.984075E-3	 1.205541E-6
2.560000E+1	 1.358039E-9	 9.985002E-3	 1.195187E-6
2.580000E+1	 1.372431E-9	 9.984888E-3	 1.184210E-6
2.600000E+1	 1.372937E-9	 9.984430E-3	 1.173503E-6
2.620000E+1	 1.379350E-9	 9.984431E-3	 1.163394E-6
2.640000E+1	 1.391125E-9	 9.984544E-3	 1.153523E-6
2.660000E+1	 1.395473E-9	 9.984777E-3	 1.143507E-6
2.680000E+1	 1.399904E-9	 9.985355E-3	 1.134763E-6
2.700000E+1	 1.411424E-9	 9.985357E-3	 1.126144E-6
2.720000E+1	 1.421300E-9	 9.985582E-3	 1.118587E-6
2.740000E+1	 1.416319E-9	 9.985008E-3	 1.110716E-6
2.760000E+1	 1.430245E-9	 9.985125E-3	 1.104078E-6
2.780000E+1	 1.435647E-9	 9.984890E-3	 1.097246E-6
2.800000E+1	 1.452991E-9	 9.984999E-3	 1.091113E-6
2.820000E+1	 1.444636E-9	 9.985010E-3	 1.085004E-6
2.840000E+1	 1.452400E-9	 9.984430E-3	 1.079724E-6
2.860000E+1	 1.476792E-9	 9.984893E-3	 1.074385E-6
2.880000E+1	 1.469196E-9	 9.984657E-3	 1.070133E-6
2.900000E+1	 1.482109E-9	 9.985005E-3	 1.066085E-6
2.920000E+1	 1.509920E-9	 9.985231E-3	 1.062631E-6
2.940000E+1	 1.496331E-9	 9.985007E-3	 1.059341E-6
2.960000E+1	 1.504813E-9	 9.984650E-3	 1.056454E-6
2.980000E+1	 1.523296E-9	 9.985006E-3	 1.053886E-6
3.000000E+1	 1.521609E-9	 9.984895E-3	 1.052227E-6
3.020000E+1	 1.525787E-9	 9.985241E-3	 1.050351E-6
3.040000E+1	 1.538152E-9	 9.984657E-3	 1.048955E-6
3.060000E+1	 1.550601E-9	 9.984890E-3	 1.047784E-6
3.080000E+1	 1.550347E-9	 9.984313E-3	 1.047511E-6
3.100000E+1	 1.563935E-9	 9.984537E-3	 1.047106E-6
3.120000E+1	 1.561531E-9	 9.984544E-3	 1.047128E-6
3.140000E+1	 1.587822E-9	 9.985005E-3	 1.047343E-6
3.160000E+1	 1.586640E-9	 9.984775E-3	 1.048458E-6
3.180000E+1	 1.592337E-9	 9.984769E-3	 1.049252E-6
3.200000E+1	 1.605039E-9	 9.984657E-3	 1.050563E-6
3.220000E+1	 1.597738E-9	 9.984430E-3	 1.052207E-6
3.240000E+1	 1.611833E-9	 9.984539E-3	 1.054661E-6
3.260000E+1	 1.534184E-9	 9.984547E-3	 1.056982E-6
3.280000E+1	 1.637112E-9	 9.984777E-3	 1.059137E-6
3.300000E+1	 1.636268E-9	 9.984544E-3	 1.061516E-6
3.320000E+1	 1.642133E-9	 9.983502E-3	 1.065215E-6
3.340000E+1	 1.639811E-9	 9.984319E-3	 1.068107E-6
3.360000E+1	 1.673446E-9	 9.984891E-3	 1.072282E-6
3.380000E+1	 1.679227E-9	 9.984659E-3	 1.075600E-6
3.400000E+1	 1.677539E-9	 9.985239E-3	 1.079702E-6
3.420000E+1	 1.687118E-9	 9.984315E-3	 1.083987E-6
3.440000E+1	 1.692394E-9	 9.984425E-3	 1.088034E-6
3.460000E+1	 1.701171E-9	 9.984653E-3	 1.091849E-6
3.480000E+1	 1.707037E-9	 9.984781E-3	 1.096784E-6
3.500000E+1	 1.720076E-9	 9.984776E-3	 1.101163E-6
3.480000E+1	 1.447632E-9	 9.984315E-3	 1.087767E-6
3.460000E+1	 1.367282E-9	 9.984313E-3	 1.075658E-6
3.440000E+1	 1.305290E-9	 9.984314E-3	 1.064940E-6
3.420000E+1	 1.267732E-9	 9.984430E-3	 1.055480E-6
3.400000E+1	 1.218737E-9	 9.985125E-3	 1.047130E-6
3.380000E+1	 1.192361E-9	 9.985010E-3	 1.040321E-6
3.360000E+1	 1.159024E-9	 9.984653E-3	 1.034741E-6
3.340000E+1	 1.123871E-9	 9.984547E-3	 1.030623E-6
3.320000E+1	 1.112139E-9	 9.984312E-3	 1.027155E-6
3.300000E+1	 1.071627E-9	 9.984544E-3	 1.026208E-6
3.280000E+1	 1.054452E-9	 9.984319E-3	 1.026372E-6
3.260000E+1	 1.038542E-9	 9.984780E-3	 1.027492E-6
3.240000E+1	 1.005288E-9	 9.984544E-3	 1.030385E-6
3.220000E+1	 9.867622E-10	 9.984319E-3	 1.034442E-6
3.200000E+1	 9.722028E-10	 9.984429E-3	 1.040365E-6
3.180000E+1	 9.487394E-10	 9.984543E-3	 1.047302E-6
3.160000E+1	 9.355728E-10	 9.984783E-3	 1.055908E-6
3.140000E+1	 9.089022E-10	 9.984084E-3	 1.066218E-6
3.120000E+1	 9.018546E-10	 9.984541E-3	 1.077663E-6
3.100000E+1	 8.933306E-10	 9.984079E-3	 1.090375E-6
3.080000E+1	 8.726940E-10	 9.984316E-3	 1.104267E-6
3.060000E+1	 8.647607E-10	 9.983969E-3	 1.119091E-6
3.040000E+1	 9.049360E-10	 9.984434E-3	 1.138036E-6
3.020000E+1	 8.351785E-10	 9.984205E-3	 1.154283E-6
3.000000E+1	 8.031069E-10	 9.984659E-3	 1.172842E-6
2.980000E+1	 8.107027E-10	 9.984318E-3	 1.194912E-6
2.960000E+1	 7.807818E-10	 9.984319E-3	 1.214711E-6
2.940000E+1	 7.645353E-10	 9.984436E-3	 1.236427E-6
2.920000E+1	 7.555043E-10	 9.984666E-3	 1.259014E-6
2.900000E+1	 7.428443E-10	 9.984313E-3	 1.281777E-6
2.880000E+1	 7.279057E-10	 9.984194E-3	 1.306793E-6
2.860000E+1	 7.306483E-10	 9.984309E-3	 1.330875E-6
2.840000E+1	 7.032600E-10	 9.984547E-3	 1.356402E-6
2.820000E+1	 6.994200E-10	 9.984195E-3	 1.383136E-6
2.800000E+1	 6.918658E-10	 9.983961E-3	 1.409206E-6
2.780000E+1	 6.816111E-10	 9.984433E-3	 1.437557E-6
2.760000E+1	 6.628748E-10	 9.983959E-3	 1.465644E-6
2.740000E+1	 6.473869E-10	 9.984202E-3	 1.493621E-6
2.720000E+1	 6.621568E-10	 9.984430E-3	 1.522888E-6
2.700000E+1	 6.337139E-10	 9.984312E-3	 1.552593E-6
2.680000E+1	 6.236278E-10	 9.984318E-3	 1.582209E-6
2.660000E+1	 6.106305E-10	 9.984434E-3	 1.610198E-6
2.640000E+1	 5.852259E-10	 9.984200E-3	 1.642308E-6
2.620000E+1	 6.014733E-10	 9.984192E-3	 1.672823E-6
2.600000E+1	 5.818923E-10	 9.984083E-3	 1.702454E-6
2.580000E+1	 5.679240E-10	 9.984203E-3	 1.733055E-6
2.560000E+1	 5.598212E-10	 9.983859E-3	 1.764251E-6
2.540000E+1	 5.458526E-10	 9.984083E-3	 1.794175E-6
2.520000E+1	 5.569094E-10	 9.983969E-3	 1.830945E-6
2.500000E+1	 5.383838E-10	 9.983969E-3	 1.860251E-6
2.480000E+1	 5.104893E-10	 9.984549E-3	 1.891794E-6
2.460000E+1	 4.979556E-10	 9.983625E-3	 1.921078E-6
2.440000E+1	 4.940311E-10	 9.984085E-3	 1.952411E-6
2.420000E+1	 4.780790E-10	 9.985005E-3	 1.981077E-6
2.400000E+1	 4.789655E-10	 9.985007E-3	 2.017984E-6
2.380000E+1	 4.693861E-10	 9.984082E-3	 2.046954E-6
2.360000E+1	 4.528012E-10	 9.984072E-3	 2.079206E-6
2.340000E+1	 4.428423E-10	 9.984432E-3	 2.110553E-6
2.320000E+1	 4.310260E-10	 9.984086E-3	 2.139682E-6
2.300000E+1	 4.366384E-10	 9.984664E-3	 2.169946E-6
2.280000E+1	 4.121624E-10	 9.984549E-3	 2.200604E-6
2.260000E+1	 4.199271E-10	 9.985002E-3	 2.233071E-6
2.240000E+1	 4.152855E-10	 9.984773E-3	 2.261804E-6
2.220000E+1	 4.047773E-10	 9.984780E-3	 2.292566E-6
2.200000E+1	 3.994179E-10	 9.984200E-3	 2.322225E-6
2.180000E+1	 3.811028E-10	 9.984198E-3	 2.353427E-6
2.160000E+1	 3.686539E-10	 9.984079E-3	 2.382902E-6
2.140000E+1	 3.615642E-10	 9.984429E-3	 2.412343E-6
2.120000E+1	 3.504232E-10	 9.984539E-3	 2.441327E-6
2.100000E+1	 3.524483E-10	 9.984545E-3	 2.468447E-6
2.080000E+1	 3.329945E-10	 9.984422E-3	 2.499914E-6
2.060000E+1	 3.248921E-10	 9.983721E-3	 2.528305E-6
2.040000E+1	 3.307157E-10	 9.984316E-3	 2.557472E-6
2.020000E+1	 3.042138E-10	 9.984430E-3	 2.586632E-6
2.000000E+1	 2.956476E-10	 9.984894E-3	 2.615546E-6
1.980000E+1	 2.899924E-10	 9.984655E-3	 2.643183E-6
1.960000E+1	 2.892329E-10	 9.984664E-3	 2.672135E-6
1.940000E+1	 2.783875E-10	 9.984312E-3	 2.700555E-6
1.920000E+1	 2.819745E-10	 9.984426E-3	 2.728758E-6
1.900000E+1	 2.684281E-10	 9.984777E-3	 2.756061E-6
1.880000E+1	 2.514213E-10	 9.984079E-3	 2.783011E-6
1.860000E+1	 2.469058E-10	 9.983851E-3	 2.817393E-6
1.840000E+1	 2.318402E-10	 9.984775E-3	 2.843919E-6
1.820000E+1	 2.242022E-10	 9.985005E-3	 2.869746E-6
1.800000E+1	 2.124704E-10	 9.984884E-3	 2.897099E-6
1.780000E+1	 2.112889E-10	 9.984657E-3	 2.925313E-6
1.760000E+1	 1.968563E-10	 9.984198E-3	 2.952253E-6
1.740000E+1	 1.935647E-10	 9.984547E-3	 2.977706E-6
1.720000E+1	 1.789633E-10	 9.984547E-3	 3.003400E-6
1.700000E+1	 1.808202E-10	 9.984431E-3	 3.029798E-6
1.680000E+1	 1.674426E-10	 9.984075E-3	 3.055749E-6
1.660000E+1	 1.565549E-10	 9.984777E-3	 3.081955E-6
1.640000E+1	 1.463003E-10	 9.984200E-3	 3.107602E-6
1.620000E+1	 1.427978E-10	 9.984200E-3	 3.133496E-6
1.600000E+1	 1.375228E-10	 9.984536E-3	 3.159653E-6
1.580000E+1	 1.273101E-10	 9.984661E-3	 3.185513E-6
1.560000E+1	 1.157473E-10	 9.984315E-3	 3.210611E-6
1.540000E+1	 1.078979E-10	 9.984198E-3	 3.234356E-6
1.520000E+1	 1.011038E-10	 9.984545E-3	 3.260209E-6
1.500000E+1	 8.899229E-11	 9.984544E-3	 3.285067E-6
1.480000E+1	 8.806383E-11	 9.984666E-3	 3.309845E-6
1.460000E+1	 6.422074E-11	 9.984079E-3	 3.333095E-6
1.440000E+1	 7.894860E-11	 9.983965E-3	 3.356609E-6
1.420000E+1	 7.017095E-11	 9.983969E-3	 3.381003E-6
1.400000E+1	 4.438652E-11	 9.984086E-3	 3.404939E-6
1.380000E+1	 5.063197E-11	 9.983965E-3	 3.427424E-6
1.360000E+1	 3.143105E-11	 9.983845E-3	 3.451787E-6
1.340000E+1	 3.214859E-11	 9.984308E-3	 3.473773E-6
1.320000E+1	 1.746274E-11	 9.984192E-3	 3.498739E-6
1.300000E+1	 6.279657E-12	 9.983972E-3	 3.521087E-6
1.280000E+1	 9.486911E-12	 9.984081E-3	 3.544209E-6
1.260000E+1	 -4.861209E-12	 9.984434E-3	 3.564549E-6
1.240000E+1	 -8.532591E-12	 9.984314E-3	 3.587725E-6
1.220000E+1	 -1.929373E-11	 9.984537E-3	 3.611466E-6
1.200000E+1	 -3.950766E-11	 9.984426E-3	 3.634528E-6
1.180000E+1	 -2.777599E-11	 9.984545E-3	 3.655791E-6
1.160000E+1	 -5.039538E-11	 9.983849E-3	 3.677735E-6
1.140000E+1	 -5.212553E-11	 9.984775E-3	 3.699782E-6
1.120000E+1	 -5.896200E-11	 9.984079E-3	 3.722248E-6
1.100000E+1	 -5.685194E-11	 9.984316E-3	 3.743947E-6
1.080000E+1	 -6.592510E-11	 9.984086E-3	 3.764357E-6
1.060000E+1	 -9.875693E-11	 9.984537E-3	 3.786744E-6
1.040000E+1	 -8.512619E-11	 9.984086E-3	 3.809002E-6
1.020000E+1	 -9.825048E-11	 9.983969E-3	 3.828574E-6
1.000000E+1	 -1.089272E-10	 9.984544E-3	 3.848684E-6
9.800000E+0	 -1.149618E-10	 9.984436E-3	 3.870827E-6
9.600000E+0	 -1.407884E-10	 9.984194E-3	 3.890798E-6
9.400001E+0	 -1.264404E-10	 9.983621E-3	 3.913235E-6
9.200001E+0	 -1.348804E-10	 9.984086E-3	 3.934218E-6
9.000000E+0	 -1.530265E-10	 9.983849E-3	 3.953249E-6
8.800000E+0	 -1.574154E-10	 9.984081E-3	 3.974154E-6
8.600000E+0	 -1.735781E-10	 9.984194E-3	 3.993555E-6
8.400001E+0	 -1.699910E-10	 9.983969E-3	 4.015599E-6
8.200000E+0	 -1.726919E-10	 9.984661E-3	 4.033234E-6
8.000000E+0	 -1.852254E-10	 9.984086E-3	 4.053575E-6
7.800000E+0	 -1.979281E-10	 9.984430E-3	 4.072061E-6
7.600000E+0	 -2.013887E-10	 9.983968E-3	 4.095098E-6
7.400000E+0	 -2.109265E-10	 9.984312E-3	 4.115681E-6
7.200000E+0	 -2.237562E-10	 9.983966E-3	 4.132744E-6
7.000000E+0	 -2.378942E-10	 9.984086E-3	 4.151786E-6
6.800000E+0	 -2.282719E-10	 9.984426E-3	 4.168977E-6
6.600000E+0	 -2.400465E-10	 9.984318E-3	 4.186772E-6
6.400000E+0	 -2.623718E-10	 9.983727E-3	 4.203884E-6
6.200000E+0	 -2.612323E-10	 9.983973E-3	 4.220609E-6
6.000000E+0	 -2.736822E-10	 9.983733E-3	 4.236444E-6
5.800000E+0	 -2.814475E-10	 9.983389E-3	 4.255881E-6
5.600000E+0	 -2.891284E-10	 9.983853E-3	 4.270425E-6
5.400000E+0	 -2.958386E-10	 9.983973E-3	 4.287189E-6
5.200000E+0	 -3.025911E-10	 9.983738E-3	 4.304376E-6
5.000000E+0	 -3.122556E-10	 9.983506E-3	 4.320988E-6
4.800000E+0	 -3.174465E-10	 9.982928E-3	 4.337493E-6
4.600000E+0	 -3.237348E-10	 9.983390E-3	 4.353892E-6
4.400000E+0	 -3.342432E-10	 9.983277E-3	 4.372182E-6
4.200000E+0	 -3.514620E-10	 9.983159E-3	 4.387881E-6
4.000000E+0	 -3.548383E-10	 9.983387E-3	 4.404548E-6
3.800000E+0	 -3.634054E-10	 9.982929E-3	 4.420861E-6
3.600000E+0	 -3.644183E-10	 9.983390E-3	 4.438399E-6
3.400000E+0	 -3.783874E-10	 9.983734E-3	 4.456504E-6
3.200000E+0	 -3.842958E-10	 9.983507E-3	 4.471777E-6
3.000000E+0	 -3.915126E-10	 9.983039E-3	 4.490259E-6
2.800000E+0	 -4.047220E-10	 9.983622E-3	 4.505602E-6
2.600000E+0	 -4.031182E-10	 9.983849E-3	 4.520806E-6
2.400000E+0	 -4.093642E-10	 9.983737E-3	 4.539072E-6
2.200000E+0	 -4.081826E-10	 9.984082E-3	 4.556443E-6
2.000000E+0	 -4.310142E-10	 9.983500E-3	 4.572863E-6
1.800000E+0	 -4.360365E-10	 9.983959E-3	 4.588786E-6
1.600000E+0	 -4.447302E-10	 9.983967E-3	 4.608942E-6
1.400000E+0	 -4.414807E-10	 9.983388E-3	 4.624188E-6
1.200000E+0	 -4.657894E-10	 9.983272E-3	 4.640327E-6
1.000000E+0	 -4.642279E-10	 9.983843E-3	 4.658520E-6
8.000002E-1	 -4.704740E-10	 9.983503E-3	 4.676298E-6
6.000001E-1	 -4.809824E-10	 9.983616E-3	 4.694143E-6
4.000002E-1	 -4.926727E-10	 9.984316E-3	 4.710008E-6
2.000002E-1	 -4.987921E-10	 9.984083E-3	 4.727041E-6
1.490116E-7	 -5.033922E-10	 9.984085E-3	 4.740060E-6
-1.999999E-1	 -5.100178E-10	 9.983504E-3	 4.758262E-6
-3.999999E-1	 -5.168548E-10	 9.983274E-3	 4.775926E-6
-5.999998E-1	 -5.258018E-10	 9.984202E-3	 4.791678E-6
-7.999998E-1	 -5.350863E-10	 9.984196E-3	 4.807729E-6
-9.999999E-1	 -5.368589E-10	 9.984312E-3	 4.826393E-6
-1.200000E+0	 -5.445397E-10	 9.984659E-3	 4.840260E-6
-1.400000E+0	 -5.554281E-10	 9.984200E-3	 4.857024E-6
-1.600000E+0	 -5.697772E-10	 9.983621E-3	 4.871261E-6
-1.800000E+0	 -5.676669E-10	 9.983607E-3	 4.889397E-6
-2.000000E+0	 -5.837043E-10	 9.983504E-3	 4.904492E-6
-2.200000E+0	 -5.869114E-10	 9.983851E-3	 4.918853E-6
-2.400000E+0	 -5.963648E-10	 9.983618E-3	 4.934768E-6
-2.600000E+0	 -5.993191E-10	 9.984083E-3	 4.951814E-6
-2.800000E+0	 -6.222352E-10	 9.984433E-3	 4.964209E-6
-3.000000E+0	 -6.277637E-10	 9.983854E-3	 4.979183E-6
-3.200000E+0	 -6.316041E-10	 9.984433E-3	 4.993395E-6
-3.400000E+0	 -6.314355E-10	 9.983854E-3	 5.009052E-6
-3.600000E+0	 -6.516084E-10	 9.983852E-3	 5.024988E-6
-3.800000E+0	 -6.508908E-10	 9.984202E-3	 5.042212E-6
-4.000000E+0	 -5.634467E-10	 9.984199E-3	 5.056910E-6
-4.200000E+0	 -6.551956E-10	 9.983845E-3	 5.071182E-6
-4.400000E+0	 -6.766348E-10	 9.984316E-3	 5.083593E-6
-4.600000E+0	 -6.865947E-10	 9.983735E-3	 5.099082E-6
-4.800000E+0	 -6.838092E-10	 9.983964E-3	 5.113548E-6
-5.000000E+0	 -7.043621E-10	 9.984433E-3	 5.127132E-6
-5.200000E+0	 -7.044467E-10	 9.983502E-3	 5.141301E-6
-5.400000E+0	 -7.136887E-10	 9.983270E-3	 5.156169E-6
-5.600000E+0	 -7.226778E-10	 9.983968E-3	 5.171328E-6
-5.800000E+0	 -7.292617E-10	 9.983620E-3	 5.182639E-6
-6.000000E+0	 -7.508693E-10	 9.983741E-3	 5.197096E-6
-6.200000E+0	 -7.423865E-10	 9.983851E-3	 5.212974E-6
-6.400000E+0	 -7.524733E-10	 9.983848E-3	 5.226953E-6
-6.600000E+0	 -7.683411E-10	 9.983844E-3	 5.240463E-6
-6.800000E+0	 -7.648384E-10	 9.983621E-3	 5.253405E-6
-7.000000E+0	 -7.800314E-10	 9.983622E-3	 5.266466E-6
-7.200000E+0	 -7.864042E-10	 9.983739E-3	 5.279380E-6
-7.400000E+0	 -7.919326E-10	 9.984074E-3	 5.293186E-6
-7.600000E+0	 -7.952667E-10	 9.984198E-3	 5.305515E-6
-7.800000E+0	 -8.090668E-10	 9.984083E-3	 5.317755E-6
-8.000000E+0	 -8.229098E-10	 9.984084E-3	 5.330775E-6
-8.200000E+0	 -8.224875E-10	 9.983734E-3	 5.342595E-6
-8.400000E+0	 -8.377231E-10	 9.985010E-3	 5.356146E-6
-8.600000E+0	 -8.410989E-10	 9.984195E-3	 5.372296E-6
-8.800000E+0	 -8.495820E-10	 9.984883E-3	 5.385964E-6
-9.000000E+0	 -8.536753E-10	 9.984083E-3	 5.396849E-6
-9.200000E+0	 -8.663362E-10	 9.984198E-3	 5.409330E-6
-9.400000E+0	 -8.660409E-10	 9.983961E-3	 5.420003E-6
-9.600000E+0	 -8.730463E-10	 9.984086E-3	 5.434363E-6
-9.800000E+0	 -8.871421E-10	 9.984083E-3	 5.449061E-6
-1.000000E+1	 -8.819513E-10	 9.984078E-3	 5.457078E-6
-9.800000E+0	 -6.237543E-10	 9.983156E-3	 5.429687E-6
-9.600000E+0	 -5.505750E-10	 9.984085E-3	 5.400924E-6
-9.400000E+0	 -4.967239E-10	 9.983733E-3	 5.370478E-6
-9.200000E+0	 -4.443503E-10	 9.984082E-3	 5.343936E-6
-9.000000E+0	 -4.145973E-10	 9.984083E-3	 5.315262E-6
-8.800000E+0	 -3.723523E-10	 9.983622E-3	 5.284280E-6
-8.600000E+0	 -3.468619E-10	 9.984082E-3	 5.257918E-6
-8.400000E+0	 -3.053343E-10	 9.983967E-3	 5.228741E-6
-8.200000E+0	 -2.974423E-10	 9.983853E-3	 5.201205E-6
-8.000000E+0	 -2.593754E-10	 9.983618E-3	 5.171781E-6
-7.800000E+0	 -2.383162E-10	 9.984198E-3	 5.146260E-6
-7.600000E+0	 -2.054824E-10	 9.983276E-3	 5.120258E-6
-7.400000E+0	 -1.888968E-10	 9.983854E-3	 5.090903E-6
-7.200000E+0	 -1.748441E-10	 9.983621E-3	 5.064539E-6
-7.000000E+0	 -1.470341E-10	 9.984432E-3	 5.038585E-6
-6.800000E+0	 -1.433205E-10	 9.983853E-3	 5.012571E-6
-6.600000E+0	 -1.237395E-10	 9.984194E-3	 4.982417E-6
-6.400000E+0	 -1.046650E-10	 9.984086E-3	 4.957479E-6
-6.200000E+0	 -8.964168E-11	 9.983622E-3	 4.929849E-6
-6.000000E+0	 -7.255058E-11	 9.983389E-3	 4.905914E-6
-5.800000E+0	 -5.140813E-11	 9.983968E-3	 4.879518E-6
-5.600000E+0	 -4.495164E-11	 9.983390E-3	 4.852931E-6
-5.400000E+0	 -2.507525E-11	 9.983504E-3	 4.826497E-6
-5.200000E+0	 -1.342794E-11	 9.983615E-3	 4.799474E-6
-5.000000E+0	 -6.834672E-13	 9.983502E-3	 4.775409E-6
-4.800000E+0	 9.022533E-12	 9.983156E-3	 4.748433E-6
-4.600000E+0	 2.003697E-11	 9.982814E-3	 4.722702E-6
-4.400000E+0	 4.687611E-11	 9.983269E-3	 4.694272E-6
-4.200000E+0	 4.501946E-11	 9.983390E-3	 4.669691E-6
-4.000000E+0	 6.126652E-11	 9.983497E-3	 4.643939E-6
-3.800000E+0	 7.114134E-11	 9.984082E-3	 4.619273E-6
-3.600000E+0	 8.110060E-11	 9.983621E-3	 4.591859E-6
-3.400000E+0	 9.122852E-11	 9.983733E-3	 4.566999E-6
-3.200000E+0	 1.099234E-10	 9.983853E-3	 4.539831E-6
-3.000000E+0	 1.187852E-10	 9.983507E-3	 4.514669E-6
-2.800000E+0	 1.354969E-10	 9.983734E-3	 4.490014E-6
-2.600000E+0	 1.392526E-10	 9.983043E-3	 4.464456E-6
-2.400000E+0	 1.611125E-10	 9.983618E-3	 4.440172E-6
-2.200000E+0	 1.655012E-10	 9.983854E-3	 4.415083E-6
-2.000000E+0	 1.821703E-10	 9.983500E-3	 4.391849E-6
-1.800000E+0	 1.816639E-10	 9.983279E-3	 4.366377E-6
-1.600000E+0	 2.028906E-10	 9.983621E-3	 4.337830E-6
-1.400000E+0	 2.074483E-10	 9.983961E-3	 4.315094E-6
-1.200000E+0	 2.203195E-10	 9.983621E-3	 4.288693E-6
-9.999999E-1	 2.383389E-10	 9.983039E-3	 4.263344E-6
-7.999998E-1	 2.412084E-10	 9.983737E-3	 4.236480E-6
-5.999998E-1	 2.494798E-10	 9.983157E-3	 4.210678E-6
-3.999999E-1	 2.461037E-10	 9.983042E-3	 4.187462E-6
-1.999999E-1	 2.569913E-10	 9.982815E-3	 4.160996E-6
1.490116E-7	 2.876290E-10	 9.983503E-3	 4.136986E-6
2.000002E-1	 2.907518E-10	 9.983273E-3	 4.111473E-6
4.000002E-1	 2.983057E-10	 9.983621E-3	 4.086937E-6
6.000001E-1	 3.113034E-10	 9.983389E-3	 4.059575E-6
8.000002E-1	 3.229509E-10	 9.983732E-3	 4.033786E-6
1.000000E+0	 3.250609E-10	 9.983391E-3	 4.007681E-6
1.200000E+0	 3.306315E-10	 9.983734E-3	 3.984874E-6
1.400000E+0	 3.409281E-10	 9.983624E-3	 3.959443E-6
1.600000E+0	 3.458234E-10	 9.983271E-3	 3.934772E-6
1.800000E+0	 3.582723E-10	 9.983390E-3	 3.910618E-6
2.000000E+0	 3.694133E-10	 9.983735E-3	 3.886183E-6
2.200000E+0	 3.772626E-10	 9.983273E-3	 3.861884E-6
2.400000E+0	 3.880659E-10	 9.983971E-3	 3.837483E-6
2.600000E+0	 3.971812E-10	 9.983394E-3	 3.811345E-6
2.800000E+0	 4.021185E-10	 9.983159E-3	 3.787963E-6
3.000000E+0	 4.149475E-10	 9.983506E-3	 3.762985E-6
3.200000E+0	 4.294644E-10	 9.983622E-3	 3.740643E-6
3.400000E+0	 4.296754E-10	 9.983386E-3	 3.719601E-6
3.600000E+0	 4.415340E-10	 9.983969E-3	 3.696004E-6
3.800000E+0	 4.481592E-10	 9.983623E-3	 3.672263E-6
4.000000E+0	 4.654189E-10	 9.983613E-3	 3.648695E-6
4.200000E+0	 4.604819E-10	 9.983627E-3	 3.624763E-6
4.400000E+0	 4.709050E-10	 9.983858E-3	 3.603308E-6
4.600000E+0	 4.865193E-10	 9.983735E-3	 3.579945E-6
4.800000E+0	 4.919209E-10	 9.983970E-3	 3.557557E-6
5.000000E+0	 5.025553E-10	 9.983972E-3	 3.536606E-6
5.200000E+0	 5.135274E-10	 9.984203E-3	 3.512330E-6
5.400000E+0	 5.187600E-10	 9.983046E-3	 3.488352E-6
5.600000E+0	 5.188026E-10	 9.983969E-3	 3.467664E-6
5.800000E+0	 5.329395E-10	 9.983851E-3	 3.444435E-6
6.000000E+0	 5.455994E-10	 9.984550E-3	 3.421910E-6
6.200000E+0	 5.462324E-10	 9.984429E-3	 3.397688E-6
6.400000E+0	 5.646746E-10	 9.984427E-3	 3.376113E-6
6.600000E+0	 5.746333E-10	 9.983737E-3	 3.351998E-6
6.800000E+0	 5.829892E-10	 9.983971E-3	 3.327539E-6
7.000000E+0	 5.834112E-10	 9.984309E-3	 3.304384E-6
7.200000E+0	 5.934127E-10	 9.984891E-3	 3.281159E-6
7.400000E+0	 6.019794E-10	 9.984645E-3	 3.253301E-6
7.600000E+0	 6.179313E-10	 9.984543E-3	 3.230505E-6
7.800000E+0	 6.241766E-10	 9.984068E-3	 3.203293E-6
8.000000E+0	 6.383983E-10	 9.983852E-3	 3.179073E-6
8.200000E+0	 6.451505E-10	 9.984544E-3	 3.153885E-6
8.400001E+0	 6.442641E-10	 9.983968E-3	 3.129632E-6
8.600000E+0	 6.652378E-10	 9.984543E-3	 3.104328E-6
8.800000E+0	 6.714416E-10	 9.984549E-3	 3.079429E-6
9.000000E+0	 6.862113E-10	 9.984309E-3	 3.055881E-6
9.200001E+0	 6.872242E-10	 9.984545E-3	 3.028658E-6
9.400001E+0	 6.848612E-10	 9.983739E-3	 3.005392E-6
9.600000E+0	 6.962126E-10	 9.983853E-3	 2.979128E-6
9.800000E+0	 7.118691E-10	 9.984780E-3	 2.953262E-6
1.000000E+1	 7.125018E-10	 9.984428E-3	 2.929613E-6
1.020000E+1	 7.255846E-10	 9.984658E-3	 2.903314E-6
1.040000E+1	 7.256261E-10	 9.984545E-3	 2.879826E-6
1.060000E+1	 7.384549E-10	 9.984308E-3	 2.853538E-6
1.080000E+1	 7.470642E-10	 9.984082E-3	 2.826247E-6
1.100000E+1	 7.542801E-10	 9.984306E-3	 2.803477E-6
1.120000E+1	 7.661805E-10	 9.984200E-3	 2.776493E-6
1.140000E+1	 7.776169E-10	 9.984082E-3	 2.752465E-6
1.160000E+1	 7.668560E-10	 9.984546E-3	 2.726910E-6
1.180000E+1	 7.817952E-10	 9.984543E-3	 2.701422E-6
1.200000E+1	 7.895598E-10	 9.985012E-3	 2.676016E-6
1.220000E+1	 8.102387E-10	 9.984431E-3	 2.650287E-6
1.240000E+1	 8.063975E-10	 9.985125E-3	 2.625913E-6
1.260000E+1	 8.234466E-10	 9.984651E-3	 2.601184E-6
1.280000E+1	 8.279198E-10	 9.985236E-3	 2.572239E-6
1.300000E+1	 8.279203E-10	 9.984778E-3	 2.547382E-6
1.320000E+1	 8.539577E-10	 9.983966E-3	 2.522237E-6
1.340000E+1	 8.667443E-10	 9.984894E-3	 2.499091E-6
1.360000E+1	 8.610050E-10	 9.984897E-3	 2.473268E-6
1.380000E+1	 8.795309E-10	 9.984315E-3	 2.448450E-6
1.400000E+1	 8.707534E-10	 9.984086E-3	 2.424517E-6
1.420000E+1	 8.925711E-10	 9.984663E-3	 2.398514E-6
1.440000E+1	 8.942167E-10	 9.984543E-3	 2.373852E-6
1.460000E+1	 9.015605E-10	 9.984202E-3	 2.348307E-6
1.480000E+1	 9.090716E-10	 9.984079E-3	 2.324986E-6
1.500000E+1	 9.159072E-10	 9.983738E-3	 2.299500E-6
1.520000E+1	 9.252759E-10	 9.983507E-3	 2.274426E-6
1.540000E+1	 9.335055E-10	 9.983970E-3	 2.250206E-6
1.560000E+1	 9.430844E-10	 9.983852E-3	 2.225723E-6
1.580000E+1	 9.487824E-10	 9.984780E-3	 2.202468E-6
1.600000E+1	 9.578968E-10	 9.984432E-3	 2.178125E-6
1.620000E+1	 9.621598E-10	 9.984319E-3	 2.152709E-6
1.640000E+1	 9.826692E-10	 9.984427E-3	 2.129180E-6
1.660000E+1	 9.772244E-10	 9.984547E-3	 2.106107E-6
1.680000E+1	 9.867202E-10	 9.985004E-3	 2.081312E-6
1.700000E+1	 1.011533E-9	 9.984893E-3	 2.058159E-6
1.720000E+1	 1.003642E-9	 9.984650E-3	 2.034358E-6
1.740000E+1	 1.012673E-9	 9.985008E-3	 2.010111E-6
1.760000E+1	 1.024870E-9	 9.984895E-3	 1.986618E-6
1.780000E+1	 1.030692E-9	 9.984427E-3	 1.962627E-6
1.800000E+1	 1.028540E-9	 9.984660E-3	 1.938984E-6
1.820000E+1	 1.043775E-9	 9.984431E-3	 1.916078E-6
1.840000E+1	 1.052215E-9	 9.984436E-3	 1.892982E-6
1.860000E+1	 1.053565E-9	 9.984901E-3	 1.869752E-6
1.880000E+1	 1.080911E-9	 9.984086E-3	 1.848265E-6
1.900000E+1	 1.080995E-9	 9.984428E-3	 1.824128E-6
1.920000E+1	 1.089814E-9	 9.984774E-3	 1.802178E-6
1.940000E+1	 1.085637E-9	 9.984315E-3	 1.780460E-6
1.960000E+1	 1.095343E-9	 9.984666E-3	 1.758777E-6
1.980000E+1	 1.106695E-9	 9.984315E-3	 1.735286E-6
2.000000E+1	 1.109946E-9	 9.984653E-3	 1.713774E-6
2.020000E+1	 1.128218E-9	 9.984433E-3	 1.692857E-6
2.040000E+1	 1.127838E-9	 9.983966E-3	 1.671855E-6
2.060000E+1	 1.128387E-9	 9.983961E-3	 1.650751E-6
2.080000E+1	 1.156871E-9	 9.983512E-3	 1.630024E-6
2.100000E+1	 1.156069E-9	 9.983504E-3	 1.610316E-6
2.120000E+1	 1.164594E-9	 9.983503E-3	 1.588785E-6
2.140000E+1	 1.170502E-9	 9.983394E-3	 1.568994E-6
2.160000E+1	 1.183457E-9	 9.983855E-3	 1.548951E-6
2.180000E+1	 1.190041E-9	 9.983621E-3	 1.528666E-6
2.200000E+1	 1.193797E-9	 9.984202E-3	 1.508773E-6
2.220000E+1	 1.193838E-9	 9.983738E-3	 1.491167E-6
2.240000E+1	 1.214939E-9	 9.984427E-3	 1.471442E-6
2.260000E+1	 1.219285E-9	 9.984083E-3	 1.453462E-6
2.280000E+1	 1.220677E-9	 9.983498E-3	 1.435976E-6
2.300000E+1	 1.233465E-9	 9.984189E-3	 1.417780E-6
2.320000E+1	 1.240765E-9	 9.983969E-3	 1.401557E-6
2.340000E+1	 1.250767E-9	 9.984316E-3	 1.384065E-6
2.360000E+1	 1.260642E-9	 9.984082E-3	 1.366976E-6
2.380000E+1	 1.275201E-9	 9.984088E-3	 1.351677E-6
2.400000E+1	 1.261149E-9	 9.984083E-3	 1.335611E-6
2.420000E+1	 1.276552E-9	 9.983620E-3	 1.319842E-6
2.440000E+1	 1.268448E-9	 9.983961E-3	 1.304853E-6
2.460000E+1	 1.301491E-9	 9.983396E-3	 1.290667E-6
2.480000E+1	 1.295753E-9	 9.983621E-3	 1.276391E-6
2.500000E+1	 1.313266E-9	 9.983739E-3	 1.262287E-6
2.520000E+1	 1.325251E-9	 9.983625E-3	 1.249430E-6
2.540000E+1	 1.323056E-9	 9.984550E-3	 1.236298E-6
2.560000E+1	 1.339556E-9	 9.983737E-3	 1.223462E-6
2.580000E+1	 1.336054E-9	 9.983846E-3	 1.211633E-6
2.600000E+1	 1.355677E-9	 9.983857E-3	 1.199731E-6
2.620000E+1	 1.364412E-9	 9.984085E-3	 1.188761E-6
2.640000E+1	 1.377494E-9	 9.983737E-3	 1.178208E-6
2.660000E+1	 1.378634E-9	 9.984203E-3	 1.168189E-6
2.680000E+1	 1.383191E-9	 9.983972E-3	 1.157715E-6
2.700000E+1	 1.388846E-9	 9.984203E-3	 1.147920E-6
2.720000E+1	 1.397328E-9	 9.983734E-3	 1.139588E-6
2.740000E+1	 1.406655E-9	 9.983971E-3	 1.131104E-6
2.760000E+1	 1.424970E-9	 9.983618E-3	 1.123260E-6
2.780000E+1	 1.420918E-9	 9.984085E-3	 1.115864E-6
2.800000E+1	 1.432693E-9	 9.983506E-3	 1.108489E-6
2.820000E+1	 1.440078E-9	 9.983393E-3	 1.101503E-6
2.840000E+1	 1.447168E-9	 9.983621E-3	 1.095126E-6
2.860000E+1	 1.453582E-9	 9.983620E-3	 1.089417E-6
2.880000E+1	 1.464933E-9	 9.983504E-3	 1.083746E-6
2.900000E+1	 1.470505E-9	 9.984189E-3	 1.078730E-6
2.920000E+1	 1.484220E-9	 9.983857E-3	 1.074102E-6
2.940000E+1	 1.494601E-9	 9.984198E-3	 1.070129E-6
2.960000E+1	 1.503757E-9	 9.984203E-3	 1.066625E-6
2.980000E+1	 1.500677E-9	 9.984315E-3	 1.063199E-6
3.000000E+1	 1.521355E-9	 9.983741E-3	 1.059632E-6
3.020000E+1	 1.512071E-9	 9.984305E-3	 1.056991E-6
3.040000E+1	 1.524478E-9	 9.984426E-3	 1.054818E-6
3.060000E+1	 1.539586E-9	 9.984315E-3	 1.053662E-6
3.080000E+1	 1.540937E-9	 9.984319E-3	 1.052510E-6
3.100000E+1	 1.551993E-9	 9.984430E-3	 1.051097E-6
3.120000E+1	 1.551191E-9	 9.983740E-3	 1.050335E-6
3.140000E+1	 1.557817E-9	 9.984315E-3	 1.050617E-6
3.160000E+1	 1.572039E-9	 9.984429E-3	 1.050997E-6
3.180000E+1	 1.582249E-9	 9.984318E-3	 1.051352E-6
3.200000E+1	 1.604531E-9	 9.984086E-3	 1.052389E-6
3.220000E+1	 1.600059E-9	 9.983972E-3	 1.053722E-6
3.240000E+1	 1.612761E-9	 9.983972E-3	 1.054666E-6
3.260000E+1	 1.613647E-9	 9.984083E-3	 1.055992E-6
3.280000E+1	 1.620610E-9	 9.984203E-3	 1.058469E-6
3.300000E+1	 1.641754E-9	 9.984778E-3	 1.060787E-6
3.320000E+1	 1.645130E-9	 9.983738E-3	 1.062742E-6
3.340000E+1	 1.645678E-9	 9.983622E-3	 1.065546E-6
3.360000E+1	 1.658717E-9	 9.984316E-3	 1.068417E-6
3.380000E+1	 1.649391E-9	 9.984666E-3	 1.071544E-6
3.400000E+1	 1.668929E-9	 9.984538E-3	 1.075097E-6
3.420000E+1	 1.683616E-9	 9.984777E-3	 1.079060E-6
3.440000E+1	 1.685177E-9	 9.984777E-3	 1.082323E-6
3.460000E+1	 1.685515E-9	 9.984890E-3	 1.088245E-6
3.480000E+1	 1.697415E-9	 9.984432E-3	 1.092677E-6
3.500000E+1	 1.721005E-9	 9.984083E-3	 1.096788E-6
3.480000E+1	 1.431173E-9	 9.984887E-3	 1.084177E-6
3.460000E+1	 1.372220E-9	 9.984780E-3	 1.072173E-6
3.440000E+1	 1.310734E-9	 9.984200E-3	 1.062269E-6
3.420000E+1	 1.256295E-9	 9.984888E-3	 1.053501E-6
3.400000E+1	 1.232789E-9	 9.984084E-3	 1.045789E-6
3.380000E+1	 1.202363E-9	 9.984431E-3	 1.041293E-6
3.360000E+1	 1.175440E-9	 9.984887E-3	 1.035957E-6
3.340000E+1	 1.134759E-9	 9.984659E-3	 1.033803E-6
3.320000E+1	 1.110873E-9	 9.984664E-3	 1.031796E-6
3.300000E+1	 1.073062E-9	 9.984664E-3	 1.031245E-6
3.280000E+1	 1.049345E-9	 9.984427E-3	 1.032780E-6
3.260000E+1	 1.031030E-9	 9.984312E-3	 1.035263E-6
3.240000E+1	 1.002924E-9	 9.983967E-3	 1.038998E-6
3.220000E+1	 9.841031E-10	 9.984770E-3	 1.044381E-6
3.200000E+1	 9.703036E-10	 9.984778E-3	 1.051415E-6
3.180000E+1	 9.485285E-10	 9.984200E-3	 1.059624E-6
3.160000E+1	 9.296651E-10	 9.984315E-3	 1.069667E-6
3.140000E+1	 9.129956E-10	 9.984547E-3	 1.080518E-6
3.120000E+1	 8.999563E-10	 9.984432E-3	 1.093237E-6
3.100000E+1	 8.847219E-10	 9.984661E-3	 1.106632E-6
3.080000E+1	 8.745931E-10	 9.984549E-3	 1.122650E-6
3.060000E+1	 8.580514E-10	 9.984549E-3	 1.139027E-6
3.040000E+1	 8.489354E-10	 9.984202E-3	 1.156826E-6
3.020000E+1	 8.290596E-10	 9.984547E-3	 1.175518E-6
3.000000E+1	 8.201554E-10	 9.983971E-3	 1.195036E-6
2.980000E+1	 8.012916E-10	 9.983853E-3	 1.216732E-6
2.960000E+1	 7.888843E-10	 9.984198E-3	 1.238057E-6
2.940000E+1	 7.778282E-10	 9.984204E-3	 1.261098E-6
2.920000E+1	 7.634799E-10	 9.984782E-3	 1.283916E-6
2.900000E+1	 7.468954E-10	 9.984196E-3	 1.308487E-6
2.880000E+1	 7.361767E-10	 9.984426E-3	 1.333807E-6
2.860000E+1	 7.255835E-10	 9.983972E-3	 1.359307E-6
2.840000E+1	 7.047372E-10	 9.984434E-3	 1.386444E-6
2.820000E+1	 6.978162E-10	 9.984315E-3	 1.413250E-6
2.800000E+1	 6.969302E-10	 9.983731E-3	 1.440374E-6
2.780000E+1	 7.006435E-10	 9.984079E-3	 1.468783E-6
2.760000E+1	 6.758721E-10	 9.984203E-3	 1.496552E-6
2.740000E+1	 6.497504E-10	 9.983621E-3	 1.525306E-6
2.720000E+1	 6.435042E-10	 9.984313E-3	 1.554116E-6
2.700000E+1	 6.381451E-10	 9.983509E-3	 1.584655E-6
2.680000E+1	 6.362884E-10	 9.984083E-3	 1.613891E-6
2.660000E+1	 6.162434E-10	 9.983742E-3	 1.642691E-6
2.640000E+1	 6.019374E-10	 9.984081E-3	 1.672848E-6
2.620000E+1	 5.967883E-10	 9.983730E-3	 1.703629E-6
2.600000E+1	 5.885173E-10	 9.984083E-3	 1.733979E-6
2.580000E+1	 5.696541E-10	 9.984316E-3	 1.764993E-6
2.560000E+1	 5.807523E-10	 9.984195E-3	 1.795381E-6
2.540000E+1	 5.419283E-10	 9.984196E-3	 1.826336E-6
2.520000E+1	 5.402404E-10	 9.984200E-3	 1.857834E-6
2.500000E+1	 5.384259E-10	 9.984433E-3	 1.887858E-6
2.480000E+1	 5.281710E-10	 9.984661E-3	 1.919922E-6
2.460000E+1	 5.204907E-10	 9.984198E-3	 1.949260E-6
2.440000E+1	 4.980401E-10	 9.984079E-3	 1.980728E-6
2.420000E+1	 5.052139E-10	 9.983852E-3	 2.012289E-6
2.400000E+1	 4.901063E-10	 9.983969E-3	 2.043006E-6
2.380000E+1	 4.851268E-10	 9.984203E-3	 2.073784E-6
2.360000E+1	 4.791771E-10	 9.984320E-3	 2.104203E-6
2.340000E+1	 4.565989E-10	 9.984083E-3	 2.134387E-6
2.320000E+1	 4.482860E-10	 9.983503E-3	 2.165753E-6
2.300000E+1	 4.417026E-10	 9.983853E-3	 2.195446E-6
2.280000E+1	 4.254977E-10	 9.983965E-3	 2.225915E-6
2.260000E+1	 4.165510E-10	 9.984661E-3	 2.257472E-6
2.240000E+1	 4.186190E-10	 9.983969E-3	 2.285578E-6
2.220000E+1	 4.016963E-10	 9.983975E-3	 2.317135E-6
2.200000E+1	 3.994600E-10	 9.983855E-3	 2.347166E-6
2.180000E+1	 3.872218E-10	 9.983846E-3	 2.378918E-6
2.160000E+1	 3.689491E-10	 9.983972E-3	 2.406936E-6
2.140000E+1	 3.713969E-10	 9.983970E-3	 2.436121E-6
2.120000E+1	 3.548966E-10	 9.984316E-3	 2.465373E-6
2.100000E+1	 3.525333E-10	 9.983738E-3	 2.493707E-6
2.080000E+1	 3.428273E-10	 9.984083E-3	 2.523711E-6
2.060000E+1	 3.348936E-10	 9.983740E-3	 2.553695E-6
2.040000E+1	 3.246811E-10	 9.984549E-3	 2.581651E-6
2.020000E+1	 3.151017E-10	 9.984198E-3	 2.610532E-6
2.000000E+1	 3.181401E-10	 9.984195E-3	 2.637850E-6
1.980000E+1	 3.075052E-10	 9.983855E-3	 2.666085E-6
1.960000E+1	 2.872071E-10	 9.984084E-3	 2.695511E-6
1.940000E+1	 2.794843E-10	 9.983857E-3	 2.722403E-6
1.920000E+1	 2.617604E-10	 9.984200E-3	 2.750338E-6
1.900000E+1	 2.647143E-10	 9.984313E-3	 2.776256E-6
1.880000E+1	 2.727746E-10	 9.983855E-3	 2.808985E-6
1.860000E+1	 2.493538E-10	 9.984315E-3	 2.837353E-6
1.840000E+1	 2.442473E-10	 9.984547E-3	 2.864320E-6
1.820000E+1	 2.217544E-10	 9.984083E-3	 2.890247E-6
1.800000E+1	 2.236536E-10	 9.984666E-3	 2.916484E-6
1.780000E+1	 2.100649E-10	 9.984424E-3	 2.942894E-6
1.760000E+1	 1.960123E-10	 9.984195E-3	 2.970671E-6
1.740000E+1	 1.919612E-10	 9.985127E-3	 2.995949E-6
1.720000E+1	 1.873613E-10	 9.984886E-3	 3.020940E-6
1.700000E+1	 1.781615E-10	 9.984661E-3	 3.046043E-6
1.680000E+1	 1.749967E-10	 9.984082E-3	 3.071081E-6
1.660000E+1	 1.645730E-10	 9.984549E-3	 3.095963E-6
1.640000E+1	 1.488324E-10	 9.983958E-3	 3.123187E-6
1.620000E+1	 1.444435E-10	 9.985231E-3	 3.148671E-6
1.600000E+1	 1.387043E-10	 9.983967E-3	 3.174618E-6
1.580000E+1	 1.341466E-10	 9.984314E-3	 3.197707E-6
1.560000E+1	 1.217395E-10	 9.984085E-3	 3.222558E-6
1.540000E+1	 1.118228E-10	 9.983731E-3	 3.249488E-6
1.520000E+1	 1.119493E-10	 9.983385E-3	 3.274094E-6
1.500000E+1	 9.452042E-11	 9.983848E-3	 3.296149E-6
1.480000E+1	 8.565848E-11	 9.983734E-3	 3.320893E-6
1.460000E+1	 7.177470E-11	 9.983742E-3	 3.343635E-6
1.440000E+1	 7.274531E-11	 9.983383E-3	 3.369643E-6
1.420000E+1	 5.746856E-11	 9.983506E-3	 3.390302E-6
1.400000E+1	 5.400827E-11	 9.983504E-3	 3.414825E-6
1.380000E+1	 4.746722E-11	 9.983277E-3	 3.438613E-6
1.360000E+1	 3.455387E-11	 9.983625E-3	 3.462821E-6
1.340000E+1	 2.940549E-11	 9.983392E-3	 3.483663E-6
1.320000E+1	 1.252543E-11	 9.983390E-3	 3.507880E-6
1.300000E+1	 8.516313E-12	 9.984198E-3	 3.530414E-6
1.280000E+1	 3.072501E-12	 9.983609E-3	 3.554416E-6
1.260000E+1	 -1.241504E-11	 9.983849E-3	 3.574780E-6
1.240000E+1	 -1.241510E-11	 9.984428E-3	 3.597851E-6
1.220000E+1	 -9.672096E-12	 9.983962E-3	 3.620092E-6
1.200000E+1	 -1.266821E-11	 9.983386E-3	 3.642481E-6
1.180000E+1	 -4.782105E-11	 9.983961E-3	 3.663454E-6
1.160000E+1	 -3.693347E-11	 9.983506E-3	 3.685398E-6
1.140000E+1	 -4.520476E-11	 9.983963E-3	 3.705437E-6
1.120000E+1	 -6.060778E-11	 9.983735E-3	 3.729138E-6
1.100000E+1	 -5.647206E-11	 9.983853E-3	 3.750666E-6
1.080000E+1	 -7.904934E-11	 9.984074E-3	 3.773379E-6
1.060000E+1	 -9.175162E-11	 9.983841E-3	 3.794860E-6
1.040000E+1	 -9.044349E-11	 9.984191E-3	 3.814487E-6
1.020000E+1	 -1.040742E-10	 9.983733E-3	 3.836454E-6
1.000000E+1	 -1.020063E-10	 9.983849E-3	 3.858479E-6
9.800000E+0	 -1.150462E-10	 9.983849E-3	 3.878518E-6
9.600000E+0	 -1.363574E-10	 9.983843E-3	 3.899297E-6
9.400001E+0	 -1.306182E-10	 9.983502E-3	 3.920322E-6
9.200001E+0	 -1.301117E-10	 9.983622E-3	 3.937921E-6
9.000000E+0	 -1.421389E-10	 9.983507E-3	 3.960335E-6
8.800000E+0	 -1.563181E-10	 9.983386E-3	 3.978941E-6
8.600000E+0	 -1.691048E-10	 9.983387E-3	 4.001429E-6
8.400001E+0	 -1.734937E-10	 9.983389E-3	 4.019756E-6
8.200000E+0	 -1.821869E-10	 9.983621E-3	 4.039742E-6
8.000000E+0	 -1.841281E-10	 9.983504E-3	 4.059342E-6
7.800000E+0	 -1.910912E-10	 9.983613E-3	 4.078068E-6
7.600000E+0	 -2.029502E-10	 9.983622E-3	 4.097193E-6
7.400000E+0	 -2.141340E-10	 9.984432E-3	 4.116279E-6
7.200000E+0	 -2.108421E-10	 9.983618E-3	 4.132596E-6
7.000000E+0	 -2.315215E-10	 9.983504E-3	 4.152078E-6
6.800000E+0	 -2.337583E-10	 9.984545E-3	 4.168603E-6
6.600000E+0	 -2.407640E-10	 9.984199E-3	 4.185989E-6
6.400000E+0	 -2.524541E-10	 9.984192E-3	 4.203430E-6
6.200000E+0	 -2.577295E-10	 9.983965E-3	 4.219805E-6
6.000000E+0	 -2.779869E-10	 9.984300E-3	 4.234758E-6
5.800000E+0	 -2.707279E-10	 9.983848E-3	 4.251863E-6
5.600000E+0	 -2.806456E-10	 9.983730E-3	 4.268328E-6
5.400000E+0	 -2.881156E-10	 9.984543E-3	 4.284490E-6
5.200000E+0	 -2.949946E-10	 9.983507E-3	 4.300471E-6
5.000000E+0	 -3.160538E-10	 9.983389E-3	 4.317425E-6
4.800000E+0	 -3.090904E-10	 9.983735E-3	 4.335719E-6
4.600000E+0	 -3.160960E-10	 9.983384E-3	 4.351326E-6
4.400000E+0	 -3.223421E-10	 9.983498E-3	 4.367032E-6
4.200000E+0	 -3.421774E-10	 9.983506E-3	 4.382518E-6
4.000000E+0	 -3.447095E-10	 9.983739E-3	 4.399627E-6
3.800000E+0	 -3.588053E-10	 9.983737E-3	 4.419254E-6
3.600000E+0	 -3.626035E-10	 9.983737E-3	 4.432493E-6
3.400000E+0	 -3.677100E-10	 9.983613E-3	 4.451909E-6
3.200000E+0	 -3.817636E-10	 9.983622E-3	 4.465691E-6
3.000000E+0	 -3.825655E-10	 9.984086E-3	 4.483359E-6
2.800000E+0	 -3.960705E-10	 9.983963E-3	 4.501479E-6
2.600000E+0	 -3.962393E-10	 9.983735E-3	 4.518376E-6
2.400000E+0	 -4.109681E-10	 9.984313E-3	 4.534775E-6
2.200000E+0	 -4.154415E-10	 9.983502E-3	 4.551530E-6
2.000000E+0	 -4.171718E-10	 9.983504E-3	 4.568582E-6
1.800000E+0	 -4.270894E-10	 9.983618E-3	 4.586385E-6
1.600000E+0	 -4.398770E-10	 9.983504E-3	 4.601646E-6
1.400000E+0	 -4.474312E-10	 9.982814E-3	 4.617978E-6
1.200000E+0	 -4.534242E-10	 9.982928E-3	 4.634816E-6
1.000000E+0	 -4.560827E-10	 9.983507E-3	 4.652014E-6
8.000002E-1	 -4.743567E-10	 9.982808E-3	 4.667432E-6
6.000001E-1	 -4.822062E-10	 9.983159E-3	 4.683800E-6
4.000002E-1	 -4.814467E-10	 9.983045E-3	 4.700134E-6
2.000002E-1	 -4.976105E-10	 9.983276E-3	 4.718726E-6
1.490116E-7	 -5.017886E-10	 9.982812E-3	 4.733231E-6
-1.999999E-1	 -5.106930E-10	 9.982808E-3	 4.749874E-6
-3.999999E-1	 -5.267724E-10	 9.982925E-3	 4.765955E-6
-5.999998E-1	 -5.388847E-10	 9.983036E-3	 4.780190E-6
-7.999998E-1	 -5.368589E-10	 9.982347E-3	 4.800206E-6
-9.999999E-1	 -5.490554E-10	 9.982922E-3	 4.815684E-6
-1.200000E+0	 -5.471563E-10	 9.983040E-3	 4.831983E-6
-1.400000E+0	 -5.684687E-10	 9.983155E-3	 4.846665E-6
-1.600000E+0	 -5.665274E-10	 9.983391E-3	 4.863109E-6
-1.800000E+0	 -5.785131E-10	 9.983618E-3	 4.879115E-6
-2.000000E+0	 -5.924402E-10	 9.984083E-3	 4.896111E-6
-2.200000E+0	 -5.798214E-10	 9.983506E-3	 4.911110E-6
-2.400000E+0	 -6.107141E-10	 9.983387E-3	 4.926262E-6
-2.600000E+0	 -6.191122E-10	 9.983390E-3	 4.938926E-6
-2.800000E+0	 -6.035816E-10	 9.983504E-3	 4.953827E-6
-3.000000E+0	 -6.252738E-10	 9.982231E-3	 4.974035E-6
-3.200000E+0	 -6.260757E-10	 9.983276E-3	 4.990260E-6
-3.400000E+0	 -6.520726E-10	 9.982925E-3	 5.002142E-6
-3.600000E+0	 -6.605129E-10	 9.982697E-3	 5.017933E-6
-3.800000E+0	 -6.590362E-10	 9.983036E-3	 5.033954E-6
-4.000000E+0	 -6.807281E-10	 9.983390E-3	 5.049302E-6
-4.200000E+0	 -6.696714E-10	 9.982696E-3	 5.062226E-6
-4.400000E+0	 -6.850330E-10	 9.982913E-3	 5.077589E-6
-4.600000E+0	 -6.818252E-10	 9.982924E-3	 5.091084E-6
-4.800000E+0	 -7.127603E-10	 9.982923E-3	 5.104909E-6
-5.000000E+0	 -7.029272E-10	 9.983040E-3	 5.120840E-6
-5.200000E+0	 -7.104390E-10	 9.982922E-3	 5.133510E-6
-5.400000E+0	 -7.252520E-10	 9.983497E-3	 5.147124E-6
-5.600000E+0	 -7.235641E-10	 9.982811E-3	 5.160101E-6
-5.800000E+0	 -7.405297E-10	 9.983272E-3	 5.174937E-6
-6.000000E+0	 -7.407406E-10	 9.983041E-3	 5.189660E-6
-6.200000E+0	 -7.533170E-10	 9.982696E-3	 5.203845E-6
-6.400000E+0	 -7.612512E-10	 9.982695E-3	 5.215952E-6
-6.600000E+0	 -7.774993E-10	 9.982227E-3	 5.230257E-6
-6.800000E+0	 -7.741233E-10	 9.982697E-3	 5.241208E-6
-7.000000E+0	 -7.839989E-10	 9.982688E-3	 5.255540E-6
-7.200000E+0	 -7.968702E-10	 9.982687E-3	 5.269113E-6
-7.400000E+0	 -8.088557E-10	 9.983159E-3	 5.281902E-6
-7.600000E+0	 -8.210951E-10	 9.982808E-3	 5.293661E-6
-7.800000E+0	 -8.148492E-10	 9.982691E-3	 5.305873E-6
-8.000000E+0	 -8.339667E-10	 9.982809E-3	 5.321132E-6
-8.200000E+0	 -8.431246E-10	 9.983273E-3	 5.331068E-6
-8.400000E+0	 -8.468382E-10	 9.983159E-3	 5.344778E-6
-8.600000E+0	 -8.565874E-10	 9.983274E-3	 5.357647E-6
-8.800000E+0	 -8.460364E-10	 9.983040E-3	 5.370745E-6
-9.000000E+0	 -8.724556E-10	 9.983152E-3	 5.381336E-6
-9.200000E+0	 -8.707673E-10	 9.983274E-3	 5.394777E-6
-9.400000E+0	 -8.840193E-10	 9.983028E-3	 5.405852E-6
-9.600000E+0	 -8.971019E-10	 9.983620E-3	 5.418181E-6
-9.800000E+0	 -9.029262E-10	 9.983387E-3	 5.431706E-6
-1.000000E+1	 -9.094674E-10	 9.983263E-3	 5.442568E-6
