-2.500000E+1	 -3.817256E-9	 9.999898E-3	 7.711111E-6
-2.480000E+1	 -3.266144E-9	 9.999839E-3	 7.671370E-6
-2.460000E+1	 -2.913587E-9	 9.999814E-3	 7.636062E-6
-2.440000E+1	 -2.659361E-9	 9.999933E-3	 7.603786E-6
-2.420000E+1	 -2.476035E-9	 9.999874E-3	 7.574601E-6
-2.400000E+1	 -2.313347E-9	 9.999814E-3	 7.544893E-6
-2.380000E+1	 -2.213582E-9	 9.999942E-3	 7.516220E-6
-2.360000E+1	 -2.107823E-9	 9.999776E-3	 7.489103E-6
-2.340000E+1	 -1.967502E-9	 9.999898E-3	 7.458138E-6
-2.320000E+1	 -1.872885E-9	 9.999909E-3	 7.429532E-6
-2.300000E+1	 -1.792573E-9	 9.999729E-3	 7.402311E-6
-2.280000E+1	 -1.721252E-9	 9.999919E-3	 7.373416E-6
-2.260000E+1	 -1.641364E-9	 9.999967E-3	 7.345249E-6
-2.240000E+1	 -1.568060E-9	 9.999717E-3	 7.316048E-6
-2.220000E+1	 -1.526449E-9	 9.999930E-3	 7.286691E-6
-2.200000E+1	 -1.456857E-9	 9.999924E-3	 7.256621E-6
-2.180000E+1	 -1.419002E-9	 9.999814E-3	 7.226221E-6
-2.160000E+1	 -1.388195E-9	 9.999823E-3	 7.196419E-6
-2.140000E+1	 -1.313074E-9	 9.999872E-3	 7.164670E-6
-2.120000E+1	 -1.273489E-9	 9.999837E-3	 7.134604E-6
-2.100000E+1	 -1.218542E-9	 9.999848E-3	 7.105058E-6
-2.080000E+1	 -1.187355E-9	 9.999741E-3	 7.073827E-6
-2.060000E+1	 -1.136713E-9	 9.999779E-3	 7.044081E-6
-2.040000E+1	 -1.123334E-9	 9.999741E-3	 7.012704E-6
-2.020000E+1	 -1.096958E-9	 9.999717E-3	 6.980896E-6
-2.000000E+1	 -1.063576E-9	 9.999942E-3	 6.948479E-6
-1.980000E+1	 -1.042602E-9	 9.999822E-3	 6.918037E-6
-1.960000E+1	 -1.004831E-9	 9.999739E-3	 6.886988E-6
-1.940000E+1	 -9.775685E-10	 9.999918E-3	 6.854124E-6
-1.920000E+1	 -9.456215E-10	 9.999994E-3	 6.822575E-6
-1.900000E+1	 -9.287823E-10	 9.999869E-3	 6.789721E-6
-1.880000E+1	 -8.919827E-10	 9.999758E-3	 6.756156E-6
-1.860000E+1	 -8.750172E-10	 9.999837E-3	 6.722124E-6
-1.840000E+1	 -8.511311E-10	 9.999738E-3	 6.690344E-6
-1.820000E+1	 -8.100261E-10	 9.999826E-3	 6.654345E-6
-1.800000E+1	 -7.901489E-10	 9.999861E-3	 6.620729E-6
-1.780000E+1	 -7.749985E-10	 9.999681E-3	 6.585884E-6
-1.760000E+1	 -7.585397E-10	 9.999738E-3	 6.552545E-6
-1.740000E+1	 -7.301801E-10	 9.999775E-3	 6.517898E-6
-1.720000E+1	 -7.081504E-10	 9.999875E-3	 6.482318E-6
-1.700000E+1	 -6.976846E-10	 9.999745E-3	 6.447259E-6
-1.680000E+1	 -6.670879E-10	 9.999977E-3	 6.410383E-6
-1.660000E+1	 -6.477169E-10	 9.999791E-3	 6.373191E-6
-1.640000E+1	 -6.381372E-10	 9.999728E-3	 6.338609E-6
-1.620000E+1	 -6.230714E-10	 9.999979E-3	 6.301291E-6
-1.600000E+1	 -6.172051E-10	 9.999892E-3	 6.265377E-6
-1.580000E+1	 -5.782950E-10	 9.999949E-3	 6.227332E-6
-1.560000E+1	 -5.632709E-10	 9.999851E-3	 6.190875E-6
-1.540000E+1	 -5.691793E-10	 9.999833E-3	 6.152949E-6
-1.520000E+1	 -5.455884E-10	 9.999810E-3	 6.115461E-6
-1.500000E+1	 -5.117424E-10	 9.999792E-3	 6.077466E-6
-1.480000E+1	 -5.018669E-10	 9.999842E-3	 6.038425E-6
-1.460000E+1	 -4.910633E-10	 9.999968E-3	 5.998502E-6
-1.440000E+1	 -4.757862E-10	 9.999888E-3	 5.960979E-6
-1.420000E+1	 -4.468356E-10	 9.999816E-3	 5.920168E-6
-1.400000E+1	 -4.315162E-10	 9.999750E-3	 5.880007E-6
-1.380000E+1	 -4.319806E-10	 9.999830E-3	 5.839254E-6
-1.360000E+1	 -4.069125E-10	 9.999964E-3	 5.800885E-6
-1.340000E+1	 -3.909602E-10	 9.999957E-3	 5.761642E-6
-1.320000E+1	 -3.772022E-10	 9.999860E-3	 5.720313E-6
-1.300000E+1	 -3.582957E-10	 9.999717E-3	 5.678935E-6
-1.280000E+1	 -3.649214E-10	 9.999718E-3	 5.638047E-6
-1.260000E+1	 -3.331433E-10	 9.999705E-3	 5.596793E-6
-1.240000E+1	 -3.418789E-10	 9.999717E-3	 5.552980E-6
-1.220000E+1	 -3.112404E-10	 9.999918E-3	 5.512800E-6
-1.200000E+1	 -3.084129E-10	 9.999949E-3	 5.468321E-6
-1.180000E+1	 -2.770568E-10	 9.999775E-3	 5.426079E-6
-1.160000E+1	 -2.770990E-10	 9.999754E-3	 5.383142E-6
-1.140000E+1	 -2.729210E-10	 9.999860E-3	 5.340591E-6
-1.120000E+1	 -2.359942E-10	 9.999920E-3	 5.295432E-6
-1.100000E+1	 -2.205904E-10	 1.000000E-2	 5.252716E-6
-1.080000E+1	 -2.309299E-10	 9.999992E-3	 5.207281E-6
-1.060000E+1	 -1.876308E-10	 9.999904E-3	 5.162538E-6
-1.040000E+1	 -1.941298E-10	 9.999813E-3	 5.115793E-6
-1.020000E+1	 -1.826513E-10	 9.999927E-3	 5.069895E-6
-1.000000E+1	 -1.655605E-10	 9.999848E-3	 5.025135E-6
-9.800000E+0	 -1.478367E-10	 9.999856E-3	 4.979570E-6
-9.599999E+0	 -1.350081E-10	 9.999917E-3	 4.933171E-6
-9.400000E+0	 -1.160182E-10	 9.999951E-3	 4.885024E-6
-9.200000E+0	 -1.182970E-10	 9.999882E-3	 4.838427E-6
-9.000000E+0	 -8.457966E-11	 9.999837E-3	 4.790646E-6
-8.800000E+0	 -9.842107E-11	 9.999805E-3	 4.744117E-6
-8.599999E+0	 -8.107705E-11	 9.999791E-3	 4.695801E-6
-8.400000E+0	 -6.888140E-11	 9.999789E-3	 4.646518E-6
-8.200000E+0	 -6.326881E-11	 9.999861E-3	 4.598931E-6
-8.000000E+0	 -4.955393E-11	 9.999783E-3	 4.550234E-6
-7.800000E+0	 -4.149395E-11	 9.999813E-3	 4.500625E-6
-7.600000E+0	 -3.242095E-11	 9.999991E-3	 4.451339E-6
-7.400000E+0	 -1.381092E-11	 9.999881E-3	 4.401030E-6
-7.200000E+0	 -4.611464E-12	 9.999959E-3	 4.352546E-6
-7.000000E+0	 9.145462E-12	 9.999792E-3	 4.303460E-6
-6.800000E+0	 1.653042E-11	 9.999816E-3	 4.250828E-6
-6.600000E+0	 5.121847E-11	 9.999767E-3	 4.201940E-6
-6.400000E+0	 8.514692E-11	 9.999974E-3	 4.149993E-6
-6.200000E+0	 6.113515E-11	 9.999907E-3	 4.099093E-6
-6.000000E+0	 6.970183E-11	 9.999901E-3	 4.047140E-6
-5.800000E+0	 8.932480E-11	 9.999826E-3	 3.995759E-6
-5.600000E+0	 9.481055E-11	 9.999814E-3	 3.943761E-6
-5.400000E+0	 1.039257E-10	 9.999923E-3	 3.891977E-6
-5.200000E+0	 1.295830E-10	 9.999901E-3	 3.840070E-6
-5.000000E+0	 1.285279E-10	 1.000001E-2	 3.788035E-6
-4.800000E+0	 1.424960E-10	 1.000001E-2	 3.735567E-6
-4.600000E+0	 1.438885E-10	 9.999899E-3	 3.684536E-6
-4.400000E+0	 1.713605E-10	 1.000001E-2	 3.631296E-6
-4.200000E+0	 1.643131E-10	 9.999939E-3	 3.578428E-6
-4.000000E+0	 1.832607E-10	 9.999723E-3	 3.526799E-6
-3.800000E+0	 2.013643E-10	 9.999788E-3	 3.475482E-6
-3.600000E+0	 2.018706E-10	 9.999778E-3	 3.424150E-6
-3.400000E+0	 2.165141E-10	 9.999946E-3	 3.372517E-6
-3.200000E+0	 2.269371E-10	 1.000001E-2	 3.321380E-6
-3.000000E+0	 2.485012E-10	 9.999793E-3	 3.271541E-6
-2.800000E+0	 2.402300E-10	 9.999755E-3	 3.219687E-6
-2.600000E+0	 2.637774E-10	 9.999782E-3	 3.172140E-6
-2.400000E+0	 2.863119E-10	 9.999875E-3	 3.123399E-6
-2.200000E+0	 2.910382E-10	 9.999686E-3	 3.074358E-6
-2.000000E+0	 2.986339E-10	 9.999991E-3	 3.027857E-6
-1.800000E+0	 3.038667E-10	 1.000005E-2	 2.979968E-6
-1.600000E+0	 3.173288E-10	 9.999911E-3	 2.932917E-6
-1.400000E+0	 3.302839E-10	 9.999956E-3	 2.889529E-6
-1.200000E+0	 3.487674E-10	 1.000001E-2	 2.845455E-6
-9.999996E-1	 3.589375E-10	 9.999933E-3	 2.803690E-6
-7.999997E-1	 3.544638E-10	 9.999791E-3	 2.761454E-6
-5.999997E-1	 3.578401E-10	 9.999911E-3	 2.721835E-6
-3.999996E-1	 3.718083E-10	 9.999956E-3	 2.684700E-6
-1.999996E-1	 3.928236E-10	 1.000003E-2	 2.648776E-6
3.725290E-7	 4.158646E-10	 9.999842E-3	 2.614903E-6
2.000004E-1	 4.024453E-10	 9.999961E-3	 2.581892E-6
4.000004E-1	 4.210555E-10	 9.999957E-3	 2.551694E-6
6.000004E-1	 4.497507E-10	 9.999901E-3	 2.523181E-6
8.000004E-1	 4.480212E-10	 1.000004E-2	 2.497709E-6
1.000000E+0	 4.513966E-10	 9.999854E-3	 2.473145E-6
1.200000E+0	 4.606388E-10	 9.999863E-3	 2.451354E-6
1.400000E+0	 4.686141E-10	 9.999993E-3	 2.432394E-6
1.600000E+0	 4.735942E-10	 9.999934E-3	 2.415130E-6
1.800000E+0	 5.090836E-10	 9.999971E-3	 2.401088E-6
2.000000E+0	 5.155403E-10	 9.999882E-3	 2.389841E-6
2.200000E+0	 5.100964E-10	 9.999917E-3	 2.380149E-6
2.400000E+0	 5.322511E-10	 9.999907E-3	 2.373066E-6
2.600000E+0	 5.257947E-10	 9.999898E-3	 2.368202E-6
2.800000E+0	 5.557144E-10	 9.999840E-3	 2.365794E-6
3.000000E+0	 5.617907E-10	 9.999897E-3	 2.366082E-6
3.200001E+0	 5.768562E-10	 9.999924E-3	 2.368295E-6
3.400000E+0	 5.812870E-10	 9.999862E-3	 2.373808E-6
3.600000E+0	 5.924700E-10	 9.999938E-3	 2.381176E-6
3.800000E+0	 6.266512E-10	 9.999904E-3	 2.389883E-6
4.000000E+0	 6.161019E-10	 9.999867E-3	 2.401310E-6
4.200000E+0	 6.260605E-10	 1.000008E-2	 2.413864E-6
4.400001E+0	 6.356823E-10	 9.999913E-3	 2.431625E-6
4.600000E+0	 6.480047E-10	 9.999936E-3	 2.447032E-6
4.800001E+0	 6.730291E-10	 1.000004E-2	 2.465494E-6
5.000000E+0	 6.754773E-10	 9.999971E-3	 2.485080E-6
5.200000E+0	 6.904998E-10	 9.999751E-3	 2.506415E-6
5.400001E+0	 6.940860E-10	 9.999798E-3	 2.529317E-6
5.600000E+0	 7.140046E-10	 9.999955E-3	 2.553644E-6
5.800001E+0	 7.286893E-10	 9.999961E-3	 2.579948E-6
6.000000E+0	 7.378901E-10	 9.999961E-3	 2.605653E-6
6.200000E+0	 7.456961E-10	 9.999842E-3	 2.633626E-6
6.400001E+0	 7.444307E-10	 9.999946E-3	 2.662191E-6
6.600000E+0	 7.627872E-10	 9.999911E-3	 2.693505E-6
6.800001E+0	 7.617327E-10	 9.999907E-3	 2.724397E-6
7.000000E+0	 7.725351E-10	 9.999936E-3	 2.754723E-6
7.200000E+0	 7.986989E-10	 9.999949E-3	 2.788024E-6
7.400001E+0	 7.980235E-10	 9.999798E-3	 2.820676E-6
7.600000E+0	 8.053659E-10	 9.999794E-3	 2.853789E-6
7.800001E+0	 8.306864E-10	 9.999969E-3	 2.888973E-6
8.000001E+0	 8.400128E-10	 9.999958E-3	 2.924003E-6
8.200001E+0	 8.557951E-10	 9.999823E-3	 2.961124E-6
8.400001E+0	 8.535588E-10	 9.999868E-3	 2.996567E-6
8.600000E+0	 8.736029E-10	 9.999951E-3	 3.033645E-6
8.800000E+0	 8.858412E-10	 9.999881E-3	 3.071773E-6
9.000001E+0	 8.972347E-10	 9.999758E-3	 3.110947E-6
9.200001E+0	 8.907782E-10	 9.999840E-3	 3.149915E-6
9.400001E+0	 9.120898E-10	 9.999767E-3	 3.189059E-6
9.600000E+0	 9.092619E-10	 9.999959E-3	 3.228961E-6
9.800000E+0	 9.358049E-10	 9.999933E-3	 3.269777E-6
1.000000E+1	 9.355945E-10	 1.000014E-2	 3.309671E-6
1.020000E+1	 9.406578E-10	 9.999936E-3	 3.348470E-6
1.040000E+1	 9.607029E-10	 9.999720E-3	 3.396745E-6
1.060000E+1	 9.702823E-10	 9.999816E-3	 3.435053E-6
1.080000E+1	 1.002987E-9	 9.999949E-3	 3.476268E-6
1.100000E+1	 9.997374E-10	 9.999767E-3	 3.515431E-6
1.120000E+1	 1.016913E-9	 9.999926E-3	 3.556264E-6
1.140000E+1	 1.021470E-9	 9.999778E-3	 3.597004E-6
1.160000E+1	 1.036831E-9	 1.000007E-2	 3.636897E-6
1.180000E+1	 1.038519E-9	 9.999841E-3	 3.677146E-6
1.200000E+1	 1.039110E-9	 9.999744E-3	 3.714564E-6
1.220000E+1	 1.068650E-9	 9.999899E-3	 3.755149E-6
1.240000E+1	 1.084179E-9	 9.999954E-3	 3.795495E-6
1.260000E+1	 1.073292E-9	 9.999787E-3	 3.833148E-6
1.280000E+1	 1.083925E-9	 9.999635E-3	 3.871722E-6
1.300000E+1	 1.097261E-9	 9.999914E-3	 3.907671E-6
1.320000E+1	 1.099033E-9	 9.999811E-3	 3.954980E-6
1.340000E+1	 1.125704E-9	 9.999773E-3	 3.989542E-6
1.360000E+1	 1.137562E-9	 9.999932E-3	 4.025999E-6
1.380000E+1	 1.145706E-9	 1.000011E-2	 4.063939E-6
1.400000E+1	 1.160265E-9	 1.000001E-2	 4.099068E-6
1.420000E+1	 1.159420E-9	 9.999957E-3	 4.134882E-6
1.440000E+1	 1.191028E-9	 9.999763E-3	 4.171820E-6
1.460000E+1	 1.194742E-9	 1.000002E-2	 4.206589E-6
1.480000E+1	 1.193772E-9	 9.999857E-3	 4.241511E-6
1.500000E+1	 1.202760E-9	 9.999892E-3	 4.275355E-6
1.520000E+1	 1.221074E-9	 9.999924E-3	 4.311280E-6
1.540000E+1	 1.222171E-9	 9.999840E-3	 4.346902E-6
1.560000E+1	 1.229979E-9	 9.999887E-3	 4.380790E-6
1.580000E+1	 1.263823E-9	 9.999901E-3	 4.415596E-6
1.600000E+1	 1.265975E-9	 9.999969E-3	 4.448415E-6
1.620000E+1	 1.262641E-9	 1.000024E-2	 4.480813E-6
1.640000E+1	 1.283571E-9	 9.999872E-3	 4.514798E-6
1.660000E+1	 1.293194E-9	 9.999833E-3	 4.547250E-6
1.680000E+1	 1.301801E-9	 1.000001E-2	 4.579491E-6
1.700000E+1	 1.329696E-9	 9.999995E-3	 4.611360E-6
1.720000E+1	 1.317881E-9	 9.999968E-3	 4.642188E-6
1.740000E+1	 1.335394E-9	 9.999988E-3	 4.674327E-6
1.760000E+1	 1.334127E-9	 1.000002E-2	 4.704602E-6
1.780000E+1	 1.365270E-9	 9.999979E-3	 4.735202E-6
1.800000E+1	 1.340288E-9	 9.999932E-3	 4.766462E-6
1.820000E+1	 1.386286E-9	 9.999968E-3	 4.796940E-6
1.840000E+1	 1.396372E-9	 9.999744E-3	 4.826912E-6
1.860000E+1	 1.387467E-9	 9.999948E-3	 4.855760E-6
1.880000E+1	 1.402659E-9	 9.999749E-3	 4.885593E-6
1.900000E+1	 1.417640E-9	 9.999895E-3	 4.914071E-6
1.920000E+1	 1.433381E-9	 9.999967E-3	 4.943344E-6
1.940000E+1	 1.429624E-9	 9.999971E-3	 4.972769E-6
1.960000E+1	 1.457687E-9	 9.999890E-3	 5.001213E-6
1.980000E+1	 1.465241E-9	 1.000013E-2	 5.029645E-6
2.000000E+1	 1.462161E-9	 9.999918E-3	 5.057831E-6
2.020000E+1	 1.475116E-9	 9.999931E-3	 5.084696E-6
2.040000E+1	 1.474019E-9	 9.999711E-3	 5.113282E-6
2.060000E+1	 1.494527E-9	 1.000001E-2	 5.139097E-6
2.080000E+1	 1.496004E-9	 9.999964E-3	 5.166455E-6
2.100000E+1	 1.526894E-9	 9.999778E-3	 5.192662E-6
2.120000E+1	 1.519848E-9	 9.999691E-3	 5.217635E-6
2.140000E+1	 1.548670E-9	 9.999831E-3	 5.244474E-6
2.160000E+1	 1.544365E-9	 9.999933E-3	 5.269370E-6
2.180000E+1	 1.568039E-9	 9.999680E-3	 5.297270E-6
2.200000E+1	 1.568967E-9	 1.000010E-2	 5.323026E-6
2.220000E+1	 1.589012E-9	 9.999748E-3	 5.348337E-6
2.240000E+1	 1.591966E-9	 9.999923E-3	 5.370142E-6
2.260000E+1	 1.585931E-9	 9.999942E-3	 5.401294E-6
2.280000E+1	 1.608213E-9	 9.999851E-3	 5.424297E-6
2.300000E+1	 1.649990E-9	 9.999779E-3	 5.449122E-6
2.320000E+1	 1.637458E-9	 9.999895E-3	 5.472075E-6
2.340000E+1	 1.653198E-9	 9.999895E-3	 5.496483E-6
2.360000E+1	 1.653790E-9	 9.999967E-3	 5.520290E-6
2.380000E+1	 1.668559E-9	 9.999835E-3	 5.540345E-6
2.400000E+1	 1.672145E-9	 9.999993E-3	 5.570354E-6
2.420000E+1	 1.697002E-9	 9.999741E-3	 5.591864E-6
2.440000E+1	 1.710841E-9	 9.999897E-3	 5.614247E-6
2.460000E+1	 1.720085E-9	 9.999895E-3	 5.636603E-6
2.480000E+1	 1.726962E-9	 1.000002E-2	 5.657383E-6
2.500000E+1	 1.726540E-9	 9.999804E-3	 5.680658E-6
2.480000E+1	 1.423842E-9	 9.999862E-3	 5.635308E-6
2.460000E+1	 1.329822E-9	 9.999792E-3	 5.596220E-6
2.440000E+1	 1.274372E-9	 9.999979E-3	 5.558605E-6
2.420000E+1	 1.211959E-9	 9.999694E-3	 5.520148E-6
2.400000E+1	 1.168790E-9	 9.999956E-3	 5.485053E-6
2.380000E+1	 1.126885E-9	 9.999835E-3	 5.448391E-6
2.360000E+1	 1.094266E-9	 9.999795E-3	 5.414027E-6
2.340000E+1	 1.069199E-9	 9.999803E-3	 5.377008E-6
2.320000E+1	 1.032443E-9	 9.999825E-3	 5.341116E-6
2.300000E+1	 9.748833E-10	 9.999737E-3	 5.305980E-6
2.280000E+1	 9.586354E-10	 9.999900E-3	 5.270013E-6
2.260000E+1	 9.342438E-10	 9.999911E-3	 5.234226E-6
2.240000E+1	 9.074898E-10	 1.000004E-2	 5.198119E-6
2.220000E+1	 8.811570E-10	 9.999778E-3	 5.161945E-6
2.200000E+1	 8.617033E-10	 1.000000E-2	 5.125304E-6
2.180000E+1	 8.385356E-10	 9.999982E-3	 5.088168E-6
2.160000E+1	 8.173516E-10	 9.999970E-3	 5.050128E-6
2.140000E+1	 7.906390E-10	 9.999958E-3	 5.014172E-6
2.120000E+1	 7.693283E-10	 9.999899E-3	 4.977158E-6
2.100000E+1	 7.553184E-10	 9.999912E-3	 4.940417E-6
2.080000E+1	 7.311380E-10	 9.999956E-3	 4.901633E-6
2.060000E+1	 7.080962E-10	 9.999792E-3	 4.863503E-6
2.040000E+1	 6.831989E-10	 9.999743E-3	 4.826557E-6
2.020000E+1	 6.767844E-10	 9.999725E-3	 4.788383E-6
2.000000E+1	 6.497349E-10	 9.999793E-3	 4.749923E-6
1.980000E+1	 6.420126E-10	 9.999890E-3	 4.710014E-6
1.960000E+1	 6.236134E-10	 9.999775E-3	 4.670063E-6
1.940000E+1	 6.154685E-10	 9.999778E-3	 4.633119E-6
1.920000E+1	 6.011207E-10	 9.999839E-3	 4.592577E-6
1.900000E+1	 5.719187E-10	 9.999852E-3	 4.552526E-6
1.880000E+1	 5.471889E-10	 9.999887E-3	 4.510523E-6
1.860000E+1	 5.435186E-10	 9.999914E-3	 4.470616E-6
1.840000E+1	 5.259208E-10	 9.999862E-3	 4.430630E-6
1.820000E+1	 5.133461E-10	 9.999923E-3	 4.388967E-6
1.800000E+1	 4.892916E-10	 9.999837E-3	 4.349350E-6
1.780000E+1	 4.881104E-10	 9.999851E-3	 4.306532E-6
1.760000E+1	 4.672218E-10	 9.999734E-3	 4.264339E-6
1.740000E+1	 4.530433E-10	 9.999826E-3	 4.221963E-6
1.720000E+1	 4.312255E-10	 9.999899E-3	 4.177510E-6
1.700000E+1	 4.263304E-10	 9.999839E-3	 4.135608E-6
1.680000E+1	 4.168352E-10	 9.999924E-3	 4.091469E-6
1.660000E+1	 3.973812E-10	 9.999981E-3	 4.048535E-6
1.640000E+1	 3.832024E-10	 9.999872E-3	 4.005134E-6
1.620000E+1	 3.713022E-10	 9.999822E-3	 3.960534E-6
1.600000E+1	 3.653939E-10	 9.999865E-3	 3.915688E-6
1.580000E+1	 3.429439E-10	 9.999874E-3	 3.873623E-6
1.560000E+1	 3.307905E-10	 9.999897E-3	 3.822160E-6
1.540000E+1	 3.173709E-10	 9.999906E-3	 3.779954E-6
1.520000E+1	 2.959340E-10	 9.999892E-3	 3.734944E-6
1.500000E+1	 2.765219E-10	 9.999797E-3	 3.690547E-6
1.480000E+1	 2.737790E-10	 9.999811E-3	 3.645079E-6
1.460000E+1	 2.582072E-10	 9.999610E-3	 3.600368E-6
1.440000E+1	 2.463914E-10	 9.999882E-3	 3.555288E-6
1.420000E+1	 2.375715E-10	 9.999831E-3	 3.508809E-6
1.400000E+1	 2.224222E-10	 9.999912E-3	 3.463164E-6
1.380000E+1	 2.211985E-10	 9.999981E-3	 3.419194E-6
1.360000E+1	 1.989170E-10	 1.000006E-2	 3.373105E-6
1.340000E+1	 1.869324E-10	 1.000002E-2	 3.328456E-6
1.320000E+1	 1.764245E-10	 9.999968E-3	 3.284954E-6
1.300000E+1	 1.752849E-10	 9.999706E-3	 3.232297E-6
1.280000E+1	 1.619923E-10	 9.999855E-3	 3.190612E-6
1.260000E+1	 1.269244E-10	 1.000006E-2	 3.146353E-6
1.240000E+1	 1.221983E-10	 9.999944E-3	 3.103594E-6
1.220000E+1	 1.095382E-10	 9.999948E-3	 3.060478E-6
1.200000E+1	 9.890391E-11	 9.999851E-3	 3.018100E-6
1.180000E+1	 9.666748E-11	 9.999881E-3	 2.977208E-6
1.160000E+1	 7.181186E-11	 9.999881E-3	 2.935444E-6
1.140000E+1	 6.400516E-11	 9.999779E-3	 2.896287E-6
1.120000E+1	 5.180933E-11	 1.000003E-2	 2.856817E-6
1.100000E+1	 5.332862E-11	 1.000013E-2	 2.817960E-6
1.080000E+1	 4.408685E-11	 9.999905E-3	 2.780877E-6
1.060000E+1	 1.015853E-11	 9.999807E-3	 2.744368E-6
1.040000E+1	 1.598187E-11	 9.999897E-3	 2.709463E-6
1.020000E+1	 1.091804E-11	 1.000000E-2	 2.675102E-6
1.000000E+1	 -9.295537E-12	 9.999897E-3	 2.642944E-6
9.800000E+0	 -2.398096E-11	 1.000004E-2	 2.612305E-6
9.600000E+0	 -3.423553E-11	 1.000003E-2	 2.581427E-6
9.400001E+0	 -4.145159E-11	 9.999971E-3	 2.552943E-6
9.200001E+0	 -5.807811E-11	 9.999862E-3	 2.526676E-6
9.000001E+0	 -6.200279E-11	 9.999934E-3	 2.501401E-6
8.800000E+0	 -7.149771E-11	 1.000016E-2	 2.478334E-6
8.600000E+0	 -8.588774E-11	 9.999907E-3	 2.456017E-6
8.400001E+0	 -1.076627E-10	 9.999937E-3	 2.435180E-6
8.200001E+0	 -1.158494E-10	 1.000009E-2	 2.416824E-6
8.000001E+0	 -1.265681E-10	 9.999933E-3	 2.400535E-6
7.800001E+0	 -1.336576E-10	 1.000001E-2	 2.385555E-6
7.600000E+0	 -1.521832E-10	 9.999976E-3	 2.372698E-6
7.400001E+0	 -1.484275E-10	 9.999959E-3	 2.359060E-6
7.200000E+0	 -1.677971E-10	 9.999936E-3	 2.349303E-6
7.000000E+0	 -1.949738E-10	 1.000004E-2	 2.341056E-6
6.800001E+0	 -1.935389E-10	 9.999923E-3	 2.335533E-6
6.600000E+0	 -2.114748E-10	 9.999945E-3	 2.330739E-6
6.400001E+0	 -2.311832E-10	 9.999882E-3	 2.327387E-6
6.200000E+0	 -2.256547E-10	 9.999805E-3	 2.326490E-6
6.000000E+0	 -2.359942E-10	 9.999836E-3	 2.326731E-6
5.800001E+0	 -2.548163E-10	 1.000009E-2	 2.329749E-6
5.600000E+0	 -2.738495E-10	 1.000000E-2	 2.334650E-6
5.400001E+0	 -2.839780E-10	 9.999812E-3	 2.342091E-6
5.200000E+0	 -2.935157E-10	 9.999814E-3	 2.351117E-6
5.000000E+0	 -2.928404E-10	 9.999801E-3	 2.361402E-6
4.800001E+0	 -3.106496E-10	 1.000002E-2	 2.374113E-6
4.600000E+0	 -3.171066E-10	 9.999814E-3	 2.388959E-6
4.400001E+0	 -3.228882E-10	 9.999856E-3	 2.405136E-6
4.200000E+0	 -3.329745E-10	 9.999825E-3	 2.422646E-6
4.000000E+0	 -3.356334E-10	 9.999934E-3	 2.442405E-6
3.800000E+0	 -3.611233E-10	 9.999814E-3	 2.464014E-6
3.600000E+0	 -3.650903E-10	 9.999988E-3	 2.487687E-6
3.400000E+0	 -3.817179E-10	 9.999875E-3	 2.512465E-6
3.200001E+0	 -3.939144E-10	 1.000000E-2	 2.538812E-6
3.000000E+0	 -4.036630E-10	 9.999923E-3	 2.568148E-6
2.800000E+0	 -4.164081E-10	 9.999982E-3	 2.597311E-6
2.600000E+0	 -4.156906E-10	 1.000011E-2	 2.628169E-6
2.400000E+0	 -4.279292E-10	 9.999860E-3	 2.661762E-6
2.200000E+0	 -4.529971E-10	 1.000000E-2	 2.695268E-6
2.000000E+0	 -4.583991E-10	 9.999850E-3	 2.731154E-6
1.800000E+0	 -4.544743E-10	 9.999872E-3	 2.767933E-6
1.600000E+0	 -4.765459E-10	 9.999930E-3	 2.804541E-6
1.400000E+0	 -4.805974E-10	 9.999933E-3	 2.843558E-6
1.200000E+0	 -4.888692E-10	 9.999918E-3	 2.880420E-6
1.000000E+0	 -5.149919E-10	 9.999868E-3	 2.920678E-6
8.000004E-1	 -5.173131E-10	 9.999825E-3	 2.962237E-6
6.000004E-1	 -5.204360E-10	 1.000000E-2	 3.003692E-6
4.000004E-1	 -5.431828E-10	 9.999874E-3	 3.047330E-6
2.000004E-1	 -5.469811E-10	 9.999980E-3	 3.089365E-6
3.725290E-7	 -5.506950E-10	 9.999826E-3	 3.132782E-6
-1.999996E-1	 -5.539021E-10	 1.000014E-2	 3.173819E-6
-3.999996E-1	 -5.574470E-10	 9.999892E-3	 3.224450E-6
-5.999997E-1	 -5.887186E-10	 9.999895E-3	 3.266384E-6
-7.999997E-1	 -6.041647E-10	 9.999868E-3	 3.308872E-6
-9.999996E-1	 -6.147997E-10	 9.999872E-3	 3.352768E-6
-1.200000E+0	 -6.210454E-10	 9.999967E-3	 3.394279E-6
-1.400000E+0	 -6.464934E-10	 1.000011E-2	 3.440167E-6
-1.600000E+0	 -6.431595E-10	 9.999826E-3	 3.483662E-6
-1.800000E+0	 -6.542165E-10	 1.000001E-2	 3.527637E-6
-2.000000E+0	 -6.738824E-10	 9.999850E-3	 3.571424E-6
-2.200000E+0	 -6.726166E-10	 9.999812E-3	 3.614048E-6
-2.400000E+0	 -6.836732E-10	 9.999909E-3	 3.657081E-6
-2.600000E+0	 -7.002162E-10	 9.999787E-3	 3.701939E-6
-2.800000E+0	 -7.118220E-10	 9.999775E-3	 3.744596E-6
-3.000000E+0	 -7.148185E-10	 9.999952E-3	 3.788040E-6
-3.200000E+0	 -7.272681E-10	 9.999803E-3	 3.829994E-6
-3.400000E+0	 -7.412368E-10	 9.999992E-3	 3.871321E-6
-3.600000E+0	 -7.455840E-10	 9.999800E-3	 3.911966E-6
-3.800000E+0	 -7.572313E-10	 9.999800E-3	 3.960594E-6
-4.000000E+0	 -7.673602E-10	 9.999840E-3	 4.000445E-6
-4.200000E+0	 -7.849161E-10	 9.999832E-3	 4.041490E-6
-4.400000E+0	 -7.914571E-10	 9.999789E-3	 4.083262E-6
-4.600000E+0	 -8.090557E-10	 9.999771E-3	 4.124439E-6
-4.800000E+0	 -8.125586E-10	 9.999863E-3	 4.164518E-6
-5.000000E+0	 -8.283418E-10	 9.999877E-3	 4.204906E-6
-5.200000E+0	 -8.276665E-10	 9.999933E-3	 4.244566E-6
-5.400000E+0	 -8.496959E-10	 9.999870E-3	 4.284457E-6
-5.600000E+0	 -8.649305E-10	 9.999921E-3	 4.325488E-6
-5.800000E+0	 -8.686443E-10	 9.999955E-3	 4.364594E-6
-6.000000E+0	 -8.882267E-10	 9.999789E-3	 4.405097E-6
-6.200000E+0	 -8.878892E-10	 9.999837E-3	 4.443916E-6
-6.400000E+0	 -8.953163E-10	 9.999842E-3	 4.482265E-6
-6.600000E+0	 -9.100451E-10	 9.999739E-3	 4.521036E-6
-6.800000E+0	 -9.189920E-10	 9.999991E-3	 4.558095E-6
-7.000000E+0	 -9.159532E-10	 9.999999E-3	 4.595842E-6
-7.200000E+0	 -9.423293E-10	 9.999946E-3	 4.633756E-6
-7.400000E+0	 -9.475207E-10	 9.999869E-3	 4.671720E-6
-7.600000E+0	 -9.526271E-10	 9.999848E-3	 4.709451E-6
-7.800000E+0	 -9.677775E-10	 9.999872E-3	 4.746900E-6
-8.000000E+0	 -9.701406E-10	 9.999882E-3	 4.784370E-6
-8.200000E+0	 -9.931412E-10	 9.999936E-3	 4.821966E-6
-8.400000E+0	 -9.965594E-10	 9.999920E-3	 4.857070E-6
-8.599999E+0	 -1.019390E-9	 9.999979E-3	 4.894581E-6
-8.800000E+0	 -1.017365E-9	 9.999854E-3	 4.931081E-6
-9.000000E+0	 -1.027831E-9	 9.999893E-3	 4.963531E-6
-9.200000E+0	 -1.038972E-9	 9.999825E-3	 4.999712E-6
-9.400000E+0	 -1.050747E-9	 9.999943E-3	 5.034060E-6
-9.599999E+0	 -1.068050E-9	 9.999864E-3	 5.069592E-6
-9.800000E+0	 -1.066572E-9	 9.999797E-3	 5.104325E-6
-1.000000E+1	 -1.083453E-9	 9.999895E-3	 5.138972E-6
-1.020000E+1	 -1.100208E-9	 9.999952E-3	 5.172134E-6
-1.040000E+1	 -1.100925E-9	 9.999983E-3	 5.205801E-6
-1.060000E+1	 -1.112910E-9	 9.999862E-3	 5.239398E-6
-1.080000E+1	 -1.137936E-9	 9.999759E-3	 5.273688E-6
-1.100000E+1	 -1.123841E-9	 9.999881E-3	 5.306528E-6
-1.120000E+1	 -1.156041E-9	 9.999931E-3	 5.340334E-6
-1.140000E+1	 -1.157813E-9	 9.999789E-3	 5.373643E-6
-1.160000E+1	 -1.168659E-9	 9.999932E-3	 5.405197E-6
-1.180000E+1	 -1.175749E-9	 9.999973E-3	 5.436912E-6
-1.200000E+1	 -1.194782E-9	 9.999924E-3	 5.468758E-6
-1.220000E+1	 -1.195542E-9	 1.000006E-2	 5.499166E-6
-1.240000E+1	 -1.205923E-9	 9.999880E-3	 5.530617E-6
-1.260000E+1	 -1.214997E-9	 9.999879E-3	 5.562842E-6
-1.280000E+1	 -1.228164E-9	 9.999804E-3	 5.593271E-6
-1.300000E+1	 -1.246100E-9	 9.999933E-3	 5.623391E-6
-1.320000E+1	 -1.240656E-9	 1.000004E-2	 5.653260E-6
-1.340000E+1	 -1.270324E-9	 9.999769E-3	 5.684352E-6
-1.360000E+1	 -1.261461E-9	 9.999963E-3	 5.713310E-6
-1.380000E+1	 -1.278047E-9	 9.999882E-3	 5.743207E-6
-1.400000E+1	 -1.289990E-9	 9.999939E-3	 5.773430E-6
-1.420000E+1	 -1.295266E-9	 9.999775E-3	 5.804983E-6
-1.440000E+1	 -1.312779E-9	 9.999933E-3	 5.834579E-6
-1.460000E+1	 -1.325060E-9	 9.999855E-3	 5.865520E-6
-1.480000E+1	 -1.337340E-9	 9.999895E-3	 5.893302E-6
-1.500000E+1	 -1.343841E-9	 9.999984E-3	 5.920725E-6
-1.520000E+1	 -1.347553E-9	 9.999971E-3	 5.953349E-6
-1.540000E+1	 -1.353968E-9	 9.999747E-3	 5.981796E-6
-1.560000E+1	 -1.386126E-9	 1.000004E-2	 6.009433E-6
-1.580000E+1	 -1.403092E-9	 9.999906E-3	 6.035565E-6
-1.600000E+1	 -1.408028E-9	 1.000000E-2	 6.063286E-6
-1.620000E+1	 -1.423348E-9	 1.000006E-2	 6.090275E-6
-1.640000E+1	 -1.415583E-9	 9.999844E-3	 6.118117E-6
-1.660000E+1	 -1.423137E-9	 9.999803E-3	 6.144865E-6
-1.680000E+1	 -1.441707E-9	 9.999764E-3	 6.171771E-6
-1.700000E+1	 -1.448374E-9	 9.999951E-3	 6.198605E-6
-1.720000E+1	 -1.464580E-9	 9.999875E-3	 6.226493E-6
-1.740000E+1	 -1.474032E-9	 9.999872E-3	 6.250391E-6
-1.760000E+1	 -1.492307E-9	 9.999836E-3	 6.278551E-6
-1.780000E+1	 -1.487115E-9	 9.999881E-3	 6.305067E-6
-1.800000E+1	 -1.502941E-9	 9.999814E-3	 6.331806E-6
-1.820000E+1	 -1.498131E-9	 9.999865E-3	 6.358609E-6
-1.840000E+1	 -1.521806E-9	 9.999611E-3	 6.383566E-6
-1.860000E+1	 -1.532693E-9	 9.999920E-3	 6.408422E-6
-1.880000E+1	 -1.532778E-9	 9.999822E-3	 6.434420E-6
-1.900000E+1	 -1.551093E-9	 9.999914E-3	 6.460398E-6
-1.920000E+1	 -1.572068E-9	 9.999789E-3	 6.481954E-6
-1.940000E+1	 -1.563206E-9	 9.999892E-3	 6.513002E-6
-1.960000E+1	 -1.579285E-9	 9.999822E-3	 6.537540E-6
-1.980000E+1	 -1.595744E-9	 9.999929E-3	 6.561918E-6
-2.000000E+1	 -1.616507E-9	 9.999930E-3	 6.583939E-6
-2.020000E+1	 -1.600302E-9	 9.999795E-3	 6.609846E-6
-2.040000E+1	 -1.635160E-9	 9.999835E-3	 6.633942E-6
-2.060000E+1	 -1.644320E-9	 9.999620E-3	 6.658770E-6
-2.080000E+1	 -1.656261E-9	 9.999880E-3	 6.681787E-6
-2.100000E+1	 -1.651070E-9	 9.999847E-3	 6.705255E-6
-2.120000E+1	 -1.665419E-9	 9.999787E-3	 6.728416E-6
-2.140000E+1	 -1.678081E-9	 9.999932E-3	 6.752303E-6
-2.160000E+1	 -1.690234E-9	 9.999762E-3	 6.775968E-6
-2.180000E+1	 -1.688926E-9	 9.999811E-3	 6.800460E-6
-2.200000E+1	 -1.702388E-9	 9.999886E-3	 6.822175E-6
-2.220000E+1	 -1.711588E-9	 9.999747E-3	 6.844341E-6
-2.240000E+1	 -1.729525E-9	 9.999882E-3	 6.867625E-6
-2.260000E+1	 -1.732309E-9	 9.999889E-3	 6.888752E-6
-2.280000E+1	 -1.754846E-9	 9.999988E-3	 6.911675E-6
-2.300000E+1	 -1.759994E-9	 9.999941E-3	 6.933693E-6
-2.320000E+1	 -1.783584E-9	 9.999954E-3	 6.956213E-6
-2.340000E+1	 -1.783374E-9	 9.999920E-3	 6.978416E-6
-2.360000E+1	 -1.791561E-9	 9.999895E-3	 7.001201E-6
-2.380000E+1	 -1.800087E-9	 9.999847E-3	 7.021222E-6
-2.400000E+1	 -1.804474E-9	 9.999862E-3	 7.043065E-6
-2.420000E+1	 -1.825491E-9	 9.999787E-3	 7.064878E-6
-2.440000E+1	 -1.832243E-9	 9.999929E-3	 7.087421E-6
-2.460000E+1	 -1.839376E-9	 9.999807E-3	 7.106771E-6
-2.480000E+1	 -1.862883E-9	 9.999901E-3	 7.127883E-6
-2.500000E+1	 -1.854357E-9	 9.999839E-3	 7.147717E-6
-2.480000E+1	 -1.571731E-9	 9.999795E-3	 7.112630E-6
-2.460000E+1	 -1.473147E-9	 9.999736E-3	 7.077506E-6
-2.440000E+1	 -1.403260E-9	 9.999844E-3	 7.044693E-6
-2.420000E+1	 -1.355488E-9	 9.999905E-3	 7.011738E-6
-2.400000E+1	 -1.313243E-9	 9.999867E-3	 6.979374E-6
-2.380000E+1	 -1.287205E-9	 9.999711E-3	 6.949414E-6
-2.360000E+1	 -1.247408E-9	 9.999755E-3	 6.916655E-6
-2.340000E+1	 -1.182122E-9	 9.999644E-3	 6.885256E-6
-2.320000E+1	 -1.159164E-9	 9.999918E-3	 6.853993E-6
-2.300000E+1	 -1.131563E-9	 9.999807E-3	 6.822450E-6
-2.280000E+1	 -1.085184E-9	 9.999920E-3	 6.790406E-6
-2.260000E+1	 -1.071806E-9	 9.999822E-3	 6.758577E-6
-2.240000E+1	 -1.048890E-9	 9.999805E-3	 6.725969E-6
-2.220000E+1	 -1.017745E-9	 9.999713E-3	 6.693435E-6
-2.200000E+1	 -9.910310E-10	 9.999799E-3	 6.661640E-6
-2.180000E+1	 -9.605184E-10	 9.999769E-3	 6.629948E-6
-2.160000E+1	 -9.458746E-10	 9.999664E-3	 6.596314E-6
-2.140000E+1	 -9.191606E-10	 9.999786E-3	 6.563611E-6
-2.120000E+1	 -9.055297E-10	 9.999811E-3	 6.530552E-6
-2.100000E+1	 -8.845127E-10	 9.999872E-3	 6.498045E-6
-2.080000E+1	 -8.660705E-10	 9.999889E-3	 6.463091E-6
-2.060000E+1	 -8.501606E-10	 9.999701E-3	 6.431542E-6
-2.040000E+1	 -8.145833E-10	 9.999664E-3	 6.396573E-6
-2.020000E+1	 -8.159767E-10	 9.999855E-3	 6.363801E-6
-2.000000E+1	 -7.921743E-10	 9.999748E-3	 6.329803E-6
-1.980000E+1	 -7.914997E-10	 9.999811E-3	 6.295635E-6
-1.960000E+1	 -7.489598E-10	 9.999743E-3	 6.261397E-6
-1.940000E+1	 -7.566829E-10	 9.999717E-3	 6.227881E-6
-1.920000E+1	 -7.341048E-10	 9.999920E-3	 6.191232E-6
-1.900000E+1	 -7.250317E-10	 9.999895E-3	 6.157226E-6
-1.880000E+1	 -6.875136E-10	 9.999847E-3	 6.123315E-6
-1.860000E+1	 -6.804659E-10	 9.999951E-3	 6.087878E-6
-1.840000E+1	 -6.656530E-10	 9.999813E-3	 6.053852E-6
-1.820000E+1	 -6.614750E-10	 9.999862E-3	 6.017295E-6
-1.800000E+1	 -6.345081E-10	 9.999898E-3	 5.981540E-6
-1.780000E+1	 -6.026455E-10	 9.999868E-3	 5.945156E-6
-1.760000E+1	 -5.975389E-10	 9.999812E-3	 5.910197E-6
-1.740000E+1	 -5.894361E-10	 9.999954E-3	 5.874262E-6
-1.720000E+1	 -5.607388E-10	 1.000003E-2	 5.836755E-6
-1.700000E+1	 -5.625957E-10	 9.999886E-3	 5.800272E-6
-1.680000E+1	 -5.443646E-10	 9.999741E-3	 5.763323E-6
-1.660000E+1	 -5.407350E-10	 9.999898E-3	 5.724130E-6
-1.640000E+1	 -5.154560E-10	 1.000004E-2	 5.689403E-6
-1.620000E+1	 -4.931734E-10	 9.999620E-3	 5.653224E-6
-1.600000E+1	 -4.873074E-10	 9.999908E-3	 5.615136E-6
-1.580000E+1	 -4.744778E-10	 9.999748E-3	 5.577467E-6
-1.560000E+1	 -4.557402E-10	 9.999754E-3	 5.538252E-6
-1.540000E+1	 -4.508025E-10	 9.999893E-3	 5.500414E-6
-1.520000E+1	 -4.227804E-10	 9.999766E-3	 5.461936E-6
-1.500000E+1	 -4.283932E-10	 9.999958E-3	 5.423241E-6
-1.480000E+1	 -4.171675E-10	 9.999875E-3	 5.382583E-6
-1.460000E+1	 -4.079675E-10	 9.999649E-3	 5.342860E-6
-1.440000E+1	 -3.846297E-10	 9.999732E-3	 5.303209E-6
-1.420000E+1	 -3.636132E-10	 9.999743E-3	 5.262525E-6
-1.400000E+1	 -3.644993E-10	 9.999816E-3	 5.222200E-6
-1.380000E+1	 -3.580426E-10	 9.999792E-3	 5.182564E-6
-1.360000E+1	 -3.341138E-10	 9.999920E-3	 5.142181E-6
-1.340000E+1	 -3.337764E-10	 9.999808E-3	 5.100610E-6
-1.320000E+1	 -3.152918E-10	 9.999901E-3	 5.060015E-6
-1.300000E+1	 -2.998036E-10	 9.999719E-3	 5.018904E-6
-1.280000E+1	 -2.905614E-10	 9.999801E-3	 4.977535E-6
-1.260000E+1	 -2.705576E-10	 9.999828E-3	 4.935313E-6
-1.240000E+1	 -2.605980E-10	 9.999885E-3	 4.893783E-6
-1.220000E+1	 -2.414804E-10	 9.999792E-3	 4.850985E-6
-1.200000E+1	 -2.426199E-10	 9.999921E-3	 4.808093E-6
-1.180000E+1	 -2.245152E-10	 9.999693E-3	 4.765415E-6
-1.160000E+1	 -2.202528E-10	 9.999836E-3	 4.721548E-6
-1.140000E+1	 -2.051023E-10	 9.999755E-3	 4.679016E-6
-1.120000E+1	 -1.944674E-10	 9.999875E-3	 4.636560E-6
-1.100000E+1	 -1.895298E-10	 9.999919E-3	 4.592122E-6
-1.080000E+1	 -1.767434E-10	 9.999868E-3	 4.549657E-6
-1.060000E+1	 -1.563188E-10	 9.999869E-3	 4.505380E-6
-1.040000E+1	 -1.531538E-10	 9.999693E-3	 4.459809E-6
-1.020000E+1	 -1.552216E-10	 9.999801E-3	 4.416358E-6
-1.000000E+1	 -1.353034E-10	 9.999919E-3	 4.370529E-6
-9.800000E+0	 -1.137816E-10	 9.999803E-3	 4.324587E-6
-9.599999E+0	 -1.171998E-10	 9.999813E-3	 4.280660E-6
-9.400000E+0	 -1.049620E-10	 9.999888E-3	 4.235584E-6
-9.200000E+0	 -8.647856E-11	 9.999755E-3	 4.188433E-6
-9.000000E+0	 -6.415504E-11	 9.999912E-3	 4.142968E-6
-8.800000E+0	 -5.356296E-11	 9.999840E-3	 4.099852E-6
-8.599999E+0	 -4.111407E-11	 9.999837E-3	 4.052659E-6
-8.400000E+0	 -2.609107E-11	 9.999585E-3	 4.006144E-6
-8.200000E+0	 -3.575472E-11	 9.999863E-3	 3.961752E-6
-8.000000E+0	 4.967846E-12	 9.999597E-3	 3.915270E-6
-7.800000E+0	 5.263248E-12	 9.999741E-3	 3.868171E-6
-7.600000E+0	 2.433730E-11	 9.999764E-3	 3.821935E-6
-7.400000E+0	 2.142557E-11	 9.999767E-3	 3.774588E-6
-7.200000E+0	 2.657378E-11	 9.999882E-3	 3.729783E-6
-7.000000E+0	 4.404455E-11	 9.999875E-3	 3.681915E-6
-6.800000E+0	 4.885531E-11	 9.999782E-3	 3.636081E-6
-6.600000E+0	 5.965825E-11	 9.999739E-3	 3.589621E-6
-6.400000E+0	 7.236042E-11	 9.999737E-3	 3.543134E-6
-6.200000E+0	 8.227721E-11	 9.999814E-3	 3.497082E-6
-6.000000E+0	 1.002541E-10	 9.999756E-3	 3.450134E-6
-5.800000E+0	 -3.429909E-12	 9.999799E-3	 3.403052E-6
-5.600000E+0	 1.087786E-10	 9.999827E-3	 3.359484E-6
-5.400000E+0	 1.233374E-10	 9.999910E-3	 3.312602E-6
-5.200000E+0	 1.419475E-10	 9.999936E-3	 3.267367E-6
-5.000000E+0	 1.488682E-10	 9.999908E-3	 3.220766E-6
-4.800000E+0	 1.603040E-10	 9.999850E-3	 3.175387E-6
-4.600000E+0	 1.725840E-10	 9.999897E-3	 3.131163E-6
-4.400000E+0	 1.823322E-10	 9.999758E-3	 3.086955E-6
-4.200000E+0	 2.041917E-10	 9.999950E-3	 3.043562E-6
-4.000000E+0	 2.015753E-10	 9.999887E-3	 3.001911E-6
-3.800000E+0	 1.949080E-10	 9.999912E-3	 2.954868E-6
-3.600000E+0	 2.171468E-10	 1.000006E-2	 2.915057E-6
-3.400000E+0	 2.351661E-10	 9.999717E-3	 2.874609E-6
-3.200000E+0	 2.673221E-10	 9.999788E-3	 2.835013E-6
-3.000000E+0	 2.541136E-10	 9.999885E-3	 2.797638E-6
-2.800000E+0	 2.605278E-10	 9.999789E-3	 2.756046E-6
-2.600000E+0	 2.790115E-10	 9.999825E-3	 2.720671E-6
-2.400000E+0	 2.971567E-10	 9.999872E-3	 2.685065E-6
-2.200000E+0	 3.168641E-10	 9.999751E-3	 2.650449E-6
-2.000000E+0	 3.196493E-10	 9.999778E-3	 2.617815E-6
-1.800000E+0	 3.245867E-10	 9.999837E-3	 2.588001E-6
-1.600000E+0	 3.292290E-10	 9.999816E-3	 2.558425E-6
-1.400000E+0	 3.554770E-10	 9.999943E-3	 2.531753E-6
-1.200000E+0	 3.531982E-10	 9.999906E-3	 2.505358E-6
-9.999996E-1	 3.613005E-10	 9.999865E-3	 2.482650E-6
-7.999997E-1	 3.793618E-10	 9.999887E-3	 2.460676E-6
-5.999997E-1	 4.017275E-10	 9.999775E-3	 2.440700E-6
-3.999996E-1	 3.829909E-10	 9.999781E-3	 2.423496E-6
-1.999996E-1	 4.107584E-10	 9.999934E-3	 2.408225E-6
3.725290E-7	 4.105049E-10	 9.999864E-3	 2.395197E-6
2.000004E-1	 4.281870E-10	 9.999910E-3	 2.384226E-6
4.000004E-1	 4.478942E-10	 9.999980E-3	 2.376368E-6
6.000004E-1	 4.413113E-10	 9.999959E-3	 2.370267E-6
8.000004E-1	 4.617355E-10	 9.999828E-3	 2.366256E-6
1.000000E+0	 4.542244E-10	 9.999887E-3	 2.365354E-6
1.200000E+0	 4.670947E-10	 9.999850E-3	 2.366618E-6
1.400000E+0	 4.741424E-10	 9.999958E-3	 2.369747E-6
1.600000E+0	 4.889543E-10	 9.999791E-3	 2.375332E-6
1.800000E+0	 5.001789E-10	 9.999966E-3	 2.383689E-6
2.000000E+0	 5.133041E-10	 9.999851E-3	 2.394029E-6
2.200000E+0	 5.152871E-10	 9.999825E-3	 2.409730E-6
2.400000E+0	 5.248240E-10	 9.999921E-3	 2.423643E-6
2.600000E+0	 5.606930E-10	 9.999918E-3	 2.439613E-6
2.800000E+0	 5.645333E-10	 9.999952E-3	 2.457319E-6
3.000000E+0	 5.724673E-10	 9.999933E-3	 2.477560E-6
3.200001E+0	 5.822998E-10	 9.999751E-3	 2.500694E-6
3.400000E+0	 5.890097E-10	 1.000001E-2	 2.523671E-6
3.600000E+0	 6.036528E-10	 9.999982E-3	 2.549580E-6
3.800000E+0	 6.082524E-10	 9.999787E-3	 2.575468E-6
4.000000E+0	 6.295206E-10	 9.999861E-3	 2.603724E-6
4.200000E+0	 6.353446E-10	 9.999725E-3	 2.633698E-6
4.400001E+0	 6.309139E-10	 1.000000E-2	 2.662864E-6
4.600000E+0	 5.507774E-10	 9.999968E-3	 2.696410E-6
4.800001E+0	 6.491432E-10	 9.999957E-3	 2.725970E-6
5.000000E+0	 6.861109E-10	 9.999868E-3	 2.758606E-6
5.200000E+0	 6.731128E-10	 9.999795E-3	 2.793533E-6
5.400001E+0	 6.693158E-10	 1.000002E-2	 2.827607E-6
5.600000E+0	 7.159878E-10	 9.999930E-3	 2.863156E-6
5.800001E+0	 7.110088E-10	 9.999982E-3	 2.900388E-6
6.000000E+0	 7.296602E-10	 9.999921E-3	 2.936474E-6
6.200000E+0	 7.205030E-10	 9.999827E-3	 2.974039E-6
6.400001E+0	 7.512665E-10	 9.999707E-3	 3.011824E-6
6.600000E+0	 7.484393E-10	 9.999969E-3	 3.051041E-6
6.800001E+0	 7.800049E-10	 9.999979E-3	 3.089834E-6
7.000000E+0	 7.694548E-10	 9.999779E-3	 3.128650E-6
7.200000E+0	 7.899214E-10	 9.999921E-3	 3.168323E-6
7.400001E+0	 7.932127E-10	 9.999817E-3	 3.206588E-6
7.600000E+0	 8.127096E-10	 9.999910E-3	 3.247023E-6
7.800001E+0	 8.149038E-10	 9.999832E-3	 3.286943E-6
8.000001E+0	 8.198833E-10	 9.999886E-3	 3.327495E-6
8.200001E+0	 8.236817E-10	 9.999959E-3	 3.367584E-6
8.400001E+0	 8.468066E-10	 9.999924E-3	 3.408039E-6
8.600000E+0	 8.629688E-10	 9.999958E-3	 3.449616E-6
8.800000E+0	 8.687498E-10	 9.999901E-3	 3.491089E-6
9.000001E+0	 8.852503E-10	 1.000009E-2	 3.531821E-6
9.200001E+0	 8.771054E-10	 9.999895E-3	 3.573282E-6
9.400001E+0	 8.919598E-10	 9.999881E-3	 3.615570E-6
9.600000E+0	 9.109918E-10	 9.999716E-3	 3.658322E-6
9.800000E+0	 9.187988E-10	 9.999971E-3	 3.699843E-6
1.000000E+1	 9.317962E-10	 9.999921E-3	 3.741172E-6
1.020000E+1	 9.296861E-10	 9.999956E-3	 3.781938E-6
1.040000E+1	 9.554277E-10	 9.999900E-3	 3.822907E-6
1.060000E+1	 9.594795E-10	 9.999981E-3	 3.865464E-6
1.080000E+1	 9.862761E-10	 9.999894E-3	 3.906655E-6
1.100000E+1	 9.745025E-10	 9.999907E-3	 3.946541E-6
1.120000E+1	 9.910025E-10	 9.999933E-3	 3.986395E-6
1.140000E+1	 9.993164E-10	 1.000002E-2	 4.027826E-6
1.160000E+1	 1.017040E-9	 9.999938E-3	 4.067392E-6
1.180000E+1	 1.022188E-9	 9.999959E-3	 4.107333E-6
1.200000E+1	 1.036367E-9	 9.999813E-3	 4.145983E-6
1.220000E+1	 1.059999E-9	 9.999844E-3	 4.185820E-6
1.240000E+1	 1.063670E-9	 1.000012E-2	 4.225048E-6
1.260000E+1	 1.060082E-9	 9.999836E-3	 4.261876E-6
1.280000E+1	 1.086415E-9	 9.999842E-3	 4.300124E-6
1.300000E+1	 1.088905E-9	 9.999969E-3	 4.337283E-6
1.320000E+1	 1.085276E-9	 9.999992E-3	 4.375335E-6
1.340000E+1	 1.094644E-9	 9.999914E-3	 4.412439E-6
1.360000E+1	 1.108149E-9	 1.000002E-2	 4.449022E-6
1.380000E+1	 1.132455E-9	 9.999922E-3	 4.486053E-6
1.400000E+1	 1.118825E-9	 1.000003E-2	 4.519910E-6
1.420000E+1	 1.150432E-9	 9.999952E-3	 4.556208E-6
1.440000E+1	 1.152964E-9	 9.999909E-3	 4.591624E-6
1.460000E+1	 1.162460E-9	 9.999670E-3	 4.623524E-6
1.480000E+1	 1.170561E-9	 9.999851E-3	 4.664959E-6
1.500000E+1	 1.188834E-9	 9.999992E-3	 4.697491E-6
1.520000E+1	 1.215926E-9	 9.999958E-3	 4.730359E-6
1.540000E+1	 1.222383E-9	 9.999766E-3	 4.762365E-6
1.560000E+1	 1.232046E-9	 9.999814E-3	 4.795843E-6
1.580000E+1	 1.249264E-9	 9.999885E-3	 4.827915E-6
1.600000E+1	 1.247955E-9	 9.999923E-3	 4.860008E-6
1.620000E+1	 1.235591E-9	 9.999951E-3	 4.892328E-6
1.640000E+1	 1.265932E-9	 9.999830E-3	 4.923254E-6
1.660000E+1	 1.273824E-9	 9.999944E-3	 4.953084E-6
1.680000E+1	 1.280618E-9	 9.999773E-3	 4.985533E-6
1.700000E+1	 1.294924E-9	 1.000003E-2	 5.016059E-6
1.720000E+1	 1.306909E-9	 9.999854E-3	 5.045898E-6
1.740000E+1	 1.310706E-9	 9.999848E-3	 5.076250E-6
1.760000E+1	 1.310917E-9	 9.999800E-3	 5.106154E-6
1.780000E+1	 1.337628E-9	 9.999904E-3	 5.135587E-6
1.800000E+1	 1.343621E-9	 9.999870E-3	 5.163834E-6
1.820000E+1	 1.343960E-9	 9.999874E-3	 5.198967E-6
1.840000E+1	 1.374217E-9	 9.999907E-3	 5.225567E-6
1.860000E+1	 1.386116E-9	 9.999840E-3	 5.253338E-6
1.880000E+1	 1.381982E-9	 9.999857E-3	 5.281624E-6
1.900000E+1	 1.407807E-9	 1.000003E-2	 5.308214E-6
1.920000E+1	 1.411900E-9	 9.999919E-3	 5.335509E-6
1.940000E+1	 1.410171E-9	 9.999921E-3	 5.362794E-6
1.960000E+1	 1.420088E-9	 9.999952E-3	 5.389096E-6
1.980000E+1	 1.432199E-9	 1.000000E-2	 5.415651E-6
2.000000E+1	 1.444859E-9	 9.999895E-3	 5.440250E-6
2.020000E+1	 1.456717E-9	 9.999988E-3	 5.467427E-6
2.040000E+1	 1.465875E-9	 9.999881E-3	 5.492333E-6
2.060000E+1	 1.484189E-9	 9.999956E-3	 5.517821E-6
2.080000E+1	 1.472752E-9	 1.000006E-2	 5.543722E-6
2.100000E+1	 1.499887E-9	 9.999811E-3	 5.568683E-6
2.120000E+1	 1.502082E-9	 9.999655E-3	 5.592694E-6
2.140000E+1	 1.512631E-9	 9.999825E-3	 5.620228E-6
2.160000E+1	 1.525713E-9	 9.999800E-3	 5.642078E-6
2.180000E+1	 1.543774E-9	 9.999843E-3	 5.667147E-6
2.200000E+1	 1.554957E-9	 9.999882E-3	 5.690782E-6
2.220000E+1	 1.551539E-9	 9.999926E-3	 5.713252E-6
2.240000E+1	 1.568673E-9	 9.999766E-3	 5.736696E-6
2.260000E+1	 1.559472E-9	 9.999958E-3	 5.766521E-6
2.280000E+1	 1.589941E-9	 9.999820E-3	 5.788645E-6
2.300000E+1	 1.618635E-9	 9.999776E-3	 5.810918E-6
2.320000E+1	 1.609014E-9	 1.000001E-2	 5.832006E-6
2.340000E+1	 1.622729E-9	 9.999840E-3	 5.854523E-6
2.360000E+1	 1.688391E-9	 9.999854E-3	 5.876673E-6
2.380000E+1	 1.648851E-9	 9.999934E-3	 5.897296E-6
2.400000E+1	 1.658557E-9	 1.000012E-2	 5.919077E-6
2.420000E+1	 1.666068E-9	 9.999906E-3	 5.939694E-6
2.440000E+1	 1.659907E-9	 9.999936E-3	 5.961688E-6
2.460000E+1	 1.683624E-9	 9.999844E-3	 5.981406E-6
2.480000E+1	 1.699405E-9	 9.999835E-3	 6.002451E-6
2.500000E+1	 1.696453E-9	 9.999787E-3	 6.022633E-6
2.480000E+1	 1.393840E-9	 9.999823E-3	 5.980420E-6
2.460000E+1	 1.325181E-9	 9.999773E-3	 5.941591E-6
2.440000E+1	 1.248757E-9	 9.999816E-3	 5.905019E-6
2.420000E+1	 1.191873E-9	 9.999852E-3	 5.868687E-6
2.400000E+1	 1.152838E-9	 9.999746E-3	 5.832604E-6
2.380000E+1	 1.112748E-9	 9.999799E-3	 5.796069E-6
2.360000E+1	 1.074136E-9	 9.999731E-3	 5.762196E-6
2.340000E+1	 1.040756E-9	 9.999882E-3	 5.727449E-6
2.320000E+1	 1.006659E-9	 9.999930E-3	 5.692978E-6
2.300000E+1	 9.619269E-10	 1.000008E-2	 5.657750E-6
2.280000E+1	 9.328939E-10	 9.999839E-3	 5.622018E-6
2.260000E+1	 8.999784E-10	 9.999977E-3	 5.587322E-6
2.240000E+1	 8.863896E-10	 9.999830E-3	 5.552159E-6
2.220000E+1	 8.564700E-10	 9.999822E-3	 5.516685E-6
2.200000E+1	 8.511529E-10	 9.999881E-3	 5.481710E-6
2.180000E+1	 8.213179E-10	 9.999849E-3	 5.445153E-6
2.160000E+1	 7.846467E-10	 9.999943E-3	 5.410014E-6
2.140000E+1	 7.644331E-10	 9.999900E-3	 5.374141E-6
2.120000E+1	 7.489042E-10	 1.000008E-2	 5.337797E-6
2.100000E+1	 7.311796E-10	 9.999713E-3	 5.302225E-6
2.080000E+1	 7.163676E-10	 9.999858E-3	 5.266373E-6
2.060000E+1	 7.036235E-10	 1.000001E-2	 5.225475E-6
2.040000E+1	 6.731132E-10	 9.999814E-3	 5.189868E-6
2.020000E+1	 6.468651E-10	 9.999762E-3	 5.152661E-6
2.000000E+1	 6.358088E-10	 9.999984E-3	 5.115765E-6
1.980000E+1	 6.197308E-10	 9.999914E-3	 5.076666E-6
1.960000E+1	 5.950864E-10	 9.999856E-3	 5.038129E-6
1.940000E+1	 5.869422E-10	 9.999923E-3	 5.000498E-6
1.920000E+1	 5.650820E-10	 9.999812E-3	 4.961671E-6
1.900000E+1	 5.609047E-10	 9.999902E-3	 4.923063E-6
1.880000E+1	 5.444050E-10	 9.999863E-3	 4.883670E-6
1.860000E+1	 5.215325E-10	 9.999737E-3	 4.844471E-6
1.840000E+1	 5.163842E-10	 9.999942E-3	 4.805103E-6
1.820000E+1	 4.871398E-10	 9.999856E-3	 4.764029E-6
1.800000E+1	 4.822440E-10	 9.999956E-3	 4.723336E-6
1.780000E+1	 4.662511E-10	 9.999870E-3	 4.682973E-6
1.760000E+1	 4.546462E-10	 9.999831E-3	 4.642452E-6
1.740000E+1	 4.622840E-10	 9.999839E-3	 4.596292E-6
1.720000E+1	 4.287354E-10	 9.999893E-3	 4.556106E-6
1.700000E+1	 4.054414E-10	 9.999917E-3	 4.515241E-6
1.680000E+1	 3.880975E-10	 9.999921E-3	 4.471431E-6
1.660000E+1	 3.763659E-10	 1.000004E-2	 4.429766E-6
1.640000E+1	 3.667024E-10	 9.999908E-3	 4.387084E-6
1.620000E+1	 3.608367E-10	 9.999956E-3	 4.342917E-6
1.600000E+1	 3.442943E-10	 1.000001E-2	 4.299023E-6
1.580000E+1	 3.300732E-10	 9.999841E-3	 4.256402E-6
1.560000E+1	 3.093531E-10	 1.000002E-2	 4.212231E-6
1.540000E+1	 2.998581E-10	 9.999807E-3	 4.167594E-6
1.520000E+1	 2.927686E-10	 9.999990E-3	 4.123732E-6
1.500000E+1	 2.669002E-10	 9.999850E-3	 4.077285E-6
1.480000E+1	 2.699387E-10	 9.999863E-3	 4.033699E-6
1.460000E+1	 2.698121E-10	 9.999950E-3	 3.980782E-6
1.440000E+1	 2.414118E-10	 9.999989E-3	 3.938183E-6
1.420000E+1	 2.151639E-10	 9.999822E-3	 3.891975E-6
1.400000E+1	 2.117034E-10	 9.999979E-3	 3.846217E-6
1.380000E+1	 2.018286E-10	 9.999869E-3	 3.799877E-6
1.360000E+1	 1.859198E-10	 9.999895E-3	 3.753897E-6
1.340000E+1	 1.837673E-10	 9.999938E-3	 3.708336E-6
1.320000E+1	 1.707698E-10	 9.999874E-3	 3.660229E-6
1.300000E+1	 1.639758E-10	 9.999936E-3	 3.613629E-6
1.280000E+1	 1.635959E-10	 1.000011E-2	 3.567456E-6
1.260000E+1	 1.264184E-10	 9.999981E-3	 3.520355E-6
1.240000E+1	 1.272623E-10	 9.999879E-3	 3.474985E-6
1.220000E+1	 1.007608E-10	 9.999862E-3	 3.428281E-6
1.200000E+1	 1.073862E-10	 1.000013E-2	 3.380854E-6
1.180000E+1	 8.206621E-11	 9.999943E-3	 3.334816E-6
1.160000E+1	 6.928003E-11	 9.999629E-3	 3.289318E-6
1.140000E+1	 1.681958E-10	 9.999912E-3	 3.242243E-6
1.120000E+1	 4.691431E-11	 9.999912E-3	 3.199229E-6
1.100000E+1	 3.488730E-11	 9.999929E-3	 3.154246E-6
1.080000E+1	 2.754462E-11	 9.999825E-3	 3.110626E-6
1.060000E+1	 2.277609E-11	 9.999691E-3	 3.066074E-6
1.040000E+1	 9.441045E-12	 9.999837E-3	 3.023094E-6
1.020000E+1	 2.224970E-12	 9.999949E-3	 2.981886E-6
1.000000E+1	 -1.081471E-11	 1.000003E-2	 2.939033E-6
9.800000E+0	 -2.060502E-11	 9.999959E-3	 2.899568E-6
9.600000E+0	 -4.444776E-11	 9.999982E-3	 2.860139E-6
9.400001E+0	 -5.681225E-11	 9.999957E-3	 2.822090E-6
9.200001E+0	 -7.554881E-11	 9.999814E-3	 2.786113E-6
9.000001E+0	 -8.023295E-11	 9.999876E-3	 2.749731E-6
8.800000E+0	 -7.972660E-11	 9.999919E-3	 2.716125E-6
8.600000E+0	 -9.074069E-11	 9.999995E-3	 2.682995E-6
8.400001E+0	 -1.163980E-10	 9.999932E-3	 2.650897E-6
8.200001E+0	 -1.194364E-10	 9.999863E-3	 2.621462E-6
8.000001E+0	 -1.315054E-10	 9.999868E-3	 2.592165E-6
7.800001E+0	 -1.504530E-10	 9.999781E-3	 2.565728E-6
7.600000E+0	 -1.564876E-10	 9.999801E-3	 2.539512E-6
7.400001E+0	 -1.521832E-10	 9.999875E-3	 2.513916E-6
7.200000E+0	 -1.777139E-10	 9.999831E-3	 2.491593E-6
7.000000E+0	 -1.753930E-10	 9.999957E-3	 2.469616E-6
6.800001E+0	 -1.938765E-10	 9.999876E-3	 2.449571E-6
6.600000E+0	 -1.952692E-10	 9.999920E-3	 2.429960E-6
6.400001E+0	 -2.205905E-10	 9.999974E-3	 2.412195E-6
6.200000E+0	 -2.238822E-10	 9.999843E-3	 2.396220E-6
6.000000E+0	 -2.311410E-10	 9.999920E-3	 2.382467E-6
5.800001E+0	 -2.433795E-10	 9.999889E-3	 2.369685E-6
5.600000E+0	 -2.496255E-10	 9.999912E-3	 2.358929E-6
5.400001E+0	 -2.619063E-10	 9.999925E-3	 2.349667E-6
5.200000E+0	 -2.800954E-10	 9.999968E-3	 2.343262E-6
5.000000E+0	 -2.790825E-10	 1.000002E-2	 2.338151E-6
4.800001E+0	 -2.974826E-10	 9.999862E-3	 2.335186E-6
4.600000E+0	 -3.079909E-10	 9.999814E-3	 2.333257E-6
4.400001E+0	 -3.284167E-10	 9.999782E-3	 2.333863E-6
4.200000E+0	 -3.325948E-10	 1.000006E-2	 2.336217E-6
4.000000E+0	 -3.463104E-10	 9.999768E-3	 2.341010E-6
3.800000E+0	 -3.584646E-10	 9.999881E-3	 2.347443E-6
3.600000E+0	 -3.640353E-10	 9.999962E-3	 2.354956E-6
3.400000E+0	 -3.765692E-10	 1.000001E-2	 2.365217E-6
3.200001E+0	 -3.836171E-10	 9.999898E-3	 2.375648E-6
3.000000E+0	 -3.824353E-10	 9.999906E-3	 2.392753E-6
2.800000E+0	 -4.064062E-10	 9.999825E-3	 2.407353E-6
2.600000E+0	 -4.199530E-10	 1.000008E-2	 2.424435E-6
2.400000E+0	 -4.323180E-10	 1.000011E-2	 2.443937E-6
2.200000E+0	 -4.355257E-10	 9.999942E-3	 2.464463E-6
2.000000E+0	 -4.600450E-10	 9.999905E-3	 2.485092E-6
1.800000E+0	 -4.567110E-10	 9.999882E-3	 2.513831E-6
1.600000E+0	 -4.768836E-10	 9.999872E-3	 2.537614E-6
1.400000E+0	 -5.006855E-10	 9.999909E-3	 2.565152E-6
1.200000E+0	 -5.037241E-10	 1.000008E-2	 2.593387E-6
1.000000E+0	 -5.263022E-10	 9.999897E-3	 2.623334E-6
8.000004E-1	 -5.170179E-10	 1.000002E-2	 2.654174E-6
6.000004E-1	 -5.333921E-10	 1.000011E-2	 2.685689E-6
4.000004E-1	 -5.381189E-10	 1.000010E-2	 2.719783E-6
2.000004E-1	 -5.515392E-10	 1.000013E-2	 2.754274E-6
3.725290E-7	 -5.593464E-10	 1.000006E-2	 2.789514E-6
-1.999996E-1	 -5.612456E-10	 9.999991E-3	 2.825570E-6
-3.999996E-1	 -5.827684E-10	 9.999835E-3	 2.863206E-6
-5.999997E-1	 -5.839079E-10	 9.999954E-3	 2.900442E-6
-7.999997E-1	 -5.976659E-10	 9.999895E-3	 2.939054E-6
-9.999996E-1	 -6.087227E-10	 1.000004E-2	 2.978718E-6
-1.200000E+0	 -6.170366E-10	 9.999981E-3	 3.017672E-6
-1.400000E+0	 -6.213411E-10	 1.000000E-2	 3.057311E-6
-1.600000E+0	 -6.407542E-10	 9.999995E-3	 3.096570E-6
-1.800000E+0	 -6.461980E-10	 9.999936E-3	 3.137664E-6
-2.000000E+0	 -6.618127E-10	 9.999860E-3	 3.179162E-6
-2.200000E+0	 -6.723212E-10	 9.999852E-3	 3.219505E-6
-2.400000E+0	 -6.899616E-10	 1.000006E-2	 3.260859E-6
-2.600000E+0	 -6.876401E-10	 1.000001E-2	 3.302098E-6
-2.800000E+0	 -7.009764E-10	 9.999788E-3	 3.341972E-6
-3.000000E+0	 -7.130038E-10	 9.999936E-3	 3.384012E-6
-3.200000E+0	 -7.201781E-10	 9.999948E-3	 3.425502E-6
-3.400000E+0	 -7.288298E-10	 9.999813E-3	 3.465541E-6
-3.600000E+0	 -7.385360E-10	 9.999883E-3	 3.507907E-6
-3.800000E+0	 -7.526737E-10	 9.999864E-3	 3.548481E-6
-4.000000E+0	 -7.611986E-10	 9.999751E-3	 3.588818E-6
-4.200000E+0	 -7.661362E-10	 9.999982E-3	 3.636252E-6
-4.400000E+0	 -7.859289E-10	 9.999958E-3	 3.674467E-6
-4.600000E+0	 -8.011217E-10	 9.999909E-3	 3.715480E-6
-4.800000E+0	 -8.234887E-10	 1.000002E-2	 3.754634E-6
-5.000000E+0	 -8.261053E-10	 9.999706E-3	 3.795573E-6
-5.200000E+0	 -8.313803E-10	 9.999969E-3	 3.833718E-6
-5.400000E+0	 -8.500336E-10	 1.000008E-2	 3.873022E-6
-5.600000E+0	 -8.616813E-10	 9.999900E-3	 3.914411E-6
-5.800000E+0	 -8.575457E-10	 9.999955E-3	 3.952790E-6
-6.000000E+0	 -8.762835E-10	 9.999842E-3	 3.994010E-6
-6.200000E+0	 -8.935859E-10	 9.999737E-3	 4.032082E-6
-6.400000E+0	 -8.923206E-10	 9.999976E-3	 4.070264E-6
-6.600000E+0	 -8.944729E-10	 9.999760E-3	 4.107631E-6
-6.800000E+0	 -9.129149E-10	 1.000006E-2	 4.144514E-6
-7.000000E+0	 -9.258706E-10	 9.999908E-3	 4.183800E-6
-7.200000E+0	 -9.259129E-10	 9.999929E-3	 4.221704E-6
-7.400000E+0	 -9.324970E-10	 9.999873E-3	 4.260653E-6
-7.600000E+0	 -9.527116E-10	 1.000022E-2	 4.297068E-6
-7.800000E+0	 -9.581553E-10	 9.999906E-3	 4.333961E-6
-8.000000E+0	 -9.667654E-10	 9.999907E-3	 4.371032E-6
-8.200000E+0	 -9.864735E-10	 9.999995E-3	 4.407286E-6
-8.400000E+0	 -9.981631E-10	 1.000001E-2	 4.443611E-6
-8.599999E+0	 -1.008206E-9	 9.999779E-3	 4.480865E-6
-8.800000E+0	 -1.012934E-9	 1.000006E-2	 4.518317E-6
-9.000000E+0	 -1.024624E-9	 9.999968E-3	 4.553356E-6
-9.200000E+0	 -1.037748E-9	 9.999982E-3	 4.590137E-6
-9.400000E+0	 -1.048848E-9	 9.999912E-3	 4.625263E-6
-9.599999E+0	 -1.055305E-9	 9.999924E-3	 4.660250E-6
-9.800000E+0	 -1.064377E-9	 9.999944E-3	 4.694269E-6
-1.000000E+1	 -1.072269E-9	 9.999963E-3	 4.735053E-6
-1.020000E+1	 -1.080837E-9	 9.999810E-3	 4.768579E-6
-1.040000E+1	 -1.103710E-9	 9.999949E-3	 4.802330E-6
-1.060000E+1	 -1.120802E-9	 9.999812E-3	 4.837660E-6
-1.080000E+1	 -1.132239E-9	 9.999816E-3	 4.872159E-6
-1.100000E+1	 -1.146925E-9	 9.999926E-3	 4.904476E-6
-1.120000E+1	 -1.149880E-9	 9.999918E-3	 4.935907E-6
-1.140000E+1	 -1.156126E-9	 9.999900E-3	 4.970622E-6
-1.160000E+1	 -1.160008E-9	 9.999800E-3	 5.003285E-6
-1.180000E+1	 -1.179041E-9	 1.000003E-2	 5.036119E-6
-1.200000E+1	 -1.187270E-9	 1.000001E-2	 5.068323E-6
-1.220000E+1	 -1.196471E-9	 9.999892E-3	 5.101600E-6
-1.240000E+1	 -1.200901E-9	 9.999849E-3	 5.130583E-6
-1.260000E+1	 -1.205587E-9	 1.000001E-2	 5.168148E-6
-1.280000E+1	 -1.232722E-9	 1.000006E-2	 5.199346E-6
-1.300000E+1	 -1.238166E-9	 1.000001E-2	 5.231259E-6
-1.320000E+1	 -1.154268E-9	 9.999968E-3	 5.263649E-6
-1.340000E+1	 -1.268088E-9	 9.999805E-3	 5.292450E-6
-1.360000E+1	 -1.277625E-9	 9.999845E-3	 5.323872E-6
-1.380000E+1	 -1.273446E-9	 9.999886E-3	 5.353517E-6
-1.400000E+1	 -1.289019E-9	 9.999974E-3	 5.383665E-6
-1.420000E+1	 -1.301807E-9	 9.999813E-3	 5.414632E-6
-1.440000E+1	 -1.307504E-9	 9.999934E-3	 5.445208E-6
-1.460000E+1	 -1.316620E-9	 9.999955E-3	 5.475300E-6
-1.480000E+1	 -1.326959E-9	 1.000013E-2	 5.505041E-6
-1.500000E+1	 -1.339451E-9	 9.999907E-3	 5.534352E-6
-1.520000E+1	 -1.350762E-9	 1.000006E-2	 5.563752E-6
-1.540000E+1	 -1.371229E-9	 9.999918E-3	 5.592092E-6
-1.560000E+1	 -1.368233E-9	 9.999919E-3	 5.620910E-6
-1.580000E+1	 -1.372073E-9	 9.999944E-3	 5.650884E-6
-1.600000E+1	 -1.401826E-9	 9.999942E-3	 5.678978E-6
-1.620000E+1	 -1.387645E-9	 9.999881E-3	 5.705712E-6
-1.640000E+1	 -1.409548E-9	 9.999945E-3	 5.736058E-6
-1.660000E+1	 -1.418115E-9	 9.999774E-3	 5.763256E-6
-1.680000E+1	 -1.435418E-9	 9.999856E-3	 5.790640E-6
-1.700000E+1	 -1.454916E-9	 9.999875E-3	 5.818455E-6
-1.720000E+1	 -1.457321E-9	 1.000001E-2	 5.844701E-6
-1.740000E+1	 -1.462090E-9	 9.999808E-3	 5.873517E-6
-1.760000E+1	 -1.477366E-9	 9.999956E-3	 5.899336E-6
-1.780000E+1	 -1.468082E-9	 9.999918E-3	 5.930181E-6
-1.800000E+1	 -1.486989E-9	 9.999789E-3	 5.957223E-6
-1.820000E+1	 -1.509695E-9	 9.999974E-3	 5.984097E-6
-1.840000E+1	 -1.524085E-9	 9.999872E-3	 6.011154E-6
-1.860000E+1	 -1.535521E-9	 9.999880E-3	 6.039025E-6
-1.880000E+1	 -1.542273E-9	 9.999909E-3	 6.063340E-6
-1.900000E+1	 -1.558015E-9	 1.000003E-2	 6.088103E-6
-1.920000E+1	 -1.557509E-9	 9.999956E-3	 6.117447E-6
-1.940000E+1	 -1.567976E-9	 9.999856E-3	 6.143143E-6
-1.960000E+1	 -1.598995E-9	 9.999787E-3	 6.168393E-6
-1.980000E+1	 -1.598613E-9	 9.999957E-3	 6.194260E-6
-2.000000E+1	 -1.606125E-9	 9.999881E-3	 6.220093E-6
-2.020000E+1	 -1.618617E-9	 1.000001E-2	 6.245131E-6
-2.040000E+1	 -1.628324E-9	 9.999812E-3	 6.270189E-6
-2.060000E+1	 -1.631110E-9	 9.999860E-3	 6.294536E-6
-2.080000E+1	 -1.639380E-9	 9.999822E-3	 6.319799E-6
-2.100000E+1	 -1.651493E-9	 9.999931E-3	 6.343972E-6
-2.120000E+1	 -1.668120E-9	 9.999699E-3	 6.367457E-6
-2.140000E+1	 -1.689516E-9	 9.999762E-3	 6.392109E-6
-2.160000E+1	 -1.677362E-9	 9.999799E-3	 6.416488E-6
-2.180000E+1	 -1.699899E-9	 1.000002E-2	 6.439513E-6
-2.200000E+1	 -1.703866E-9	 9.999737E-3	 6.462282E-6
-2.220000E+1	 -1.710026E-9	 9.999678E-3	 6.487037E-6
-2.240000E+1	 -1.737670E-9	 9.999921E-3	 6.511110E-6
-2.260000E+1	 -1.729398E-9	 9.999801E-3	 6.534600E-6
-2.280000E+1	 -1.733618E-9	 9.999893E-3	 6.561033E-6
-2.300000E+1	 -1.756112E-9	 9.999820E-3	 6.583668E-6
-2.320000E+1	 -1.771263E-9	 9.999967E-3	 6.606441E-6
-2.340000E+1	 -1.779070E-9	 9.999898E-3	 6.628421E-6
-2.360000E+1	 -1.793882E-9	 9.999906E-3	 6.651763E-6
-2.380000E+1	 -1.812748E-9	 9.999827E-3	 6.673860E-6
-2.400000E+1	 -1.803462E-9	 9.999842E-3	 6.699125E-6
-2.420000E+1	 -1.826504E-9	 9.999979E-3	 6.720919E-6
-2.440000E+1	 -1.835198E-9	 9.999968E-3	 6.743819E-6
-2.460000E+1	 -1.851108E-9	 9.999830E-3	 6.764751E-6
-2.480000E+1	 -1.857100E-9	 9.999775E-3	 6.788608E-6
-2.500000E+1	 -1.865372E-9	 9.999805E-3	 6.808892E-6
-2.480000E+1	 -1.582239E-9	 9.999942E-3	 6.772375E-6
-2.460000E+1	 -1.475636E-9	 9.999667E-3	 6.738372E-6
-2.440000E+1	 -1.413220E-9	 9.999736E-3	 6.706007E-6
-2.420000E+1	 -1.360552E-9	 9.999907E-3	 6.673673E-6
-2.400000E+1	 -1.304170E-9	 9.999851E-3	 6.640277E-6
-2.380000E+1	 -1.272519E-9	 1.000000E-2	 6.608515E-6
-2.360000E+1	 -1.231119E-9	 9.999844E-3	 6.575824E-6
-2.340000E+1	 -1.212423E-9	 9.999749E-3	 6.544734E-6
-2.320000E+1	 -1.165958E-9	 9.999898E-3	 6.512968E-6
-2.300000E+1	 -1.122702E-9	 9.999800E-3	 6.480091E-6
-2.280000E+1	 -1.095270E-9	 9.999707E-3	 6.448196E-6
-2.260000E+1	 -1.081596E-9	 9.999751E-3	 6.415784E-6
-2.240000E+1	 -1.060538E-9	 9.999942E-3	 6.382725E-6
-2.220000E+1	 -1.029898E-9	 9.999810E-3	 6.351136E-6
-2.200000E+1	 -9.822108E-10	 9.999766E-3	 6.320956E-6
-2.180000E+1	 -9.697191E-10	 9.999816E-3	 6.287838E-6
-2.160000E+1	 -9.548636E-10	 9.999803E-3	 6.255901E-6
-2.140000E+1	 -9.282340E-10	 9.999822E-3	 6.223607E-6
-2.120000E+1	 -9.031662E-10	 9.999824E-3	 6.190118E-6
-2.100000E+1	 -8.940922E-10	 9.999868E-3	 6.159118E-6
-2.080000E+1	 -8.734558E-10	 9.999945E-3	 6.124892E-6
-2.060000E+1	 -8.475015E-10	 9.999754E-3	 6.092058E-6
-2.040000E+1	 -8.303254E-10	 9.999699E-3	 6.059488E-6
-2.020000E+1	 -8.042025E-10	 9.999872E-3	 6.023883E-6
-2.000000E+1	 -7.955508E-10	 1.000003E-2	 5.992097E-6
-1.980000E+1	 -7.644481E-10	 9.999930E-3	 5.956608E-6
-1.960000E+1	 -7.604812E-10	 9.999892E-3	 5.923456E-6
-1.940000E+1	 -7.515343E-10	 9.999883E-3	 5.889347E-6
-1.920000E+1	 -7.274368E-10	 9.999858E-3	 5.853071E-6
-1.900000E+1	 -7.197142E-10	 9.999955E-3	 5.818990E-6
-1.880000E+1	 -6.962920E-10	 9.999938E-3	 5.783861E-6
-1.860000E+1	 -6.869230E-10	 9.999887E-3	 5.748322E-6
-1.840000E+1	 -6.618552E-10	 9.999750E-3	 5.713067E-6
-1.820000E+1	 -6.557358E-10	 9.999963E-3	 5.677950E-6
-1.800000E+1	 -6.336640E-10	 9.999773E-3	 5.642076E-6
-1.780000E+1	 -5.810801E-10	 9.999691E-3	 5.607424E-6
-1.760000E+1	 -6.160658E-10	 9.999571E-3	 5.570962E-6
-1.740000E+1	 -5.863977E-10	 9.999944E-3	 5.533686E-6
-1.720000E+1	 -5.965686E-10	 9.999851E-3	 5.496492E-6
-1.700000E+1	 -5.675335E-10	 9.999964E-3	 5.459180E-6
-1.680000E+1	 -5.623004E-10	 9.999835E-3	 5.422412E-6
-1.660000E+1	 -5.411150E-10	 9.999766E-3	 5.385033E-6
-1.640000E+1	 -5.266396E-10	 9.999934E-3	 5.347157E-6
-1.620000E+1	 -5.222928E-10	 9.999872E-3	 5.309072E-6
-1.600000E+1	 -4.859147E-10	 1.000009E-2	 5.272445E-6
-1.580000E+1	 -4.895441E-10	 9.999836E-3	 5.234069E-6
-1.560000E+1	 -4.737606E-10	 9.999920E-3	 5.195194E-6
-1.540000E+1	 -4.557403E-10	 9.999984E-3	 5.154227E-6
-1.520000E+1	 -4.374245E-10	 9.999922E-3	 5.117212E-6
-1.500000E+1	 -4.375511E-10	 9.999795E-3	 5.079361E-6
-1.480000E+1	 -4.121455E-10	 9.999788E-3	 5.038740E-6
-1.460000E+1	 -4.125675E-10	 9.999934E-3	 4.998906E-6
-1.440000E+1	 -3.912555E-10	 9.999741E-3	 4.960189E-6
-1.420000E+1	 -3.825197E-10	 9.999844E-3	 4.920416E-6
-1.400000E+1	 -3.768225E-10	 9.999922E-3	 4.879215E-6
-1.380000E+1	 -3.627270E-10	 9.999826E-3	 4.840650E-6
-1.360000E+1	 -3.501507E-10	 9.999952E-3	 4.800190E-6
-1.340000E+1	 -3.298937E-10	 9.999881E-3	 4.759522E-6
-1.320000E+1	 -3.332278E-10	 9.999981E-3	 4.718188E-6
-1.300000E+1	 -2.965119E-10	 9.999912E-3	 4.677161E-6
-1.280000E+1	 -3.017872E-10	 1.000000E-2	 4.636327E-6
-1.260000E+1	 -2.726677E-10	 9.999944E-3	 4.593926E-6
-1.240000E+1	 -2.903926E-10	 9.999860E-3	 4.553720E-6
-1.220000E+1	 -2.707687E-10	 9.999918E-3	 4.510430E-6
-1.200000E+1	 -2.496676E-10	 9.999801E-3	 4.468423E-6
-1.180000E+1	 -2.254015E-10	 9.999856E-3	 4.426789E-6
-1.160000E+1	 -2.286932E-10	 9.999699E-3	 4.384003E-6
-1.140000E+1	 -2.374290E-10	 1.000007E-2	 4.341558E-6
-1.120000E+1	 -1.948894E-10	 9.999988E-3	 4.298431E-6
-1.100000E+1	 -1.825247E-10	 9.999941E-3	 4.255616E-6
-1.080000E+1	 -1.848035E-10	 1.000005E-2	 4.213161E-6
-1.060000E+1	 -1.715528E-10	 1.000013E-2	 4.166671E-6
-1.040000E+1	 -1.591884E-10	 9.999898E-3	 4.123144E-6
-1.020000E+1	 -1.307881E-10	 9.999838E-3	 4.080830E-6
-1.000000E+1	 -1.210822E-10	 9.999905E-3	 4.035555E-6
-9.800000E+0	 -1.357676E-10	 9.999863E-3	 3.992762E-6
-9.599999E+0	 -1.010374E-10	 9.999827E-3	 3.946878E-6
-9.400000E+0	 -8.618316E-11	 9.999918E-3	 3.903337E-6
-9.200000E+0	 -7.685706E-11	 1.000002E-2	 3.859890E-6
-9.000000E+0	 -6.310001E-11	 9.999824E-3	 3.814670E-6
-8.800000E+0	 -6.255139E-11	 9.999811E-3	 3.771430E-6
-8.599999E+0	 -4.436350E-11	 9.999800E-3	 3.726007E-6
-8.400000E+0	 -3.710517E-11	 9.999889E-3	 3.680924E-6
-8.200000E+0	 -2.980466E-11	 9.999840E-3	 3.636128E-6
-8.000000E+0	 -1.579435E-11	 9.999925E-3	 3.590988E-6
-7.800000E+0	 -5.919584E-12	 9.999958E-3	 3.544766E-6
-7.600000E+0	 1.353424E-11	 9.999934E-3	 3.500069E-6
-7.400000E+0	 1.180404E-11	 9.999848E-3	 3.454772E-6
-7.200000E+0	 1.754327E-11	 9.999753E-3	 3.410426E-6
-7.000000E+0	 4.433989E-11	 1.000003E-2	 3.365516E-6
-6.800000E+0	 5.944742E-11	 9.999948E-3	 3.321068E-6
-6.600000E+0	 6.033343E-11	 9.999888E-3	 3.277128E-6
-6.400000E+0	 5.290654E-11	 9.999814E-3	 3.232361E-6
-6.200000E+0	 8.366985E-11	 9.999827E-3	 3.189419E-6
-6.000000E+0	 7.075684E-11	 9.999920E-3	 3.145398E-6
-5.800000E+0	 9.903031E-11	 9.999956E-3	 3.102228E-6
-5.600000E+0	 1.121546E-10	 9.999767E-3	 3.059795E-6
-5.400000E+0	 1.297516E-10	 9.999922E-3	 3.017052E-6
-5.200000E+0	 1.229577E-10	 9.999868E-3	 2.975317E-6
-5.000000E+0	 1.465471E-10	 1.000004E-2	 2.936013E-6
-4.800000E+0	 1.563376E-10	 9.999824E-3	 2.895179E-6
-4.600000E+0	 1.656637E-10	 9.999874E-3	 2.855761E-6
-4.400000E+0	 1.661697E-10	 1.000003E-2	 2.813825E-6
-4.200000E+0	 1.860037E-10	 9.999872E-3	 2.776955E-6
-4.000000E+0	 2.053312E-10	 9.999909E-3	 2.741188E-6
-3.800000E+0	 2.209027E-10	 9.999800E-3	 2.705509E-6
-3.600000E+0	 2.215779E-10	 9.999776E-3	 2.671508E-6
-3.400000E+0	 2.302710E-10	 9.999804E-3	 2.638707E-6
-3.200000E+0	 2.463911E-10	 9.999823E-3	 2.606826E-6
-3.000000E+0	 2.579117E-10	 9.999993E-3	 2.576585E-6
-2.800000E+0	 2.709512E-10	 9.999862E-3	 2.547453E-6
-2.600000E+0	 2.727237E-10	 9.999930E-3	 2.520879E-6
-2.400000E+0	 2.787585E-10	 9.999959E-3	 2.495268E-6
-2.200000E+0	 2.985075E-10	 1.000006E-2	 2.472160E-6
-2.000000E+0	 3.082974E-10	 9.999966E-3	 2.451445E-6
-1.800000E+0	 3.188473E-10	 9.999933E-3	 2.432098E-6
-1.600000E+0	 3.400319E-10	 1.000005E-2	 2.414576E-6
-1.400000E+0	 3.330266E-10	 9.999888E-3	 2.399736E-6
-1.200000E+0	 3.610469E-10	 9.999991E-3	 2.386329E-6
-9.999996E-1	 3.596547E-10	 1.000006E-2	 2.375413E-6
-7.999997E-1	 3.791931E-10	 1.000011E-2	 2.366903E-6
-5.999997E-1	 3.827376E-10	 9.999982E-3	 2.361382E-6
-3.999996E-1	 3.994907E-10	 1.000004E-2	 2.357591E-6
-1.999996E-1	 4.021495E-10	 9.999945E-3	 2.357145E-6
3.725290E-7	 4.184392E-10	 9.999787E-3	 2.357601E-6
2.000004E-1	 4.236293E-10	 9.999905E-3	 2.360592E-6
4.000004E-1	 4.314366E-10	 9.999993E-3	 2.366780E-6
6.000004E-1	 4.435901E-10	 9.999763E-3	 2.374783E-6
8.000004E-1	 4.463328E-10	 1.000004E-2	 2.384768E-6
1.000000E+0	 4.536757E-10	 9.999919E-3	 2.396691E-6
1.200000E+0	 4.809789E-10	 9.999918E-3	 2.414448E-6
1.400000E+0	 4.786999E-10	 1.000005E-2	 2.430136E-6
1.600000E+0	 5.069312E-10	 9.999875E-3	 2.449214E-6
1.800000E+0	 5.005592E-10	 9.999912E-3	 2.469212E-6
2.000000E+0	 5.146540E-10	 9.999851E-3	 2.491518E-6
2.200000E+0	 5.294663E-10	 1.000016E-2	 2.516086E-6
2.400000E+0	 5.347415E-10	 9.999698E-3	 2.542487E-6
2.600000E+0	 5.498909E-10	 9.999875E-3	 2.570345E-6
2.800000E+0	 5.476965E-10	 1.000007E-2	 2.598068E-6
3.000000E+0	 5.710326E-10	 9.999937E-3	 2.629201E-6
3.200001E+0	 5.889246E-10	 1.000003E-2	 2.660738E-6
3.400000E+0	 6.110795E-10	 9.999921E-3	 2.693246E-6
3.600000E+0	 6.001080E-10	 9.999923E-3	 2.727893E-6
3.800000E+0	 5.996016E-10	 9.999865E-3	 2.761943E-6
4.000000E+0	 6.327284E-10	 9.999895E-3	 2.797435E-6
4.200000E+0	 6.326440E-10	 9.999936E-3	 2.834143E-6
4.400001E+0	 6.334036E-10	 9.999963E-3	 2.871342E-6
4.600000E+0	 6.548406E-10	 1.000006E-2	 2.909447E-6
4.800001E+0	 6.662347E-10	 1.000001E-2	 2.947856E-6
5.000000E+0	 6.858574E-10	 1.000006E-2	 2.987386E-6
5.200000E+0	 6.715519E-10	 9.999917E-3	 3.027192E-6
5.400001E+0	 6.904993E-10	 9.999927E-3	 3.066626E-6
5.600000E+0	 7.148482E-10	 9.999845E-3	 3.107634E-6
5.800001E+0	 7.105029E-10	 9.999963E-3	 3.147673E-6
6.000000E+0	 7.266648E-10	 9.999838E-3	 3.188203E-6
6.200000E+0	 7.461185E-10	 1.000010E-2	 3.230559E-6
6.400001E+0	 7.416033E-10	 1.000005E-2	 3.271010E-6
6.600000E+0	 7.670070E-10	 9.999915E-3	 3.313029E-6
6.800001E+0	 7.826211E-10	 1.000002E-2	 3.353894E-6
7.000000E+0	 7.767134E-10	 9.999922E-3	 3.395532E-6
7.200000E+0	 7.930437E-10	 1.000003E-2	 3.436550E-6
7.400001E+0	 7.934661E-10	 9.999840E-3	 3.477684E-6
7.600000E+0	 8.184061E-10	 9.999934E-3	 3.518794E-6
7.800001E+0	 8.406037E-10	 9.999881E-3	 3.559992E-6
8.000001E+0	 8.262980E-10	 9.999933E-3	 3.599793E-6
8.200001E+0	 8.470602E-10	 9.999872E-3	 3.641386E-6
8.400001E+0	 8.576521E-10	 9.999937E-3	 3.683023E-6
8.600000E+0	 8.599310E-10	 9.999873E-3	 3.724915E-6
8.800000E+0	 8.715351E-10	 9.999952E-3	 3.767724E-6
9.000001E+0	 8.819169E-10	 9.999911E-3	 3.808393E-6
9.200001E+0	 8.915806E-10	 9.999776E-3	 3.850611E-6
9.400001E+0	 9.022992E-10	 9.999814E-3	 3.891008E-6
9.600000E+0	 9.065612E-10	 9.999895E-3	 3.934172E-6
9.800000E+0	 9.334000E-10	 9.999647E-3	 3.976558E-6
1.000000E+1	 9.373666E-10	 9.999833E-3	 4.016514E-6
1.020000E+1	 9.463976E-10	 9.999964E-3	 4.058661E-6
1.040000E+1	 9.648811E-10	 9.999869E-3	 4.098093E-6
1.060000E+1	 9.712109E-10	 1.000006E-2	 4.139439E-6
1.080000E+1	 9.615049E-10	 9.999835E-3	 4.179636E-6
1.100000E+1	 9.920152E-10	 9.999837E-3	 4.218945E-6
1.120000E+1	 1.001889E-9	 9.999858E-3	 4.260849E-6
1.140000E+1	 1.013115E-9	 9.999895E-3	 4.299266E-6
1.160000E+1	 1.020078E-9	 9.999989E-3	 4.338012E-6
1.180000E+1	 1.033329E-9	 9.999942E-3	 4.377541E-6
1.200000E+1	 1.038139E-9	 1.000000E-2	 4.414489E-6
1.220000E+1	 1.057720E-9	 1.000004E-2	 4.452901E-6
1.240000E+1	 1.063501E-9	 9.999845E-3	 4.490496E-6
1.260000E+1	 1.087133E-9	 9.999700E-3	 4.526626E-6
1.280000E+1	 1.100596E-9	 9.999886E-3	 4.564223E-6
1.300000E+1	 1.090932E-9	 9.999964E-3	 4.599539E-6
1.320000E+1	 1.105152E-9	 9.999807E-3	 4.637155E-6
1.340000E+1	 1.113128E-9	 9.999895E-3	 4.672330E-6
1.360000E+1	 1.127560E-9	 9.999839E-3	 4.706750E-6
1.380000E+1	 1.146677E-9	 1.000002E-2	 4.742296E-6
1.400000E+1	 1.138321E-9	 9.999822E-3	 4.776070E-6
1.420000E+1	 1.147141E-9	 9.999952E-3	 4.810258E-6
1.440000E+1	 1.169295E-9	 9.999755E-3	 4.844581E-6
1.460000E+1	 1.180732E-9	 9.999724E-3	 4.878187E-6
1.480000E+1	 1.182166E-9	 9.999908E-3	 4.912460E-6
1.500000E+1	 1.207993E-9	 9.999867E-3	 4.944936E-6
1.520000E+1	 1.208710E-9	 9.999822E-3	 4.977139E-6
1.540000E+1	 1.212550E-9	 9.999895E-3	 5.009319E-6
1.560000E+1	 1.229894E-9	 1.000003E-2	 5.041250E-6
1.580000E+1	 1.243693E-9	 9.999778E-3	 5.072117E-6
1.600000E+1	 1.251626E-9	 9.999980E-3	 5.103393E-6
1.620000E+1	 1.253441E-9	 9.999919E-3	 5.134852E-6
1.640000E+1	 1.264624E-9	 9.999754E-3	 5.166512E-6
1.660000E+1	 1.290071E-9	 9.999753E-3	 5.195319E-6
1.680000E+1	 1.297878E-9	 9.999893E-3	 5.225459E-6
1.700000E+1	 1.315221E-9	 9.999734E-3	 5.255051E-6
1.720000E+1	 1.312436E-9	 9.999768E-3	 5.284672E-6
1.740000E+1	 1.329443E-9	 9.999768E-3	 5.314682E-6
1.760000E+1	 1.333241E-9	 9.999860E-3	 5.343193E-6
1.780000E+1	 1.340793E-9	 9.999781E-3	 5.372946E-6
1.800000E+1	 1.356998E-9	 9.999828E-3	 5.401334E-6
1.820000E+1	 1.365988E-9	 9.999949E-3	 5.428346E-6
1.840000E+1	 1.379027E-9	 9.999958E-3	 5.456733E-6
1.860000E+1	 1.387974E-9	 9.999787E-3	 5.482746E-6
1.880000E+1	 1.395780E-9	 9.999862E-3	 5.510552E-6
1.900000E+1	 1.412702E-9	 9.999728E-3	 5.537583E-6
1.920000E+1	 1.424011E-9	 9.999855E-3	 5.565363E-6
1.940000E+1	 1.435489E-9	 9.999762E-3	 5.590433E-6
1.960000E+1	 1.429751E-9	 1.000002E-2	 5.616094E-6
1.980000E+1	 1.453424E-9	 9.999909E-3	 5.641863E-6
2.000000E+1	 1.475411E-9	 9.999921E-3	 5.667819E-6
2.020000E+1	 1.469629E-9	 9.999848E-3	 5.692096E-6
2.040000E+1	 1.486383E-9	 9.999860E-3	 5.717661E-6
2.060000E+1	 1.496637E-9	 1.000006E-2	 5.742303E-6
2.080000E+1	 1.500013E-9	 9.999789E-3	 5.766929E-6
2.100000E+1	 1.512927E-9	 9.999794E-3	 5.791617E-6
2.120000E+1	 1.519933E-9	 9.999787E-3	 5.814677E-6
2.140000E+1	 1.534195E-9	 9.999895E-3	 5.838871E-6
2.160000E+1	 1.547698E-9	 9.999808E-3	 5.863004E-6
2.180000E+1	 1.552341E-9	 9.999958E-3	 5.885671E-6
2.200000E+1	 1.570360E-9	 9.999811E-3	 5.908509E-6
2.220000E+1	 1.577069E-9	 9.999933E-3	 5.931584E-6
2.240000E+1	 1.592936E-9	 9.999886E-3	 5.954448E-6
2.260000E+1	 1.594794E-9	 1.000003E-2	 5.977293E-6
2.280000E+1	 1.611124E-9	 9.999840E-3	 5.997993E-6
2.300000E+1	 1.632225E-9	 9.999885E-3	 6.020274E-6
2.320000E+1	 1.626822E-9	 9.999856E-3	 6.041666E-6
2.340000E+1	 1.653873E-9	 9.999799E-3	 6.063753E-6
2.360000E+1	 1.654379E-9	 9.999761E-3	 6.084609E-6
2.380000E+1	 1.655519E-9	 1.000003E-2	 6.105424E-6
2.400000E+1	 1.667756E-9	 9.999882E-3	 6.126381E-6
2.420000E+1	 1.664000E-9	 9.999811E-3	 6.146999E-6
2.440000E+1	 1.697634E-9	 9.999787E-3	 6.166807E-6
2.460000E+1	 1.717172E-9	 9.999868E-3	 6.187474E-6
2.480000E+1	 1.710885E-9	 9.999742E-3	 6.208285E-6
2.500000E+1	 1.714133E-9	 9.999813E-3	 6.227671E-6
2.480000E+1	 1.414433E-9	 9.999856E-3	 6.185974E-6
2.460000E+1	 1.340879E-9	 9.999763E-3	 6.148832E-6
2.440000E+1	 1.270658E-9	 9.999771E-3	 6.111370E-6
2.420000E+1	 1.206853E-9	 9.999679E-3	 6.075310E-6
2.400000E+1	 1.163514E-9	 9.999915E-3	 6.040572E-6
2.380000E+1	 1.118192E-9	 9.999844E-3	 6.005491E-6
2.360000E+1	 1.088736E-9	 9.999701E-3	 5.971383E-6
2.340000E+1	 1.041641E-9	 9.999836E-3	 5.936802E-6
2.320000E+1	 1.018010E-9	 9.999698E-3	 5.901493E-6
2.300000E+1	 9.841663E-10	 9.999685E-3	 5.867989E-6
2.280000E+1	 9.632773E-10	 9.999817E-3	 5.833413E-6
2.260000E+1	 9.219643E-10	 9.999703E-3	 5.798190E-6
2.240000E+1	 9.024256E-10	 9.999760E-3	 5.763968E-6
2.220000E+1	 8.793000E-10	 9.999890E-3	 5.729830E-6
2.200000E+1	 8.439373E-10	 9.999725E-3	 5.695124E-6
2.180000E+1	 8.363835E-10	 9.999799E-3	 5.660922E-6
2.160000E+1	 7.987415E-10	 9.999860E-3	 5.625038E-6
2.140000E+1	 7.792030E-10	 9.999881E-3	 5.589045E-6
2.120000E+1	 7.697499E-10	 9.999814E-3	 5.552492E-6
2.100000E+1	 7.466245E-10	 9.999858E-3	 5.516746E-6
2.080000E+1	 7.302936E-10	 9.999832E-3	 5.481016E-6
2.060000E+1	 7.056072E-10	 9.999686E-3	 5.445435E-6
2.040000E+1	 6.886425E-10	 9.999787E-3	 5.410019E-6
2.020000E+1	 6.719320E-10	 9.999880E-3	 5.372629E-6
2.000000E+1	 6.713409E-10	 9.999854E-3	 5.335899E-6
1.980000E+1	 6.307028E-10	 9.999952E-3	 5.297898E-6
1.960000E+1	 6.204480E-10	 9.999716E-3	 5.259575E-6
1.940000E+1	 6.219251E-10	 9.999764E-3	 5.224916E-6
1.920000E+1	 5.964788E-10	 9.999938E-3	 5.183055E-6
1.900000E+1	 5.848739E-10	 9.999689E-3	 5.146314E-6
1.880000E+1	 5.502280E-10	 9.999710E-3	 5.108124E-6
1.860000E+1	 5.256681E-10	 9.999812E-3	 5.068612E-6
1.840000E+1	 5.344878E-10	 9.999824E-3	 5.029953E-6
1.820000E+1	 5.051169E-10	 9.999934E-3	 4.989782E-6
1.800000E+1	 4.951154E-10	 9.999860E-3	 4.951511E-6
1.780000E+1	 4.806409E-10	 9.999786E-3	 4.910620E-6
1.760000E+1	 4.600054E-10	 9.999854E-3	 4.870172E-6
1.740000E+1	 4.581909E-10	 9.999855E-3	 4.829238E-6
1.720000E+1	 4.460796E-10	 9.999911E-3	 4.788468E-6
1.700000E+1	 4.274277E-10	 1.000005E-2	 4.747161E-6
1.680000E+1	 4.068342E-10	 9.999930E-3	 4.705861E-6
1.660000E+1	 3.985205E-10	 9.999743E-3	 4.663245E-6
1.640000E+1	 3.889413E-10	 9.999710E-3	 4.621216E-6
1.620000E+1	 3.532828E-10	 9.999703E-3	 4.577125E-6
1.600000E+1	 3.493161E-10	 9.999778E-3	 4.533528E-6
1.580000E+1	 3.583468E-10	 9.999679E-3	 4.490944E-6
1.560000E+1	 3.420157E-10	 9.999652E-3	 4.447524E-6
1.540000E+1	 3.110829E-10	 9.999844E-3	 4.403839E-6
1.520000E+1	 3.001534E-10	 9.999837E-3	 4.358246E-6
1.500000E+1	 2.775348E-10	 9.999882E-3	 4.314332E-6
1.480000E+1	 2.809952E-10	 9.999930E-3	 4.269641E-6
1.460000E+1	 2.627650E-10	 9.999857E-3	 4.224133E-6
1.440000E+1	 2.598954E-10	 9.999711E-3	 4.180583E-6
1.420000E+1	 2.506115E-10	 9.999895E-3	 4.135312E-6
1.400000E+1	 2.389221E-10	 9.999725E-3	 4.081959E-6
1.380000E+1	 2.174003E-10	 9.999735E-3	 4.037698E-6
1.360000E+1	 1.881560E-10	 9.999913E-3	 3.991558E-6
1.340000E+1	 1.665923E-10	 9.999787E-3	 3.946255E-6
1.320000E+1	 1.705169E-10	 9.999929E-3	 3.898381E-6
1.300000E+1	 1.590804E-10	 9.999701E-3	 3.852073E-6
1.280000E+1	 1.485304E-10	 9.999800E-3	 3.805538E-6
1.260000E+1	 1.445217E-10	 9.999984E-3	 3.757764E-6
1.240000E+1	 1.256164E-10	 9.999840E-3	 3.710282E-6
1.220000E+1	 1.185690E-10	 9.999927E-3	 3.662547E-6
1.200000E+1	 1.116483E-10	 1.000000E-2	 3.614706E-6
1.180000E+1	 1.058670E-10	 9.999665E-3	 3.567322E-6
1.160000E+1	 7.307799E-11	 9.999895E-3	 3.519172E-6
1.140000E+1	 6.307668E-11	 1.000009E-2	 3.472839E-6
1.120000E+1	 5.835024E-11	 9.999943E-3	 3.426183E-6
1.100000E+1	 6.303458E-11	 1.000002E-2	 3.378934E-6
1.080000E+1	 4.206124E-11	 9.999900E-3	 3.333409E-6
1.060000E+1	 1.247936E-11	 9.999800E-3	 3.287585E-6
1.040000E+1	 1.585537E-11	 9.999907E-3	 3.240997E-6
1.020000E+1	 3.322162E-12	 9.999858E-3	 3.196534E-6
1.000000E+1	 -1.305119E-11	 1.000011E-2	 3.151188E-6
9.800000E+0	 -1.305128E-11	 9.999818E-3	 3.107852E-6
9.600000E+0	 -4.833020E-11	 9.999832E-3	 3.064829E-6
9.400001E+0	 -4.693752E-11	 9.999775E-3	 3.021612E-6
9.200001E+0	 -5.579949E-11	 9.999862E-3	 2.980593E-6
9.000001E+0	 -5.980845E-11	 9.999942E-3	 2.940171E-6
8.800000E+0	 -7.795425E-11	 1.000006E-2	 2.902003E-6
8.600000E+0	 -8.977009E-11	 9.999909E-3	 2.863315E-6
8.400001E+0	 -1.030207E-10	 9.999976E-3	 2.825779E-6
8.200001E+0	 -1.098571E-10	 9.999793E-3	 2.790236E-6
8.000001E+0	 -1.226858E-10	 1.000012E-2	 2.754917E-6
7.800001E+0	 -1.336154E-10	 9.999776E-3	 2.721466E-6
7.600000E+0	 -1.446717E-10	 9.999956E-3	 2.689999E-6
7.400001E+0	 -1.602433E-10	 9.999926E-3	 2.657824E-6
7.200000E+0	 -1.655183E-10	 9.999835E-3	 2.629676E-6
7.000000E+0	 -1.669108E-10	 9.999976E-3	 2.596087E-6
6.800001E+0	 -1.908380E-10	 9.999907E-3	 2.570441E-6
6.600000E+0	 -2.142601E-10	 9.999867E-3	 2.544561E-6
6.400001E+0	 -2.167923E-10	 9.999759E-3	 2.519737E-6
6.200000E+0	 -2.240932E-10	 9.999901E-3	 2.496359E-6
6.000000E+0	 -2.386951E-10	 9.999918E-3	 2.474094E-6
5.800001E+0	 -2.499631E-10	 1.000000E-2	 2.453034E-6
5.600000E+0	 -2.551117E-10	 9.999954E-3	 2.434089E-6
5.400001E+0	 -2.671816E-10	 9.999929E-3	 2.416771E-6
5.200000E+0	 -2.810660E-10	 9.999895E-3	 2.400696E-6
5.000000E+0	 -2.955413E-10	 9.999954E-3	 2.386092E-6
4.800001E+0	 -2.957945E-10	 9.999734E-3	 2.374453E-6
4.600000E+0	 -3.240277E-10	 9.999877E-3	 2.364349E-6
4.400001E+0	 -3.329746E-10	 1.000004E-2	 2.355210E-6
4.200000E+0	 -3.279103E-10	 1.000006E-2	 2.348874E-6
4.000000E+0	 -3.515434E-10	 9.999820E-3	 2.344177E-6
3.800000E+0	 -3.625160E-10	 9.999933E-3	 2.340763E-6
3.600000E+0	 -3.701968E-10	 9.999936E-3	 2.339349E-6
3.400000E+0	 -3.675803E-10	 1.000003E-2	 2.339570E-6
3.200001E+0	 -3.853473E-10	 9.999824E-3	 2.341210E-6
3.000000E+0	 -3.883859E-10	 1.000011E-2	 2.345738E-6
2.800000E+0	 -4.104154E-10	 9.999794E-3	 2.351972E-6
2.600000E+0	 -4.162813E-10	 9.999887E-3	 2.358920E-6
2.400000E+0	 -4.341327E-10	 9.999872E-3	 2.369123E-6
2.200000E+0	 -4.443880E-10	 9.999822E-3	 2.380483E-6
2.000000E+0	 -4.467090E-10	 9.999907E-3	 2.394581E-6
1.800000E+0	 -4.647294E-10	 9.999769E-3	 2.409810E-6
1.600000E+0	 -4.712706E-10	 9.999933E-3	 2.426994E-6
1.400000E+0	 -4.788248E-10	 9.999932E-3	 2.445206E-6
1.200000E+0	 -4.830874E-10	 1.000005E-2	 2.465189E-6
1.000000E+0	 -5.089993E-10	 9.999839E-3	 2.486883E-6
8.000004E-1	 -5.122912E-10	 9.999848E-3	 2.510610E-6
6.000004E-1	 -5.217443E-10	 9.999847E-3	 2.535637E-6
4.000004E-1	 -5.372324E-10	 9.999944E-3	 2.562778E-6
2.000004E-1	 -5.436894E-10	 9.999926E-3	 2.590076E-6
3.725290E-7	 -5.549993E-10	 9.999865E-3	 2.619300E-6
-1.999996E-1	 -5.642838E-10	 1.000001E-2	 2.649365E-6
-3.999996E-1	 -5.676601E-10	 9.999975E-3	 2.680933E-6
-5.999997E-1	 -5.890985E-10	 9.999933E-3	 2.712781E-6
-7.999997E-1	 -5.958507E-10	 9.999926E-3	 2.746701E-6
-9.999996E-1	 -6.042912E-10	 1.000009E-2	 2.781562E-6
-1.200000E+0	 -6.183870E-10	 1.000016E-2	 2.817057E-6
-1.400000E+0	 -6.358164E-10	 1.000010E-2	 2.851639E-6
-1.600000E+0	 -6.393611E-10	 1.000022E-2	 2.887281E-6
-1.800000E+0	 -6.380529E-10	 1.000000E-2	 2.924592E-6
-2.000000E+0	 -6.533720E-10	 1.000014E-2	 2.962811E-6
-2.200000E+0	 -6.710549E-10	 9.999975E-3	 2.999984E-6
-2.400000E+0	 -6.786512E-10	 9.999776E-3	 3.039498E-6
-2.600000E+0	 -6.944771E-10	 9.999918E-3	 3.077982E-6
-2.800000E+0	 -7.054916E-10	 9.999913E-3	 3.115777E-6
-3.000000E+0	 -7.122018E-10	 1.000017E-2	 3.155796E-6
-3.200000E+0	 -7.241031E-10	 9.999991E-3	 3.194873E-6
-3.400000E+0	 -7.314036E-10	 9.999943E-3	 3.233180E-6
-3.600000E+0	 -7.418278E-10	 9.999895E-3	 3.273152E-6
-3.800000E+0	 -7.636884E-10	 9.999976E-3	 3.313057E-6
-4.000000E+0	 -7.629291E-10	 9.999952E-3	 3.352849E-6
-4.200000E+0	 -7.660099E-10	 9.999962E-3	 3.391910E-6
-4.400000E+0	 -7.959728E-10	 9.999976E-3	 3.431589E-6
-4.600000E+0	 -7.841560E-10	 9.999833E-3	 3.471923E-6
-4.800000E+0	 -8.017121E-10	 9.999976E-3	 3.510693E-6
-5.000000E+0	 -8.034848E-10	 1.000006E-2	 3.551538E-6
-5.200000E+0	 -8.252191E-10	 9.999999E-3	 3.589065E-6
-5.400000E+0	 -8.235729E-10	 1.000002E-2	 3.628974E-6
-5.600000E+0	 -8.505826E-10	 9.999920E-3	 3.668201E-6
-5.800000E+0	 -8.660281E-10	 9.999930E-3	 3.706347E-6
-6.000000E+0	 -8.746798E-10	 9.999811E-3	 3.745260E-6
-6.200000E+0	 -8.845972E-10	 9.999976E-3	 3.783551E-6
-6.400000E+0	 -8.884375E-10	 1.000006E-2	 3.821270E-6
-6.600000E+0	 -9.060780E-10	 9.999955E-3	 3.860942E-6
-6.800000E+0	 -9.040102E-10	 9.999872E-3	 3.897550E-6
-7.000000E+0	 -9.215240E-10	 9.999824E-3	 3.936282E-6
-7.200000E+0	 -9.338464E-10	 9.999918E-3	 3.973900E-6
-7.400000E+0	 -9.449462E-10	 9.999964E-3	 4.011414E-6
-7.600000E+0	 -9.600128E-10	 9.999897E-3	 4.049657E-6
-7.800000E+0	 -9.521626E-10	 9.999880E-3	 4.085568E-6
-8.000000E+0	 -9.703943E-10	 1.000012E-2	 4.123396E-6
-8.200000E+0	 -9.837302E-10	 9.999949E-3	 4.159810E-6
-8.400000E+0	 -1.011963E-9	 1.000009E-2	 4.197047E-6
-8.599999E+0	 -1.005802E-9	 9.999964E-3	 4.233054E-6
-8.800000E+0	 -1.020277E-9	 9.999941E-3	 4.271164E-6
-9.000000E+0	 -1.021332E-9	 9.999825E-3	 4.305549E-6
-9.200000E+0	 -1.035385E-9	 9.999976E-3	 4.340982E-6
-9.400000E+0	 -1.033233E-9	 9.999908E-3	 4.377058E-6
-9.599999E+0	 -1.051422E-9	 9.999894E-3	 4.412138E-6
-9.800000E+0	 -1.068809E-9	 1.000004E-2	 4.447338E-6
-1.000000E+1	 -1.088306E-9	 1.000000E-2	 4.481275E-6
-1.020000E+1	 -1.093666E-9	 1.000003E-2	 4.516829E-6
-1.040000E+1	 -1.095312E-9	 1.000001E-2	 4.552207E-6
-1.060000E+1	 -1.128863E-9	 1.000010E-2	 4.587038E-6
-1.080000E+1	 -1.130888E-9	 9.999895E-3	 4.622920E-6
-1.100000E+1	 -1.133631E-9	 9.999955E-3	 4.654805E-6
-1.120000E+1	 -1.145322E-9	 9.999934E-3	 4.689730E-6
-1.140000E+1	 -1.151820E-9	 9.999918E-3	 4.723505E-6
-1.160000E+1	 -1.159755E-9	 9.999914E-3	 4.757179E-6
-1.180000E+1	 -1.170052E-9	 9.999973E-3	 4.791233E-6
-1.200000E+1	 -1.175876E-9	 9.999918E-3	 4.822989E-6
-1.220000E+1	 -1.184443E-9	 9.999839E-3	 4.855542E-6
-1.240000E+1	 -1.206514E-9	 9.999840E-3	 4.887689E-6
-1.260000E+1	 -1.215461E-9	 9.999827E-3	 4.921027E-6
-1.280000E+1	 -1.239348E-9	 9.999995E-3	 4.953269E-6
-1.300000E+1	 -1.229135E-9	 9.999895E-3	 4.984640E-6
-1.320000E+1	 -1.245256E-9	 9.999822E-3	 5.017519E-6
-1.340000E+1	 -1.262643E-9	 9.999895E-3	 5.049665E-6
-1.360000E+1	 -1.260702E-9	 1.000001E-2	 5.080172E-6
-1.380000E+1	 -1.278258E-9	 9.999800E-3	 5.111259E-6
-1.400000E+1	 -1.297375E-9	 9.999848E-3	 5.141037E-6
-1.420000E+1	 -1.296110E-9	 9.999824E-3	 5.172176E-6
-1.440000E+1	 -1.305985E-9	 1.000003E-2	 5.201928E-6
-1.460000E+1	 -1.311387E-9	 9.999754E-3	 5.234312E-6
-1.480000E+1	 -1.341097E-9	 9.999857E-3	 5.264448E-6
-1.500000E+1	 -1.330673E-9	 9.999910E-3	 5.294051E-6
-1.520000E+1	 -1.339662E-9	 9.999743E-3	 5.323505E-6
-1.540000E+1	 -1.351141E-9	 9.999771E-3	 5.354221E-6
-1.560000E+1	 -1.358273E-9	 9.999899E-3	 5.382548E-6
-1.580000E+1	 -1.386801E-9	 9.999848E-3	 5.411702E-6
-1.600000E+1	 -1.395875E-9	 9.999751E-3	 5.441116E-6
-1.620000E+1	 -1.395622E-9	 9.999964E-3	 5.468889E-6
-1.640000E+1	 -1.418622E-9	 9.999831E-3	 5.499462E-6
-1.660000E+1	 -1.422040E-9	 9.999751E-3	 5.527253E-6
-1.680000E+1	 -1.433055E-9	 9.999684E-3	 5.554363E-6
-1.700000E+1	 -1.446138E-9	 9.999918E-3	 5.584087E-6
-1.720000E+1	 -1.461499E-9	 9.999917E-3	 5.611674E-6
-1.740000E+1	 -1.479181E-9	 9.999810E-3	 5.638725E-6
-1.760000E+1	 -1.474750E-9	 9.999952E-3	 5.667698E-6
-1.780000E+1	 -1.480870E-9	 9.999700E-3	 5.695236E-6
-1.800000E+1	 -1.493192E-9	 9.999723E-3	 5.721978E-6
-1.820000E+1	 -1.508892E-9	 9.999887E-3	 5.748643E-6
-1.840000E+1	 -1.519822E-9	 9.999949E-3	 5.775367E-6
-1.860000E+1	 -1.524802E-9	 9.999867E-3	 5.803102E-6
-1.880000E+1	 -1.532061E-9	 9.999926E-3	 5.828500E-6
-1.900000E+1	 -1.541851E-9	 9.999936E-3	 5.856059E-6
-1.920000E+1	 -1.552149E-9	 1.000004E-2	 5.881131E-6
-1.940000E+1	 -1.578947E-9	 9.999990E-3	 5.907407E-6
-1.960000E+1	 -1.577301E-9	 1.000003E-2	 5.933777E-6
-1.980000E+1	 -1.597262E-9	 9.999969E-3	 5.959333E-6
-2.000000E+1	 -1.598782E-9	 9.999754E-3	 5.987013E-6
-2.020000E+1	 -1.604690E-9	 9.999824E-3	 6.012707E-6
-2.040000E+1	 -1.614735E-9	 9.999892E-3	 6.037809E-6
-2.060000E+1	 -1.616297E-9	 9.999920E-3	 6.065186E-6
-2.080000E+1	 -1.639929E-9	 9.999848E-3	 6.088980E-6
-2.100000E+1	 -1.653434E-9	 9.999807E-3	 6.114675E-6
-2.120000E+1	 -1.662381E-9	 9.999738E-3	 6.139925E-6
-2.140000E+1	 -1.660566E-9	 9.999904E-3	 6.164714E-6
-2.160000E+1	 -1.683271E-9	 9.999644E-3	 6.189202E-6
-2.180000E+1	 -1.682343E-9	 9.999761E-3	 6.213516E-6
-2.200000E+1	 -1.710913E-9	 9.999788E-3	 6.237954E-6
-2.220000E+1	 -1.702178E-9	 9.999836E-3	 6.262670E-6
-2.240000E+1	 -1.722519E-9	 9.999771E-3	 6.285912E-6
-2.260000E+1	 -1.733661E-9	 9.999775E-3	 6.310638E-6
-2.280000E+1	 -1.738092E-9	 9.999684E-3	 6.333955E-6
-2.300000E+1	 -1.760247E-9	 9.999666E-3	 6.357637E-6
-2.320000E+1	 -1.753326E-9	 9.999600E-3	 6.381126E-6
-2.340000E+1	 -1.785146E-9	 9.999854E-3	 6.402815E-6
-2.360000E+1	 -1.782615E-9	 9.999868E-3	 6.427227E-6
-2.380000E+1	 -1.791434E-9	 9.999929E-3	 6.449448E-6
-2.400000E+1	 -1.798144E-9	 9.999894E-3	 6.473429E-6
-2.420000E+1	 -1.819371E-9	 9.999856E-3	 6.496919E-6
-2.440000E+1	 -1.833215E-9	 9.999914E-3	 6.519136E-6
-2.460000E+1	 -1.837856E-9	 9.999776E-3	 6.541295E-6
-2.480000E+1	 -1.840135E-9	 9.999801E-3	 6.563607E-6
-2.500000E+1	 -1.847562E-9	 9.999814E-3	 6.585830E-6
