-2.500000E+1	 -3.003689E-9	 9.999680E-3	 8.373241E-6
-2.480000E+1	 -2.694686E-9	 9.999945E-3	 8.352456E-6
-2.460000E+1	 -2.456285E-9	 9.999673E-3	 8.332167E-6
-2.440000E+1	 -2.296763E-9	 9.999712E-3	 8.312259E-6
-2.420000E+1	 -2.175348E-9	 9.999660E-3	 8.293649E-6
-2.400000E+1	 -2.073598E-9	 9.999660E-3	 8.270461E-6
-2.380000E+1	 -1.985311E-9	 9.999803E-3	 8.251996E-6
-2.360000E+1	 -1.880988E-9	 9.999570E-3	 8.231461E-6
-2.340000E+1	 -1.794179E-9	 9.999883E-3	 8.211980E-6
-2.320000E+1	 -1.752440E-9	 9.999831E-3	 8.187660E-6
-2.300000E+1	 -1.677279E-9	 9.999705E-3	 8.168798E-6
-2.280000E+1	 -1.593888E-9	 9.999786E-3	 8.147775E-6
-2.260000E+1	 -1.530163E-9	 9.999776E-3	 8.127779E-6
-2.240000E+1	 -1.477073E-9	 9.999753E-3	 8.106085E-6
-2.220000E+1	 -1.417188E-9	 9.999875E-3	 8.083945E-6
-2.200000E+1	 -1.370596E-9	 9.999849E-3	 8.062656E-6
-2.180000E+1	 -1.343797E-9	 9.999779E-3	 8.040353E-6
-2.160000E+1	 -1.288092E-9	 9.999824E-3	 8.019467E-6
-2.140000E+1	 -1.246143E-9	 9.999753E-3	 7.994981E-6
-2.120000E+1	 -1.209047E-9	 9.999622E-3	 7.971834E-6
-2.100000E+1	 -1.160304E-9	 9.999654E-3	 7.946285E-6
-2.080000E+1	 -1.123714E-9	 9.999726E-3	 7.922763E-6
-2.060000E+1	 -1.100883E-9	 9.999562E-3	 7.898208E-6
-2.040000E+1	 -1.078347E-9	 9.999723E-3	 7.873493E-6
-2.020000E+1	 -1.036356E-9	 9.999836E-3	 7.847018E-6
-2.000000E+1	 -1.008756E-9	 9.999650E-3	 7.822214E-6
-1.980000E+1	 -9.787927E-10	 9.999609E-3	 7.796050E-6
-1.960000E+1	 -9.523317E-10	 9.999700E-3	 7.770280E-6
-1.940000E+1	 -9.341853E-10	 9.999631E-3	 7.744919E-6
-1.920000E+1	 -8.993687E-10	 9.999649E-3	 7.717635E-6
-1.900000E+1	 -8.833319E-10	 9.999814E-3	 7.689467E-6
-1.880000E+1	 -9.603505E-10	 9.999684E-3	 7.661562E-6
-1.860000E+1	 -8.274559E-10	 9.999686E-3	 7.634464E-6
-1.840000E+1	 -8.125584E-10	 9.999647E-3	 7.605127E-6
-1.820000E+1	 -7.950024E-10	 9.999807E-3	 7.577582E-6
-1.800000E+1	 -7.601014E-10	 9.999785E-3	 7.547701E-6
-1.780000E+1	 -7.437271E-10	 9.999848E-3	 7.518764E-6
-1.760000E+1	 -7.173507E-10	 9.999725E-3	 7.490815E-6
-1.740000E+1	 -7.051545E-10	 9.999731E-3	 7.460777E-6
-1.720000E+1	 -6.945198E-10	 9.999847E-3	 7.429469E-6
-1.700000E+1	 -6.580146E-10	 9.999942E-3	 7.399147E-6
-1.680000E+1	 -6.477598E-10	 9.999861E-3	 7.369410E-6
-1.660000E+1	 -6.221010E-10	 1.000006E-2	 7.336593E-6
-1.640000E+1	 -6.221008E-10	 9.999905E-3	 7.305873E-6
-1.620000E+1	 -5.983409E-10	 9.999971E-3	 7.272674E-6
-1.600000E+1	 -5.847520E-10	 1.000000E-2	 7.240423E-6
-1.580000E+1	 -5.598107E-10	 9.999922E-3	 7.209204E-6
-1.560000E+1	 -5.449134E-10	 9.999883E-3	 7.173052E-6
-1.540000E+1	 -5.363884E-10	 9.999831E-3	 7.140386E-6
-1.520000E+1	 -5.180306E-10	 9.999803E-3	 7.107410E-6
-1.500000E+1	 -4.956636E-10	 9.999756E-3	 7.074821E-6
-1.480000E+1	 -4.930892E-10	 9.999883E-3	 7.036196E-6
-1.460000E+1	 -4.900929E-10	 9.999570E-3	 7.001721E-6
-1.440000E+1	 -4.386486E-10	 9.999744E-3	 6.966804E-6
-1.420000E+1	 -4.130741E-10	 9.999912E-3	 6.931473E-6
-1.400000E+1	 -4.169145E-10	 9.999927E-3	 6.894462E-6
-1.380000E+1	 -4.078410E-10	 9.999778E-3	 6.858234E-6
-1.360000E+1	 -3.779198E-10	 9.999948E-3	 6.821316E-6
-1.340000E+1	 -3.670738E-10	 9.999888E-3	 6.784296E-6
-1.320000E+1	 -3.615454E-10	 9.999893E-3	 6.744907E-6
-1.300000E+1	 -3.385874E-10	 9.999789E-3	 6.706920E-6
-1.280000E+1	 -3.352113E-10	 9.999823E-3	 6.668845E-6
-1.260000E+1	 -3.284589E-10	 9.999875E-3	 6.630463E-6
-1.240000E+1	 -3.178661E-10	 9.999827E-3	 6.588788E-6
-1.220000E+1	 -2.903926E-10	 9.999897E-3	 6.548047E-6
-1.200000E+1	 -2.728788E-10	 9.999775E-3	 6.507151E-6
-1.180000E+1	 -2.762972E-10	 9.999867E-3	 6.466827E-6
-1.160000E+1	 -2.447300E-10	 9.999873E-3	 6.422974E-6
-1.140000E+1	 -2.423667E-10	 9.999788E-3	 6.381632E-6
-1.120000E+1	 -2.303391E-10	 9.999854E-3	 6.339036E-6
-1.100000E+1	 -2.128675E-10	 9.999966E-3	 6.296072E-6
-1.080000E+1	 -1.929481E-10	 9.999893E-3	 6.251707E-6
-1.060000E+1	 -1.907958E-10	 9.999825E-3	 6.208820E-6
-1.040000E+1	 -1.860695E-10	 9.999851E-3	 6.162461E-6
-1.020000E+1	 -1.569518E-10	 9.999753E-3	 6.116668E-6
-1.000000E+1	 -1.499888E-10	 9.999742E-3	 6.070775E-6
-9.800000E+0	 -1.584287E-10	 9.999898E-3	 6.024366E-6
-9.599999E+0	 -1.289313E-10	 9.999922E-3	 5.977072E-6
-9.400000E+0	 -1.051307E-10	 9.999874E-3	 5.928459E-6
-9.200000E+0	 -1.036115E-10	 9.999914E-3	 5.880061E-6
-9.000000E+0	 -1.001512E-10	 9.999717E-3	 5.829463E-6
-8.800000E+0	 -8.474826E-11	 9.999778E-3	 5.780136E-6
-8.599999E+0	 -5.533524E-11	 9.999934E-3	 5.728604E-6
-8.400000E+0	 -5.575725E-11	 9.999869E-3	 5.676161E-6
-8.200000E+0	 -3.697841E-11	 9.999811E-3	 5.625900E-6
-8.000000E+0	 -4.406800E-11	 1.000000E-2	 5.571550E-6
-7.800000E+0	 -1.765096E-11	 9.999811E-3	 5.517842E-6
-7.600000E+0	 -2.744138E-11	 9.999848E-3	 5.461144E-6
-7.400000E+0	 1.149775E-13	 9.999714E-3	 5.406453E-6
-7.200000E+0	 3.222876E-11	 9.999820E-3	 5.350962E-6
-7.000000E+0	 3.387454E-11	 9.999824E-3	 5.294107E-6
-6.800000E+0	 4.134390E-11	 1.000005E-2	 5.235902E-6
-6.600000E+0	 5.332854E-11	 9.999800E-3	 5.177666E-6
-6.400000E+0	 7.514578E-11	 9.999927E-3	 5.117676E-6
-6.200000E+0	 6.054460E-11	 9.999804E-3	 5.057047E-6
-6.000000E+0	 9.303833E-11	 9.999848E-3	 4.996290E-6
-5.800000E+0	 9.641435E-11	 9.999895E-3	 4.931835E-6
-5.600000E+0	 1.119858E-10	 9.999776E-3	 4.869250E-6
-5.400000E+0	 1.177250E-10	 9.999946E-3	 4.806516E-6
-5.200000E+0	 1.395422E-10	 9.999882E-3	 4.741708E-6
-5.000000E+0	 1.478977E-10	 9.999983E-3	 4.674173E-6
-4.800000E+0	 1.557469E-10	 9.999692E-3	 4.607117E-6
-4.600000E+0	 1.684490E-10	 9.999814E-3	 4.539266E-6
-4.400000E+0	 1.721204E-10	 9.999776E-3	 4.469679E-6
-4.200000E+0	 1.914476E-10	 9.999789E-3	 4.398901E-6
-4.000000E+0	 2.028837E-10	 9.999983E-3	 4.328614E-6
-3.800000E+0	 2.078634E-10	 9.999915E-3	 4.255694E-6
-3.600000E+0	 2.141932E-10	 9.999955E-3	 4.183633E-6
-3.400000E+0	 2.351664E-10	 9.999849E-3	 4.108650E-6
-3.200000E+0	 2.450413E-10	 1.000000E-2	 4.032356E-6
-3.000000E+0	 2.537764E-10	 9.999886E-3	 3.958173E-6
-2.800000E+0	 2.509492E-10	 9.999977E-3	 3.877944E-6
-2.600000E+0	 2.749183E-10	 1.000004E-2	 3.802838E-6
-2.400000E+0	 3.008711E-10	 9.999768E-3	 3.724864E-6
-2.200000E+0	 3.081293E-10	 9.999858E-3	 3.646272E-6
-2.000000E+0	 3.217180E-10	 9.999899E-3	 3.569416E-6
-1.800000E+0	 3.281744E-10	 9.999915E-3	 3.489708E-6
-1.600000E+0	 3.412559E-10	 1.000003E-2	 3.410905E-6
-1.400000E+0	 3.518482E-10	 9.999917E-3	 3.333942E-6
-1.200000E+0	 3.527346E-10	 9.999832E-3	 3.255160E-6
-9.999996E-1	 3.737921E-10	 9.999926E-3	 3.179960E-6
-7.999997E-1	 3.738343E-10	 9.999869E-3	 3.105241E-6
-5.999997E-1	 3.824848E-10	 9.999991E-3	 3.030726E-6
-3.999996E-1	 3.978878E-10	 1.000009E-2	 2.959790E-6
-1.999996E-1	 4.115180E-10	 9.999808E-3	 2.890010E-6
3.725290E-7	 4.148521E-10	 9.999864E-3	 2.823060E-6
2.000004E-1	 4.098308E-10	 9.999872E-3	 2.759118E-6
4.000004E-1	 4.238406E-10	 9.999851E-3	 2.699383E-6
6.000004E-1	 4.411425E-10	 1.000000E-2	 2.642620E-6
8.000004E-1	 4.554480E-10	 9.999887E-3	 2.591586E-6
1.000000E+0	 4.603011E-10	 9.999980E-3	 2.543887E-6
1.200000E+0	 4.619892E-10	 9.999976E-3	 2.501434E-6
1.400000E+0	 4.778561E-10	 9.999873E-3	 2.464689E-6
1.600000E+0	 4.774766E-10	 9.999827E-3	 2.433469E-6
1.800000E+0	 5.068477E-10	 9.999899E-3	 2.408388E-6
2.000000E+0	 5.202249E-10	 9.999814E-3	 2.386896E-6
2.200000E+0	 5.272717E-10	 9.999762E-3	 2.372230E-6
2.400000E+0	 5.393829E-10	 9.999847E-3	 2.363181E-6
2.600000E+0	 5.484141E-10	 9.999869E-3	 2.358863E-6
2.800000E+0	 5.628463E-10	 9.999905E-3	 2.359263E-6
3.000000E+0	 5.704842E-10	 9.999829E-3	 2.364417E-6
3.200001E+0	 5.831863E-10	 9.999736E-3	 2.373806E-6
3.400000E+0	 5.984208E-10	 9.999876E-3	 2.387222E-6
3.600000E+0	 5.988424E-10	 1.000006E-2	 2.403378E-6
3.800000E+0	 6.104476E-10	 1.000006E-2	 2.423218E-6
4.000000E+0	 6.256390E-10	 9.999907E-3	 2.445834E-6
4.200000E+0	 6.382574E-10	 9.999886E-3	 2.472687E-6
4.400001E+0	 6.457688E-10	 1.000003E-2	 2.500984E-6
4.600000E+0	 6.642517E-10	 1.000005E-2	 2.533327E-6
4.800001E+0	 6.553899E-10	 9.999828E-3	 2.568369E-6
5.000000E+0	 6.739997E-10	 9.999910E-3	 2.605675E-6
5.200000E+0	 6.910060E-10	 9.999869E-3	 2.644882E-6
5.400001E+0	 7.020202E-10	 1.000001E-2	 2.685179E-6
5.600000E+0	 7.021470E-10	 9.999838E-3	 2.727504E-6
5.800001E+0	 7.289440E-10	 9.999895E-3	 2.770898E-6
6.000000E+0	 7.256945E-10	 9.999900E-3	 2.813420E-6
6.200000E+0	 7.327419E-10	 9.999750E-3	 2.857930E-6
6.400001E+0	 7.386500E-10	 9.999942E-3	 2.900590E-6
6.600000E+0	 7.546016E-10	 9.999797E-3	 2.945203E-6
6.800001E+0	 7.754480E-10	 9.999908E-3	 2.989648E-6
7.000000E+0	 7.761644E-10	 9.999760E-3	 3.032331E-6
7.200000E+0	 7.908082E-10	 9.999840E-3	 3.077683E-6
7.400001E+0	 8.073511E-10	 9.999811E-3	 3.122825E-6
7.600000E+0	 8.025821E-10	 9.999963E-3	 3.169754E-6
7.800001E+0	 8.222469E-10	 9.999776E-3	 3.217550E-6
8.000001E+0	 8.332612E-10	 9.999761E-3	 3.265000E-6
8.200001E+0	 8.411525E-10	 9.999845E-3	 3.313122E-6
8.400001E+0	 8.612393E-10	 9.999975E-3	 3.361934E-6
8.600000E+0	 8.639824E-10	 9.999769E-3	 3.411919E-6
8.800000E+0	 8.880784E-10	 9.999895E-3	 3.462311E-6
9.000001E+0	 8.820865E-10	 9.999864E-3	 3.511692E-6
9.200001E+0	 8.914552E-10	 9.999766E-3	 3.562087E-6
9.400001E+0	 9.112885E-10	 9.999921E-3	 3.612339E-6
9.600000E+0	 9.302354E-10	 9.999907E-3	 3.661882E-6
9.800000E+0	 9.359753E-10	 9.999858E-3	 3.711607E-6
1.000000E+1	 9.315444E-10	 9.999919E-3	 3.760432E-6
1.020000E+1	 9.542055E-10	 9.999785E-3	 3.808850E-6
1.040000E+1	 9.557667E-10	 9.999848E-3	 3.856394E-6
1.060000E+1	 9.703252E-10	 9.999728E-3	 3.904348E-6
1.080000E+1	 9.777945E-10	 9.999744E-3	 3.952234E-6
1.100000E+1	 9.955600E-10	 9.999755E-3	 3.997650E-6
1.120000E+1	 1.006955E-9	 9.999799E-3	 4.043628E-6
1.140000E+1	 1.016703E-9	 9.999932E-3	 4.088286E-6
1.160000E+1	 1.008432E-9	 9.999759E-3	 4.131915E-6
1.180000E+1	 1.042951E-9	 9.999778E-3	 4.176860E-6
1.200000E+1	 1.044090E-9	 9.999943E-3	 4.218197E-6
1.220000E+1	 1.064725E-9	 9.999803E-3	 4.260438E-6
1.240000E+1	 1.068229E-9	 9.999718E-3	 4.302064E-6
1.260000E+1	 1.079960E-9	 9.999773E-3	 4.343283E-6
1.280000E+1	 1.093211E-9	 9.999849E-3	 4.383447E-6
1.300000E+1	 1.095996E-9	 9.999713E-3	 4.421791E-6
1.320000E+1	 1.117814E-9	 9.999807E-3	 4.461670E-6
1.340000E+1	 1.108867E-9	 9.999749E-3	 4.499010E-6
1.360000E+1	 1.139419E-9	 9.999707E-3	 4.536757E-6
1.380000E+1	 1.135283E-9	 9.999825E-3	 4.573703E-6
1.400000E+1	 1.165668E-9	 9.999992E-3	 4.610925E-6
1.420000E+1	 1.167777E-9	 9.999823E-3	 4.646560E-6
1.440000E+1	 1.168030E-9	 9.999811E-3	 4.682536E-6
1.460000E+1	 1.182252E-9	 9.999692E-3	 4.716012E-6
1.480000E+1	 1.191705E-9	 9.999819E-3	 4.750475E-6
1.500000E+1	 1.204196E-9	 9.999711E-3	 4.784515E-6
1.520000E+1	 1.213226E-9	 9.999863E-3	 4.818351E-6
1.540000E+1	 1.231583E-9	 9.999755E-3	 4.849653E-6
1.560000E+1	 1.231624E-9	 9.999898E-3	 4.881673E-6
1.580000E+1	 1.243019E-9	 9.999730E-3	 4.914119E-6
1.600000E+1	 1.264921E-9	 9.999816E-3	 4.944386E-6
1.620000E+1	 1.264794E-9	 9.999600E-3	 4.974657E-6
1.640000E+1	 1.291422E-9	 9.999770E-3	 5.005307E-6
1.660000E+1	 1.296317E-9	 9.999900E-3	 5.035075E-6
1.680000E+1	 1.312732E-9	 9.999681E-3	 5.063608E-6
1.700000E+1	 1.321300E-9	 9.999691E-3	 5.093279E-6
1.720000E+1	 1.308766E-9	 9.999593E-3	 5.120656E-6
1.740000E+1	 1.313745E-9	 9.999795E-3	 5.149054E-6
1.760000E+1	 1.334044E-9	 9.999803E-3	 5.175840E-6
1.780000E+1	 1.350248E-9	 9.999811E-3	 5.203260E-6
1.800000E+1	 1.365060E-9	 9.999842E-3	 5.229555E-6
1.820000E+1	 1.362654E-9	 9.999799E-3	 5.255978E-6
1.840000E+1	 1.384134E-9	 9.999908E-3	 5.282228E-6
1.860000E+1	 1.389916E-9	 9.999981E-3	 5.308351E-6
1.880000E+1	 1.400635E-9	 9.999787E-3	 5.332293E-6
1.900000E+1	 1.420890E-9	 9.999826E-3	 5.356656E-6
1.920000E+1	 1.416628E-9	 9.999762E-3	 5.385566E-6
1.940000E+1	 1.432790E-9	 9.999679E-3	 5.409857E-6
1.960000E+1	 1.459839E-9	 9.999651E-3	 5.431547E-6
1.980000E+1	 1.470432E-9	 9.999894E-3	 5.454747E-6
2.000000E+1	 1.484527E-9	 9.999905E-3	 5.478596E-6
2.020000E+1	 1.474273E-9	 9.999826E-3	 5.499941E-6
2.040000E+1	 1.499171E-9	 9.999850E-3	 5.522758E-6
2.060000E+1	 1.499170E-9	 9.999630E-3	 5.544556E-6
2.080000E+1	 1.518541E-9	 9.999773E-3	 5.566545E-6
2.100000E+1	 1.523942E-9	 9.999812E-3	 5.588370E-6
2.120000E+1	 1.519890E-9	 9.999888E-3	 5.609658E-6
2.140000E+1	 1.539133E-9	 9.999764E-3	 5.630781E-6
2.160000E+1	 1.559811E-9	 9.999615E-3	 5.650671E-6
2.180000E+1	 1.573991E-9	 9.999858E-3	 5.671527E-6
2.200000E+1	 1.569981E-9	 9.999797E-3	 5.691888E-6
2.220000E+1	 1.584751E-9	 9.999773E-3	 5.712286E-6
2.240000E+1	 1.598465E-9	 9.999877E-3	 5.731725E-6
2.260000E+1	 1.605682E-9	 9.999854E-3	 5.750543E-6
2.280000E+1	 1.612477E-9	 9.999881E-3	 5.771200E-6
2.300000E+1	 1.633744E-9	 9.999753E-3	 5.790083E-6
2.320000E+1	 1.633492E-9	 9.999783E-3	 5.808575E-6
2.340000E+1	 1.654632E-9	 9.999893E-3	 5.825911E-6
2.360000E+1	 1.647544E-9	 9.999822E-3	 5.845097E-6
2.380000E+1	 1.663242E-9	 9.999950E-3	 5.862598E-6
2.400000E+1	 1.694428E-9	 9.999851E-3	 5.881419E-6
2.420000E+1	 1.686789E-9	 9.999753E-3	 5.899795E-6
2.440000E+1	 1.690418E-9	 9.999666E-3	 5.916883E-6
2.460000E+1	 1.707763E-9	 9.999738E-3	 5.933521E-6
2.480000E+1	 1.727893E-9	 9.999823E-3	 5.950115E-6
2.500000E+1	 1.729074E-9	 9.999601E-3	 5.965659E-6
2.480000E+1	 1.428444E-9	 9.999943E-3	 5.931171E-6
2.460000E+1	 1.342398E-9	 9.999842E-3	 5.898843E-6
2.440000E+1	 1.281378E-9	 9.999678E-3	 5.867563E-6
2.420000E+1	 1.218037E-9	 9.999656E-3	 5.837354E-6
2.400000E+1	 1.173770E-9	 9.999692E-3	 5.807373E-6
2.380000E+1	 1.160054E-9	 9.999795E-3	 5.777050E-6
2.360000E+1	 1.118024E-9	 9.999782E-3	 5.748653E-6
2.340000E+1	 1.069242E-9	 9.999869E-3	 5.720151E-6
2.320000E+1	 1.021218E-9	 9.999755E-3	 5.690149E-6
2.300000E+1	 1.001258E-9	 9.999725E-3	 5.660560E-6
2.280000E+1	 9.711695E-10	 9.999760E-3	 5.630830E-6
2.260000E+1	 9.436975E-10	 9.999713E-3	 5.600516E-6
2.240000E+1	 9.114993E-10	 9.999543E-3	 5.571042E-6
2.220000E+1	 8.838588E-10	 9.999787E-3	 5.539765E-6
2.200000E+1	 8.672741E-10	 9.999753E-3	 5.511320E-6
2.180000E+1	 8.412796E-10	 9.999729E-3	 5.477769E-6
2.160000E+1	 8.292947E-10	 9.999798E-3	 5.449265E-6
2.140000E+1	 7.970122E-10	 9.999736E-3	 5.417894E-6
2.120000E+1	 7.632944E-10	 9.999803E-3	 5.388133E-6
2.100000E+1	 7.488626E-10	 9.999814E-3	 5.356611E-6
2.080000E+1	 7.328265E-10	 9.999795E-3	 5.325204E-6
2.060000E+1	 7.080972E-10	 9.999893E-3	 5.293227E-6
2.040000E+1	 6.991936E-10	 9.999918E-3	 5.261929E-6
2.020000E+1	 6.765321E-10	 9.999741E-3	 5.228620E-6
2.000000E+1	 6.698231E-10	 9.999773E-3	 5.196564E-6
1.980000E+1	 6.521831E-10	 9.999881E-3	 5.162178E-6
1.960000E+1	 6.268204E-10	 9.999764E-3	 5.127920E-6
1.940000E+1	 6.227274E-10	 9.999746E-3	 5.094293E-6
1.920000E+1	 5.939897E-10	 9.999897E-3	 5.055649E-6
1.900000E+1	 5.976187E-10	 9.999771E-3	 5.022765E-6
1.880000E+1	 5.628459E-10	 9.999718E-3	 4.987084E-6
1.860000E+1	 5.358810E-10	 9.999776E-3	 4.950944E-6
1.840000E+1	 5.335177E-10	 9.999969E-3	 4.915684E-6
1.820000E+1	 5.050750E-10	 9.999735E-3	 4.878191E-6
1.800000E+1	 5.103500E-10	 1.000004E-2	 4.841595E-6
1.780000E+1	 4.822449E-10	 9.999767E-3	 4.803325E-6
1.760000E+1	 4.716953E-10	 9.999717E-3	 4.765527E-6
1.740000E+1	 4.572209E-10	 9.999604E-3	 4.727654E-6
1.720000E+1	 4.538028E-10	 9.999966E-3	 4.688115E-6
1.700000E+1	 4.279342E-10	 9.999705E-3	 4.649817E-6
1.680000E+1	 4.187352E-10	 9.999728E-3	 4.608969E-6
1.660000E+1	 3.824009E-10	 9.999803E-3	 4.568135E-6
1.640000E+1	 3.921490E-10	 9.999705E-3	 4.527140E-6
1.620000E+1	 3.889841E-10	 9.999983E-3	 4.485175E-6
1.600000E+1	 3.599509E-10	 9.999897E-3	 4.443091E-6
1.580000E+1	 3.536630E-10	 9.999831E-3	 4.401276E-6
1.560000E+1	 3.374585E-10	 9.999745E-3	 4.358245E-6
1.540000E+1	 3.247562E-10	 9.999788E-3	 4.314492E-6
1.520000E+1	 3.206629E-10	 9.999730E-3	 4.270290E-6
1.500000E+1	 2.907856E-10	 9.999707E-3	 4.224904E-6
1.480000E+1	 2.964405E-10	 9.999904E-3	 4.180636E-6
1.460000E+1	 2.712051E-10	 9.999718E-3	 4.133974E-6
1.440000E+1	 2.535235E-10	 9.999648E-3	 4.088382E-6
1.420000E+1	 2.406105E-10	 9.999799E-3	 4.043411E-6
1.400000E+1	 2.469405E-10	 9.999774E-3	 3.989774E-6
1.380000E+1	 2.302716E-10	 9.999886E-3	 3.943988E-6
1.360000E+1	 2.013227E-10	 9.999873E-3	 3.895686E-6
1.340000E+1	 1.962165E-10	 9.999808E-3	 3.848271E-6
1.320000E+1	 1.792944E-10	 9.999767E-3	 3.798482E-6
1.300000E+1	 1.781130E-10	 9.999883E-3	 3.750915E-6
1.280000E+1	 1.745259E-10	 9.999776E-3	 3.694765E-6
1.260000E+1	 1.522867E-10	 9.999783E-3	 3.646779E-6
1.240000E+1	 1.217765E-10	 9.999680E-3	 3.597984E-6
1.220000E+1	 1.275576E-10	 9.999767E-3	 3.548985E-6
1.200000E+1	 1.237176E-10	 9.999725E-3	 3.492135E-6
1.180000E+1	 1.060781E-10	 9.999742E-3	 3.444838E-6
1.160000E+1	 7.472370E-11	 9.999957E-3	 3.394264E-6
1.140000E+1	 6.603065E-11	 9.999764E-3	 3.345566E-6
1.120000E+1	 6.501802E-11	 9.999729E-3	 3.295898E-6
1.100000E+1	 5.020595E-11	 9.999812E-3	 3.246060E-6
1.080000E+1	 5.176726E-11	 9.999898E-3	 3.198142E-6
1.060000E+1	 1.340784E-11	 1.000010E-2	 3.149892E-6
1.040000E+1	 2.028643E-11	 9.999838E-3	 3.101857E-6
1.020000E+1	 9.188025E-12	 9.999875E-3	 3.056294E-6
1.000000E+1	 -1.119448E-11	 9.999836E-3	 3.010278E-6
9.800000E+0	 -1.132107E-11	 9.999873E-3	 2.966294E-6
9.600000E+0	 -3.410879E-11	 9.999814E-3	 2.922950E-6
9.400001E+0	 -4.145147E-11	 9.999645E-3	 2.881782E-6
9.200001E+0	 -5.541956E-11	 9.999680E-3	 2.842676E-6
9.000001E+0	 -6.373289E-11	 9.999730E-3	 2.804819E-6
8.800000E+0	 -7.445158E-11	 9.999631E-3	 2.769468E-6
8.600000E+0	 -8.580327E-11	 9.999961E-3	 2.734522E-6
8.400001E+0	 -9.736591E-11	 9.999800E-3	 2.702767E-6
8.200001E+0	 -1.076205E-10	 9.999719E-3	 2.672737E-6
8.000001E+0	 -1.104478E-10	 9.999949E-3	 2.642686E-6
7.800001E+0	 -1.134440E-10	 9.999838E-3	 2.617270E-6
7.600000E+0	 -1.436589E-10	 9.999909E-3	 2.593787E-6
7.400001E+0	 -1.617625E-10	 9.999761E-3	 2.571997E-6
7.200000E+0	 -1.734940E-10	 9.999963E-3	 2.552038E-6
7.000000E+0	 -1.762792E-10	 9.999883E-3	 2.533220E-6
6.800001E+0	 -1.772075E-10	 9.999833E-3	 2.517167E-6
6.600000E+0	 -2.060307E-10	 9.999827E-3	 2.502509E-6
6.400001E+0	 -2.118546E-10	 9.999676E-3	 2.489252E-6
6.200000E+0	 -2.159904E-10	 9.999813E-3	 2.476977E-6
6.000000E+0	 -2.346016E-10	 9.999845E-3	 2.466918E-6
5.800001E+0	 -2.389906E-10	 9.999845E-3	 2.458188E-6
5.600000E+0	 -2.454053E-10	 9.999863E-3	 2.450531E-6
5.400001E+0	 -2.660843E-10	 9.999768E-3	 2.444886E-6
5.200000E+0	 -2.728789E-10	 9.999814E-3	 2.440475E-6
5.000000E+0	 -2.800532E-10	 9.999688E-3	 2.437011E-6
4.800001E+0	 -2.952882E-10	 9.999814E-3	 2.435036E-6
4.600000E+0	 -2.918276E-10	 9.999767E-3	 2.434178E-6
4.400001E+0	 -3.126333E-10	 9.999659E-3	 2.435063E-6
4.200000E+0	 -3.433563E-10	 9.999753E-3	 2.436442E-6
4.000000E+0	 -3.391361E-10	 9.999966E-3	 2.440935E-6
3.800000E+0	 -3.433987E-10	 9.999931E-3	 2.446311E-6
3.600000E+0	 -3.552573E-10	 9.999969E-3	 2.452260E-6
3.400000E+0	 -3.719693E-10	 9.999756E-3	 2.459921E-6
3.200001E+0	 -3.815071E-10	 9.999887E-3	 2.467766E-6
3.000000E+0	 -3.937456E-10	 9.999816E-3	 2.477182E-6
2.800000E+0	 -4.098668E-10	 1.000012E-2	 2.486649E-6
2.600000E+0	 -4.115127E-10	 9.999966E-3	 2.497420E-6
2.400000E+0	 -4.312632E-10	 9.999837E-3	 2.508322E-6
2.200000E+0	 -4.410119E-10	 9.999738E-3	 2.519956E-6
2.000000E+0	 -4.386486E-10	 9.999830E-3	 2.531797E-6
1.800000E+0	 -4.545588E-10	 9.999908E-3	 2.544735E-6
1.600000E+0	 -4.648563E-10	 1.000012E-2	 2.557678E-6
1.400000E+0	 -4.840581E-10	 9.999515E-3	 2.571641E-6
1.200000E+0	 -4.882361E-10	 9.999744E-3	 2.586211E-6
1.000000E+0	 -5.166803E-10	 9.999792E-3	 2.603112E-6
8.000004E-1	 -5.303536E-10	 9.999791E-3	 2.622406E-6
6.000004E-1	 -5.539448E-10	 9.999826E-3	 2.656225E-6
4.000004E-1	 -5.741592E-10	 9.999906E-3	 2.750884E-6
2.000004E-1	 -5.787597E-10	 9.999861E-3	 3.340089E-6
3.725290E-7	 -6.672571E-10	 9.999922E-3	 3.449383E-6
-1.999996E-1	 -5.590510E-10	 9.999806E-3	 3.499239E-6
-3.999996E-1	 -5.694751E-10	 9.999761E-3	 3.554994E-6
-5.999997E-1	 -5.853428E-10	 1.000002E-2	 3.612136E-6
-7.999997E-1	 -5.984255E-10	 9.999811E-3	 3.672132E-6
-9.999996E-1	 -6.080477E-10	 9.999955E-3	 3.733027E-6
-1.200000E+0	 -6.157707E-10	 9.999660E-3	 3.794869E-6
-1.400000E+0	 -6.318916E-10	 9.999930E-3	 3.858705E-6
-1.600000E+0	 -6.286421E-10	 9.999881E-3	 3.921152E-6
-1.800000E+0	 -6.480551E-10	 9.999873E-3	 3.985303E-6
-2.000000E+0	 -6.605892E-10	 9.999730E-3	 4.049074E-6
-2.200000E+0	 -6.691562E-10	 9.999921E-3	 4.111468E-6
-2.400000E+0	 -6.923674E-10	 9.999963E-3	 4.175364E-6
-2.600000E+0	 -6.950260E-10	 9.999823E-3	 4.238951E-6
-2.800000E+0	 -7.117381E-10	 9.999710E-3	 4.300629E-6
-3.000000E+0	 -7.311090E-10	 9.999737E-3	 4.362661E-6
-3.200000E+0	 -7.207269E-10	 9.999934E-3	 4.424767E-6
-3.400000E+0	 -7.505639E-10	 9.999861E-3	 4.485992E-6
-3.600000E+0	 -7.505218E-10	 9.999912E-3	 4.547115E-6
-3.800000E+0	 -7.649549E-10	 9.999811E-3	 4.606401E-6
-4.000000E+0	 -7.736063E-10	 9.999992E-3	 4.666233E-6
-4.200000E+0	 -7.850007E-10	 9.999861E-3	 4.725166E-6
-4.400000E+0	 -7.954667E-10	 9.999609E-3	 4.782783E-6
-4.600000E+0	 -8.012484E-10	 9.999845E-3	 4.841679E-6
-4.800000E+0	 -8.065239E-10	 9.999861E-3	 4.898438E-6
-5.000000E+0	 -8.331114E-10	 9.999840E-3	 4.954626E-6
-5.200000E+0	 -8.283425E-10	 9.999797E-3	 5.010421E-6
-5.400000E+0	 -8.446745E-10	 9.999882E-3	 5.064655E-6
-5.600000E+0	 -8.664928E-10	 9.999711E-3	 5.121734E-6
-5.800000E+0	 -8.602473E-10	 9.999931E-3	 5.174183E-6
-6.000000E+0	 -8.848928E-10	 9.999694E-3	 5.228619E-6
-6.200000E+0	 -8.725280E-10	 9.999881E-3	 5.283373E-6
-6.400000E+0	 -8.975958E-10	 9.999688E-3	 5.335726E-6
-6.600000E+0	 -9.189077E-10	 9.999814E-3	 5.386822E-6
-6.800000E+0	 -9.306823E-10	 9.999808E-3	 5.436163E-6
-7.000000E+0	 -9.443555E-10	 9.999800E-3	 5.487364E-6
-7.200000E+0	 -9.540618E-10	 9.999647E-3	 5.536959E-6
-7.400000E+0	 -9.498001E-10	 9.999659E-3	 5.585612E-6
-7.600000E+0	 -9.795948E-10	 9.999764E-3	 5.634945E-6
-7.800000E+0	 -9.867265E-10	 9.999734E-3	 5.683575E-6
-8.000000E+0	 -9.927617E-10	 9.999792E-3	 5.733318E-6
-8.200000E+0	 -9.886260E-10	 9.999808E-3	 5.781111E-6
-8.400000E+0	 -1.019729E-9	 9.999786E-3	 5.825904E-6
-8.599999E+0	 -1.023400E-9	 9.999737E-3	 5.874033E-6
-8.800000E+0	 -1.027790E-9	 9.999919E-3	 5.919842E-6
-9.000000E+0	 -1.034668E-9	 9.999620E-3	 5.964168E-6
-9.200000E+0	 -1.057078E-9	 9.999762E-3	 6.008531E-6
-9.400000E+0	 -1.064843E-9	 9.999937E-3	 6.051858E-6
-9.599999E+0	 -1.074929E-9	 9.999775E-3	 6.096786E-6
-9.800000E+0	 -1.087632E-9	 9.999726E-3	 6.139624E-6
-1.000000E+1	 -1.096958E-9	 9.999662E-3	 6.183173E-6
-1.020000E+1	 -1.104344E-9	 9.999811E-3	 6.226354E-6
-1.040000E+1	 -1.127724E-9	 9.999755E-3	 6.269083E-6
-1.060000E+1	 -1.127935E-9	 9.999573E-3	 6.311038E-6
-1.080000E+1	 -1.134518E-9	 9.999851E-3	 6.352843E-6
-1.100000E+1	 -1.136924E-9	 9.999865E-3	 6.392988E-6
-1.120000E+1	 -1.158110E-9	 9.999709E-3	 6.432879E-6
-1.140000E+1	 -1.162963E-9	 9.999746E-3	 6.474771E-6
-1.160000E+1	 -1.184613E-9	 9.999724E-3	 6.515063E-6
-1.180000E+1	 -1.182250E-9	 9.999714E-3	 6.553296E-6
-1.200000E+1	 -1.180054E-9	 9.999720E-3	 6.593716E-6
-1.220000E+1	 -1.206599E-9	 9.999661E-3	 6.632443E-6
-1.240000E+1	 -1.237956E-9	 9.999835E-3	 6.671654E-6
-1.260000E+1	 -1.237491E-9	 9.999787E-3	 6.708548E-6
-1.280000E+1	 -1.260703E-9	 9.999635E-3	 6.746188E-6
-1.300000E+1	 -1.250658E-9	 9.999773E-3	 6.783434E-6
-1.320000E+1	 -1.268384E-9	 9.999767E-3	 6.821940E-6
-1.340000E+1	 -1.276697E-9	 9.999656E-3	 6.858961E-6
-1.360000E+1	 -1.289569E-9	 9.999738E-3	 6.895414E-6
-1.380000E+1	 -1.285095E-9	 9.999749E-3	 6.932606E-6
-1.400000E+1	 -1.307209E-9	 9.999726E-3	 6.967494E-6
-1.420000E+1	 -1.313329E-9	 9.999959E-3	 7.005416E-6
-1.440000E+1	 -1.327044E-9	 9.999630E-3	 7.041002E-6
-1.460000E+1	 -1.355067E-9	 9.999739E-3	 7.074967E-6
-1.480000E+1	 -1.339958E-9	 9.999699E-3	 7.111666E-6
-1.500000E+1	 -1.355109E-9	 9.999847E-3	 7.146776E-6
-1.520000E+1	 -1.366967E-9	 9.999810E-3	 7.180464E-6
-1.540000E+1	 -1.388448E-9	 9.999760E-3	 7.215614E-6
-1.560000E+1	 -1.388743E-9	 9.999839E-3	 7.249181E-6
-1.580000E+1	 -1.413685E-9	 9.999703E-3	 7.282145E-6
-1.600000E+1	 -1.418158E-9	 9.999787E-3	 7.317140E-6
-1.620000E+1	 -1.416512E-9	 9.999573E-3	 7.350280E-6
-1.640000E+1	 -1.423645E-9	 9.999845E-3	 7.383131E-6
-1.660000E+1	 -1.442805E-9	 9.999843E-3	 7.415947E-6
-1.680000E+1	 -1.444493E-9	 9.999844E-3	 7.447056E-6
-1.700000E+1	 -1.466480E-9	 9.999712E-3	 7.481427E-6
-1.720000E+1	 -1.462218E-9	 1.000003E-2	 7.512072E-6
-1.740000E+1	 -1.478888E-9	 9.999773E-3	 7.543515E-6
-1.760000E+1	 -1.494164E-9	 9.999814E-3	 7.576307E-6
-1.780000E+1	 -1.505348E-9	 9.999738E-3	 7.607235E-6
-1.800000E+1	 -1.512270E-9	 9.999787E-3	 7.638781E-6
-1.820000E+1	 -1.522947E-9	 9.999810E-3	 7.669123E-6
-1.840000E+1	 -1.548184E-9	 9.999595E-3	 7.699389E-6
-1.860000E+1	 -1.546748E-9	 9.999775E-3	 7.729592E-6
-1.880000E+1	 -1.563882E-9	 9.999735E-3	 7.759700E-6
-1.900000E+1	 -1.570592E-9	 9.999665E-3	 7.790456E-6
-1.920000E+1	 -1.583759E-9	 9.999865E-3	 7.818779E-6
-1.940000E+1	 -1.579285E-9	 9.999759E-3	 7.848968E-6
-1.960000E+1	 -1.597432E-9	 9.999811E-3	 7.875814E-6
-1.980000E+1	 -1.609418E-9	 9.999594E-3	 7.904961E-6
-2.000000E+1	 -1.608828E-9	 9.999924E-3	 7.936467E-6
-2.020000E+1	 -1.628579E-9	 9.999768E-3	 7.963997E-6
-2.040000E+1	 -1.655545E-9	 9.999778E-3	 7.992255E-6
-2.060000E+1	 -1.646261E-9	 9.999894E-3	 8.021304E-6
-2.080000E+1	 -1.676519E-9	 9.999709E-3	 8.046802E-6
-2.100000E+1	 -1.658964E-9	 9.999854E-3	 8.077407E-6
-2.120000E+1	 -1.685549E-9	 9.999687E-3	 8.104653E-6
-2.140000E+1	 -1.719228E-9	 9.999781E-3	 8.130856E-6
-2.160000E+1	 -1.705682E-9	 9.999687E-3	 8.158473E-6
-2.180000E+1	 -1.712898E-9	 9.999770E-3	 8.187498E-6
-2.200000E+1	 -1.724757E-9	 9.999885E-3	 8.212382E-6
-2.220000E+1	 -1.758054E-9	 9.999686E-3	 8.238908E-6
-2.240000E+1	 -1.760500E-9	 9.999610E-3	 8.265455E-6
-2.260000E+1	 -1.769997E-9	 9.999901E-3	 8.292219E-6
-2.280000E+1	 -1.776116E-9	 9.999835E-3	 8.315783E-6
-2.300000E+1	 -1.793842E-9	 9.999823E-3	 8.340786E-6
-2.320000E+1	 -1.800551E-9	 9.999763E-3	 8.366969E-6
-2.340000E+1	 -1.800636E-9	 9.999835E-3	 8.392302E-6
-2.360000E+1	 -1.819584E-9	 9.999798E-3	 8.418737E-6
-2.380000E+1	 -1.813128E-9	 9.999652E-3	 8.444014E-6
-2.400000E+1	 -1.837056E-9	 9.999687E-3	 8.466885E-6
-2.420000E+1	 -1.853768E-9	 9.999640E-3	 8.492035E-6
-2.440000E+1	 -1.859338E-9	 9.999794E-3	 8.516763E-6
-2.460000E+1	 -1.872885E-9	 9.999670E-3	 8.540955E-6
-2.480000E+1	 -1.882676E-9	 9.999662E-3	 8.564968E-6
-2.500000E+1	 -1.885885E-9	 9.999734E-3	 8.589614E-6
-2.480000E+1	 -1.559662E-9	 9.999660E-3	 8.558171E-6
-2.460000E+1	 -1.480997E-9	 9.999832E-3	 8.528790E-6
-2.440000E+1	 -1.408367E-9	 9.999731E-3	 8.499034E-6
-2.420000E+1	 -1.366461E-9	 9.999799E-3	 8.471349E-6
-2.400000E+1	 -1.313033E-9	 9.999739E-3	 8.442837E-6
-2.380000E+1	 -1.284968E-9	 9.999688E-3	 8.416517E-6
-2.360000E+1	 -1.240361E-9	 9.999640E-3	 8.388965E-6
-2.340000E+1	 -1.201746E-9	 9.999654E-3	 8.362376E-6
-2.320000E+1	 -1.165663E-9	 9.999744E-3	 8.334359E-6
-2.300000E+1	 -1.137388E-9	 9.999773E-3	 8.308026E-6
-2.280000E+1	 -1.099237E-9	 9.999682E-3	 8.278642E-6
-2.260000E+1	 -1.075942E-9	 9.999594E-3	 8.252092E-6
-2.240000E+1	 -1.055432E-9	 9.999811E-3	 8.223694E-6
-2.220000E+1	 -1.023780E-9	 9.999643E-3	 8.195414E-6
-2.200000E+1	 -1.001582E-9	 9.999640E-3	 8.167846E-6
-2.180000E+1	 -9.801007E-10	 9.999854E-3	 8.139314E-6
-2.160000E+1	 -9.579869E-10	 9.999781E-3	 8.111271E-6
-2.140000E+1	 -9.450312E-10	 9.999840E-3	 8.082896E-6
-2.120000E+1	 -9.220309E-10	 9.999839E-3	 8.055207E-6
-2.100000E+1	 -8.450121E-10	 9.999626E-3	 8.024902E-6
-2.080000E+1	 -8.715995E-10	 9.999739E-3	 7.994350E-6
-2.060000E+1	 -8.384288E-10	 9.999592E-3	 7.965652E-6
-2.040000E+1	 -8.309589E-10	 9.999665E-3	 7.936873E-6
-2.020000E+1	 -8.181292E-10	 1.000001E-2	 7.905785E-6
-2.000000E+1	 -8.059753E-10	 9.999833E-3	 7.875446E-6
-1.980000E+1	 -7.813716E-10	 9.999881E-3	 7.846465E-6
-1.960000E+1	 -7.701881E-10	 9.999695E-3	 7.816466E-6
-1.940000E+1	 -7.471876E-10	 9.999890E-3	 7.785459E-6
-1.920000E+1	 -7.396336E-10	 9.999843E-3	 7.753677E-6
-1.900000E+1	 -7.209803E-10	 9.999956E-3	 7.723255E-6
-1.880000E+1	 -6.934224E-10	 9.999754E-3	 7.689966E-6
-1.860000E+1	 -6.664130E-10	 9.999629E-3	 7.660041E-6
-1.840000E+1	 -6.729967E-10	 9.999773E-3	 7.629304E-6
-1.820000E+1	 -6.488569E-10	 9.999737E-3	 7.595719E-6
-1.800000E+1	 -6.323137E-10	 9.999595E-3	 7.564534E-6
-1.780000E+1	 -6.223120E-10	 9.999890E-3	 7.532357E-6
-1.760000E+1	 -6.080477E-10	 9.999464E-3	 7.499227E-6
-1.740000E+1	 -5.815869E-10	 9.999603E-3	 7.464985E-6
-1.720000E+1	 -5.886771E-10	 9.999726E-3	 7.430805E-6
-1.700000E+1	 -5.705721E-10	 9.999783E-3	 7.399076E-6
-1.680000E+1	 -5.495556E-10	 9.999686E-3	 7.364145E-6
-1.660000E+1	 -5.318729E-10	 9.999703E-3	 7.329127E-6
-1.640000E+1	 -5.333923E-10	 9.999776E-3	 7.295157E-6
-1.620000E+1	 -5.068048E-10	 9.999666E-3	 7.261970E-6
-1.600000E+1	 -4.897554E-10	 9.999469E-3	 7.225836E-6
-1.580000E+1	 -4.728744E-10	 9.999610E-3	 7.189937E-6
-1.560000E+1	 -4.679791E-10	 9.999868E-3	 7.155827E-6
-1.540000E+1	 -4.455274E-10	 9.999523E-3	 7.120012E-6
-1.520000E+1	 -4.324448E-10	 9.999858E-3	 7.082479E-6
-1.500000E+1	 -4.373825E-10	 9.999662E-3	 7.047773E-6
-1.480000E+1	 -4.162392E-10	 9.999731E-3	 7.009571E-6
-1.460000E+1	 -3.965731E-10	 9.999726E-3	 6.972350E-6
-1.440000E+1	 -3.946740E-10	 9.999653E-3	 6.932531E-6
-1.420000E+1	 -3.982190E-10	 9.999665E-3	 6.897179E-6
-1.400000E+1	 -3.470701E-10	 9.999868E-3	 6.855307E-6
-1.380000E+1	 -3.463948E-10	 9.999807E-3	 6.817826E-6
-1.360000E+1	 -3.248296E-10	 9.999718E-3	 6.779242E-6
-1.340000E+1	 -3.317929E-10	 9.999831E-3	 6.740880E-6
-1.320000E+1	 -3.090882E-10	 9.999870E-3	 6.700912E-6
-1.300000E+1	 -2.969761E-10	 9.999800E-3	 6.660121E-6
-1.280000E+1	 -2.789559E-10	 9.999882E-3	 6.620970E-6
-1.260000E+1	 -2.835138E-10	 9.999867E-3	 6.579300E-6
-1.240000E+1	 -2.694182E-10	 9.999823E-3	 6.539526E-6
-1.220000E+1	 -2.438438E-10	 9.999636E-3	 6.497567E-6
-1.200000E+1	 -2.345593E-10	 9.999979E-3	 6.455593E-6
-1.180000E+1	 -2.284822E-10	 9.999666E-3	 6.413348E-6
-1.160000E+1	 -2.089849E-10	 9.999661E-3	 6.369535E-6
-1.140000E+1	 -2.018527E-10	 9.999822E-3	 6.327351E-6
-1.120000E+1	 -2.063262E-10	 9.999851E-3	 6.284014E-6
-1.100000E+1	 -1.769966E-10	 9.999770E-3	 6.238938E-6
-1.080000E+1	 -1.685145E-10	 9.999644E-3	 6.195524E-6
-1.060000E+1	 -1.515924E-10	 9.999785E-3	 6.148407E-6
-1.040000E+1	 -1.499889E-10	 9.999664E-3	 6.102776E-6
-1.020000E+1	 -1.355144E-10	 9.999767E-3	 6.056987E-6
-1.000000E+1	 -1.113340E-10	 9.999763E-3	 6.010313E-6
-9.800000E+0	 -9.922275E-11	 9.999852E-3	 5.964002E-6
-9.599999E+0	 -9.137371E-11	 9.999993E-3	 5.916367E-6
-9.400000E+0	 -8.065498E-11	 9.999694E-3	 5.867013E-6
-9.200000E+0	 -7.538005E-11	 9.999718E-3	 5.817907E-6
-9.000000E+0	 -6.858587E-11	 9.999739E-3	 5.768313E-6
-8.800000E+0	 -5.499765E-11	 9.999792E-3	 5.719549E-6
-8.599999E+0	 -4.533393E-11	 9.999860E-3	 5.667732E-6
-8.400000E+0	 -1.486806E-10	 9.999775E-3	 5.614932E-6
-8.200000E+0	 -2.267275E-11	 9.999822E-3	 5.564993E-6
-8.000000E+0	 -1.123672E-11	 9.999781E-3	 5.511386E-6
-7.800000E+0	 -1.910569E-12	 9.999854E-3	 5.458702E-6
-7.600000E+0	 1.741686E-11	 9.999845E-3	 5.405042E-6
-7.400000E+0	 1.830297E-11	 9.999826E-3	 5.349668E-6
-7.200000E+0	 4.041549E-11	 9.999678E-3	 5.296018E-6
-7.000000E+0	 2.952810E-11	 9.999843E-3	 5.239659E-6
-6.800000E+0	 4.062653E-11	 9.999919E-3	 5.183460E-6
-6.600000E+0	 6.235920E-11	 9.999700E-3	 5.126206E-6
-6.400000E+0	 8.573783E-11	 9.999939E-3	 5.068313E-6
-6.200000E+0	 8.628639E-11	 9.999801E-3	 5.010367E-6
-6.000000E+0	 1.053604E-10	 9.999869E-3	 4.951670E-6
-5.800000E+0	 1.058247E-10	 9.999728E-3	 4.891321E-6
-5.600000E+0	 1.191599E-10	 9.999854E-3	 4.831617E-6
-5.400000E+0	 1.327482E-10	 9.999869E-3	 4.768973E-6
-5.200000E+0	 1.470538E-10	 9.999836E-3	 4.706383E-6
-5.000000E+0	 1.551139E-10	 9.999693E-3	 4.644560E-6
-4.800000E+0	 1.633426E-10	 9.999845E-3	 4.579938E-6
-4.600000E+0	 1.702636E-10	 9.999737E-3	 4.517868E-6
-4.400000E+0	 1.984947E-10	 9.999958E-3	 4.450899E-6
-4.200000E+0	 1.971023E-10	 9.999659E-3	 4.386404E-6
-4.000000E+0	 2.042341E-10	 9.999910E-3	 4.319949E-6
-3.800000E+0	 2.002675E-10	 9.999769E-3	 4.252965E-6
-3.600000E+0	 2.349553E-10	 9.999844E-3	 4.185373E-6
-3.400000E+0	 2.375714E-10	 9.999893E-3	 4.116829E-6
-3.200000E+0	 2.610769E-10	 1.000007E-2	 4.046894E-6
-3.000000E+0	 2.554219E-10	 9.999974E-3	 3.977484E-6
-2.800000E+0	 2.831052E-10	 9.999870E-3	 3.905928E-6
-2.600000E+0	 2.862703E-10	 9.999976E-3	 3.835203E-6
-2.400000E+0	 3.004491E-10	 9.999920E-3	 3.763609E-6
-2.200000E+0	 3.145437E-10	 9.999894E-3	 3.691803E-6
-2.000000E+0	 3.130666E-10	 9.999890E-3	 3.620355E-6
-1.800000E+0	 3.338289E-10	 9.999875E-3	 3.548799E-6
-1.600000E+0	 3.337446E-10	 9.999792E-3	 3.475621E-6
-1.400000E+0	 3.554771E-10	 9.999758E-3	 3.405055E-6
-1.200000E+0	 3.586422E-10	 9.999813E-3	 3.334416E-6
-9.999996E-1	 3.543803E-10	 9.999767E-3	 3.260422E-6
-7.999997E-1	 3.767037E-10	 9.999773E-3	 3.190972E-6
-5.999997E-1	 4.120668E-10	 9.999840E-3	 3.121403E-6
-3.999996E-1	 4.098302E-10	 9.999799E-3	 3.054423E-6
-1.999996E-1	 4.264993E-10	 9.999936E-3	 2.988137E-6
3.725290E-7	 4.116451E-10	 9.999905E-3	 2.924170E-6
2.000004E-1	 4.233765E-10	 9.999811E-3	 2.860557E-6
4.000004E-1	 4.353186E-10	 9.999863E-3	 2.800680E-6
6.000004E-1	 4.475990E-10	 9.999754E-3	 2.741934E-6
8.000004E-1	 4.470084E-10	 9.999692E-3	 2.688651E-6
1.000000E+0	 4.782358E-10	 9.999838E-3	 2.636720E-6
1.200000E+0	 4.796707E-10	 9.999717E-3	 2.589072E-6
1.400000E+0	 4.894611E-10	 9.999800E-3	 2.545896E-6
1.600000E+0	 5.008551E-10	 9.999714E-3	 2.506128E-6
1.800000E+0	 5.211529E-10	 9.999787E-3	 2.470753E-6
2.000000E+0	 5.383282E-10	 9.999764E-3	 2.437155E-6
2.200000E+0	 5.330534E-10	 9.999920E-3	 2.411349E-6
2.400000E+0	 5.470217E-10	 9.999837E-3	 2.389667E-6
2.600000E+0	 5.587108E-10	 9.999749E-3	 2.371795E-6
2.800000E+0	 5.791354E-10	 9.999688E-3	 2.358458E-6
3.000000E+0	 5.892632E-10	 9.999822E-3	 2.349948E-6
3.200001E+0	 5.939050E-10	 9.999750E-3	 2.344953E-6
3.400000E+0	 6.134855E-10	 1.000005E-2	 2.344439E-6
3.600000E+0	 6.220520E-10	 9.999881E-3	 2.347163E-6
3.800000E+0	 6.257234E-10	 9.999761E-3	 2.353741E-6
4.000000E+0	 6.263989E-10	 9.999818E-3	 2.362811E-6
4.200000E+0	 6.508745E-10	 9.999872E-3	 2.374896E-6
4.400001E+0	 6.475410E-10	 9.999798E-3	 2.390206E-6
4.600000E+0	 6.650535E-10	 9.999887E-3	 2.408831E-6
4.800001E+0	 6.750969E-10	 9.999881E-3	 2.430644E-6
5.000000E+0	 6.902467E-10	 9.999835E-3	 2.455094E-6
5.200000E+0	 6.875882E-10	 9.999839E-3	 2.482597E-6
5.400001E+0	 7.099963E-10	 9.999979E-3	 2.511510E-6
5.600000E+0	 7.226137E-10	 9.999843E-3	 2.543757E-6
5.800001E+0	 7.315603E-10	 9.999864E-3	 2.577013E-6
6.000000E+0	 7.257374E-10	 9.999873E-3	 2.611469E-6
6.200000E+0	 7.522799E-10	 9.999801E-3	 2.646788E-6
6.400001E+0	 7.453173E-10	 9.999900E-3	 2.682719E-6
6.600000E+0	 7.712699E-10	 9.999813E-3	 2.719446E-6
6.800001E+0	 7.867152E-10	 9.999959E-3	 2.757902E-6
7.000000E+0	 7.856601E-10	 9.999889E-3	 2.795356E-6
7.200000E+0	 8.027503E-10	 9.999975E-3	 2.834169E-6
7.400001E+0	 8.088695E-10	 9.999931E-3	 2.874828E-6
7.600000E+0	 8.295054E-10	 9.999841E-3	 2.915978E-6
7.800001E+0	 8.247365E-10	 9.999814E-3	 2.958816E-6
8.000001E+0	 8.546139E-10	 9.999993E-3	 3.002951E-6
8.200001E+0	 8.592980E-10	 9.999934E-3	 3.047332E-6
8.400001E+0	 8.644467E-10	 9.999873E-3	 3.091344E-6
8.600000E+0	 8.581585E-10	 9.999906E-3	 3.143207E-6
8.800000E+0	 8.820016E-10	 9.999664E-3	 3.189755E-6
9.000001E+0	 8.959695E-10	 9.999976E-3	 3.237123E-6
9.200001E+0	 9.018779E-10	 9.999992E-3	 3.285366E-6
9.400001E+0	 9.322190E-10	 9.999882E-3	 3.333926E-6
9.600000E+0	 9.276617E-10	 9.999781E-3	 3.383631E-6
9.800000E+0	 9.489298E-10	 9.999998E-3	 3.432845E-6
1.000000E+1	 9.522220E-10	 9.999876E-3	 3.482550E-6
1.020000E+1	 9.661055E-10	 9.999868E-3	 3.531541E-6
1.040000E+1	 9.737856E-10	 9.999929E-3	 3.579854E-6
1.060000E+1	 9.893999E-10	 9.999881E-3	 3.627735E-6
1.080000E+1	 1.000034E-9	 9.999908E-3	 3.676920E-6
1.100000E+1	 1.005773E-9	 9.999855E-3	 3.724849E-6
1.120000E+1	 1.003748E-9	 9.999902E-3	 3.772246E-6
1.140000E+1	 1.026324E-9	 9.999829E-3	 3.819604E-6
1.160000E+1	 1.029827E-9	 9.999893E-3	 3.864728E-6
1.180000E+1	 1.045188E-9	 9.999861E-3	 3.910946E-6
1.200000E+1	 1.050421E-9	 9.999918E-3	 3.955255E-6
1.220000E+1	 1.065485E-9	 9.999854E-3	 4.000400E-6
1.240000E+1	 1.058439E-9	 9.999843E-3	 4.045441E-6
1.260000E+1	 1.072322E-9	 9.999785E-3	 4.087694E-6
1.280000E+1	 1.103128E-9	 9.999819E-3	 4.131076E-6
1.300000E+1	 1.091186E-9	 1.000000E-2	 4.173081E-6
1.320000E+1	 1.116295E-9	 9.999635E-3	 4.215402E-6
1.340000E+1	 1.134692E-9	 9.999901E-3	 4.257623E-6
1.360000E+1	 1.118109E-9	 1.000004E-2	 4.298074E-6
1.380000E+1	 1.159211E-9	 9.999824E-3	 4.337704E-6
1.400000E+1	 1.159760E-9	 9.999856E-3	 4.376737E-6
1.420000E+1	 1.168242E-9	 9.999868E-3	 4.415861E-6
1.440000E+1	 1.164696E-9	 9.999831E-3	 4.454932E-6
1.460000E+1	 1.187653E-9	 9.999768E-3	 4.492185E-6
1.480000E+1	 1.192042E-9	 9.999883E-3	 4.531051E-6
1.500000E+1	 1.224283E-9	 9.999789E-3	 4.567285E-6
1.520000E+1	 1.208499E-9	 9.999969E-3	 4.604269E-6
1.540000E+1	 1.221118E-9	 9.999904E-3	 4.640503E-6
1.560000E+1	 1.216349E-9	 9.999737E-3	 4.675257E-6
1.580000E+1	 1.265680E-9	 9.999835E-3	 4.709183E-6
1.600000E+1	 1.259224E-9	 9.999849E-3	 4.742842E-6
1.620000E+1	 1.258760E-9	 9.999895E-3	 4.776747E-6
1.640000E+1	 1.272136E-9	 9.999823E-3	 4.811081E-6
1.660000E+1	 1.293701E-9	 9.999795E-3	 4.844248E-6
1.680000E+1	 1.305432E-9	 9.999924E-3	 4.877182E-6
1.700000E+1	 1.310074E-9	 9.999776E-3	 4.908602E-6
1.720000E+1	 1.315729E-9	 9.999665E-3	 4.939784E-6
1.740000E+1	 1.328684E-9	 9.999868E-3	 4.969672E-6
1.760000E+1	 1.335394E-9	 9.999770E-3	 5.005034E-6
1.780000E+1	 1.336238E-9	 9.999774E-3	 5.033934E-6
1.800000E+1	 1.358392E-9	 9.999779E-3	 5.064235E-6
1.820000E+1	 1.372741E-9	 9.999849E-3	 5.092526E-6
1.840000E+1	 1.385021E-9	 9.999808E-3	 5.122264E-6
1.860000E+1	 1.396246E-9	 9.999905E-3	 5.151839E-6
1.880000E+1	 1.408905E-9	 9.999751E-3	 5.179068E-6
1.900000E+1	 1.418611E-9	 9.999863E-3	 5.206418E-6
1.920000E+1	 1.418780E-9	 9.999941E-3	 5.232941E-6
1.940000E+1	 1.439542E-9	 9.999998E-3	 5.260769E-6
1.960000E+1	 1.444395E-9	 9.999824E-3	 5.287764E-6
1.980000E+1	 1.458236E-9	 9.999883E-3	 5.314150E-6
2.000000E+1	 1.455748E-9	 9.999876E-3	 5.340778E-6
2.020000E+1	 1.484063E-9	 9.999731E-3	 5.365896E-6
2.040000E+1	 1.479251E-9	 9.999975E-3	 5.391267E-6
2.060000E+1	 1.497610E-9	 9.999856E-3	 5.414956E-6
2.080000E+1	 1.506682E-9	 9.999808E-3	 5.440169E-6
2.100000E+1	 1.508244E-9	 9.999881E-3	 5.469581E-6
2.120000E+1	 1.528458E-9	 9.999705E-3	 5.491209E-6
2.140000E+1	 1.552848E-9	 9.999700E-3	 5.515470E-6
2.160000E+1	 1.552807E-9	 9.999955E-3	 5.537844E-6
2.180000E+1	 1.559726E-9	 9.999869E-3	 5.559930E-6
2.200000E+1	 1.587705E-9	 9.999787E-3	 5.583225E-6
2.220000E+1	 1.568040E-9	 9.999860E-3	 5.605522E-6
2.240000E+1	 1.605386E-9	 9.999901E-3	 5.628048E-6
2.260000E+1	 1.611716E-9	 9.999805E-3	 5.650034E-6
2.280000E+1	 1.608720E-9	 9.999930E-3	 5.672168E-6
2.300000E+1	 1.634167E-9	 9.999919E-3	 5.692545E-6
2.320000E+1	 1.625305E-9	 9.999762E-3	 5.713468E-6
2.340000E+1	 1.653747E-9	 9.999726E-3	 5.733476E-6
2.360000E+1	 1.635645E-9	 9.999759E-3	 5.759122E-6
2.380000E+1	 1.667928E-9	 9.999944E-3	 5.778638E-6
2.400000E+1	 1.693330E-9	 9.999842E-3	 5.796260E-6
2.420000E+1	 1.706919E-9	 9.999742E-3	 5.815022E-6
2.440000E+1	 1.708988E-9	 9.999974E-3	 5.833914E-6
2.460000E+1	 1.709493E-9	 9.999738E-3	 5.852862E-6
2.480000E+1	 1.728103E-9	 9.999761E-3	 5.869967E-6
2.500000E+1	 1.733041E-9	 9.999995E-3	 5.889000E-6
2.480000E+1	 1.428782E-9	 9.999870E-3	 5.853765E-6
2.460000E+1	 1.344762E-9	 9.999703E-3	 5.822468E-6
2.440000E+1	 1.269225E-9	 9.999769E-3	 5.790524E-6
2.420000E+1	 1.225928E-9	 9.999996E-3	 5.759374E-6
2.400000E+1	 1.182504E-9	 9.999818E-3	 5.729646E-6
2.380000E+1	 1.128110E-9	 9.999630E-3	 5.699922E-6
2.360000E+1	 1.093380E-9	 9.999838E-3	 5.669985E-6
2.340000E+1	 1.149589E-9	 9.999734E-3	 5.639889E-6
2.320000E+1	 1.009403E-9	 9.999774E-3	 5.610139E-6
2.300000E+1	 9.974599E-10	 9.999841E-3	 5.580825E-6
2.280000E+1	 9.543325E-10	 9.999676E-3	 5.549953E-6
2.260000E+1	 9.346245E-10	 9.999850E-3	 5.519677E-6
2.240000E+1	 9.114574E-10	 9.999786E-3	 5.490299E-6
2.220000E+1	 8.791742E-10	 9.999712E-3	 5.459878E-6
2.200000E+1	 8.701435E-10	 9.999915E-3	 5.429368E-6
2.180000E+1	 8.384515E-10	 9.999642E-3	 5.398148E-6
2.160000E+1	 8.146935E-10	 9.999812E-3	 5.366584E-6
2.140000E+1	 8.027509E-10	 9.999626E-3	 5.334599E-6
2.120000E+1	 7.570491E-10	 9.999759E-3	 5.303897E-6
2.100000E+1	 7.459081E-10	 9.999713E-3	 5.272173E-6
2.080000E+1	 7.289440E-10	 9.999605E-3	 5.239999E-6
2.060000E+1	 7.248929E-10	 9.999915E-3	 5.207125E-6
2.040000E+1	 7.035397E-10	 9.999905E-3	 5.174255E-6
2.020000E+1	 6.796967E-10	 9.999936E-3	 5.140487E-6
2.000000E+1	 6.682608E-10	 9.999800E-3	 5.107597E-6
1.980000E+1	 6.605383E-10	 9.999804E-3	 5.069061E-6
1.960000E+1	 6.385102E-10	 9.999990E-3	 5.035400E-6
1.940000E+1	 6.069451E-10	 9.999726E-3	 5.000587E-6
1.920000E+1	 5.844946E-10	 9.999780E-3	 4.965693E-6
1.900000E+1	 5.879974E-10	 9.999760E-3	 4.930325E-6
1.880000E+1	 5.520853E-10	 9.999800E-3	 4.894306E-6
1.860000E+1	 5.442786E-10	 9.999806E-3	 4.857543E-6
1.840000E+1	 5.284538E-10	 9.999957E-3	 4.820134E-6
1.820000E+1	 5.076913E-10	 9.999886E-3	 4.783249E-6
1.800000E+1	 5.062569E-10	 9.999850E-3	 4.745077E-6
1.780000E+1	 4.900943E-10	 9.999836E-3	 4.706684E-6
1.760000E+1	 4.703448E-10	 9.999936E-3	 4.668433E-6
1.740000E+1	 4.721595E-10	 9.999868E-3	 4.624978E-6
1.720000E+1	 4.479789E-10	 9.999819E-3	 4.585837E-6
1.700000E+1	 4.110121E-10	 9.999826E-3	 4.546642E-6
1.680000E+1	 4.085228E-10	 9.999882E-3	 4.505117E-6
1.660000E+1	 4.016020E-10	 9.999952E-3	 4.463485E-6
1.640000E+1	 3.773792E-10	 9.999964E-3	 4.422647E-6
1.620000E+1	 3.646350E-10	 9.999756E-3	 4.380514E-6
1.600000E+1	 3.445477E-10	 9.999922E-3	 4.336181E-6
1.580000E+1	 3.379649E-10	 9.999895E-3	 4.294423E-6
1.560000E+1	 3.348841E-10	 9.999858E-3	 4.249736E-6
1.540000E+1	 3.155569E-10	 9.999827E-3	 4.205861E-6
1.520000E+1	 3.032347E-10	 9.999745E-3	 4.160124E-6
1.500000E+1	 2.963559E-10	 9.999963E-3	 4.115089E-6
1.480000E+1	 2.768176E-10	 9.999963E-3	 4.070005E-6
1.460000E+1	 2.674072E-10	 9.999872E-3	 4.023620E-6
1.440000E+1	 2.621745E-10	 9.999900E-3	 3.976937E-6
1.420000E+1	 2.379097E-10	 9.999857E-3	 3.929008E-6
1.400000E+1	 2.340692E-10	 9.999910E-3	 3.881265E-6
1.380000E+1	 2.199748E-10	 9.999760E-3	 3.834894E-6
1.360000E+1	 2.114506E-10	 9.999993E-3	 3.784897E-6
1.340000E+1	 2.007741E-10	 1.000000E-2	 3.736749E-6
1.320000E+1	 1.960055E-10	 9.999899E-3	 3.687219E-6
1.300000E+1	 1.695883E-10	 9.999735E-3	 3.636974E-6
1.280000E+1	 1.546922E-10	 9.999885E-3	 3.588340E-6
1.260000E+1	 1.484466E-10	 9.999861E-3	 3.538590E-6
1.240000E+1	 1.336344E-10	 9.999883E-3	 3.489999E-6
1.220000E+1	 1.124504E-10	 9.999945E-3	 3.439400E-6
1.200000E+1	 1.046856E-10	 9.999977E-3	 3.389122E-6
1.180000E+1	 1.060361E-10	 9.999873E-3	 3.339996E-6
1.160000E+1	 7.561010E-11	 9.999908E-3	 3.290098E-6
1.140000E+1	 9.206777E-11	 9.999787E-3	 3.242462E-6
1.120000E+1	 5.678896E-11	 9.999912E-3	 3.194597E-6
1.100000E+1	 4.940420E-11	 9.999825E-3	 3.147289E-6
1.080000E+1	 3.130053E-11	 9.999869E-3	 3.094113E-6
1.060000E+1	 3.488748E-11	 9.999823E-3	 3.048976E-6
1.040000E+1	 8.723772E-12	 1.000005E-2	 3.004067E-6
1.020000E+1	 6.782561E-12	 9.999835E-3	 2.960488E-6
1.000000E+1	 -1.722897E-11	 9.999782E-3	 2.917028E-6
9.800000E+0	 -2.444511E-11	 9.999829E-3	 2.876940E-6
9.600000E+0	 -3.461512E-11	 9.999839E-3	 2.836352E-6
9.400001E+0	 -4.546050E-11	 9.999908E-3	 2.797253E-6
9.200001E+0	 -6.314203E-11	 9.999848E-3	 2.761671E-6
9.000001E+0	 -6.634925E-11	 9.999738E-3	 2.726983E-6
8.800000E+0	 -6.584286E-11	 9.999887E-3	 2.696380E-6
8.600000E+0	 -7.829178E-11	 9.999847E-3	 2.662660E-6
8.400001E+0	 -9.407435E-11	 9.999873E-3	 2.635491E-6
8.200001E+0	 -1.129376E-10	 1.000007E-2	 2.609755E-6
8.000001E+0	 -1.243737E-10	 9.999810E-3	 2.585665E-6
7.800001E+0	 -1.316742E-10	 9.999779E-3	 2.564256E-6
7.600000E+0	 -1.458533E-10	 9.999994E-3	 2.543750E-6
7.400001E+0	 -1.505374E-10	 9.999856E-3	 2.525959E-6
7.200000E+0	 -1.859007E-10	 9.999773E-3	 2.510089E-6
7.000000E+0	 -1.672063E-10	 1.000001E-2	 2.495039E-6
6.800001E+0	 -1.813009E-10	 9.999966E-3	 2.481902E-6
6.600000E+0	 -1.948472E-10	 9.999818E-3	 2.470666E-6
6.400001E+0	 -2.250639E-10	 9.999883E-3	 2.461263E-6
6.200000E+0	 -2.370493E-10	 1.000007E-2	 2.452276E-6
6.000000E+0	 -2.273850E-10	 9.999775E-3	 2.444913E-6
5.800001E+0	 -2.292841E-10	 9.999933E-3	 2.439040E-6
5.600000E+0	 -2.511870E-10	 9.999861E-3	 2.434960E-6
5.400001E+0	 -2.758330E-10	 9.999986E-3	 2.432540E-6
5.200000E+0	 -2.827542E-10	 9.999921E-3	 2.430981E-6
5.000000E+0	 -2.835138E-10	 9.999951E-3	 2.430658E-6
4.800001E+0	 -3.014497E-10	 9.999877E-3	 2.432212E-6
4.600000E+0	 -2.997194E-10	 9.999823E-3	 2.434052E-6
4.400001E+0	 -3.321306E-10	 9.999887E-3	 2.437379E-6
4.200000E+0	 -3.210315E-10	 9.999756E-3	 2.442556E-6
4.000000E+0	 -3.341985E-10	 1.000015E-2	 2.448741E-6
3.800000E+0	 -3.577051E-10	 9.999848E-3	 2.456168E-6
3.600000E+0	 -3.463527E-10	 9.999967E-3	 2.464919E-6
3.400000E+0	 -3.829841E-10	 9.999774E-3	 2.474087E-6
3.200001E+0	 -3.823088E-10	 1.000000E-2	 2.484065E-6
3.000000E+0	 -3.888502E-10	 1.000007E-2	 2.494528E-6
2.800000E+0	 -3.961091E-10	 9.999945E-3	 2.506448E-6
2.600000E+0	 -4.267476E-10	 9.999873E-3	 2.518031E-6
2.400000E+0	 -4.335423E-10	 9.999861E-3	 2.531145E-6
2.200000E+0	 -4.418137E-10	 9.999838E-3	 2.544370E-6
2.000000E+0	 -4.416872E-10	 9.999932E-3	 2.557778E-6
1.800000E+0	 -4.619863E-10	 9.999873E-3	 2.572178E-6
1.600000E+0	 -4.640545E-10	 9.999976E-3	 2.586673E-6
1.400000E+0	 -4.724947E-10	 9.999794E-3	 2.601907E-6
1.200000E+0	 -4.892068E-10	 9.999825E-3	 2.617409E-6
1.000000E+0	 -5.174400E-10	 9.999845E-3	 2.635578E-6
8.000004E-1	 -5.355447E-10	 9.999872E-3	 2.656154E-6
6.000004E-1	 -5.433941E-10	 9.999877E-3	 2.691098E-6
4.000004E-1	 -5.712898E-10	 9.999797E-3	 2.790801E-6
2.000004E-1	 -5.895211E-10	 9.999808E-3	 3.391772E-6
3.725290E-7	 -6.182186E-10	 9.999883E-3	 3.486256E-6
-1.999996E-1	 -5.618786E-10	 9.999749E-3	 3.533906E-6
-3.999996E-1	 -5.700235E-10	 9.999770E-3	 3.588135E-6
-5.999997E-1	 -5.882125E-10	 1.000000E-2	 3.644036E-6
-7.999997E-1	 -5.912090E-10	 9.999807E-3	 3.702459E-6
-9.999996E-1	 -5.980457E-10	 9.999966E-3	 3.762464E-6
-1.200000E+0	 -6.131121E-10	 9.999954E-3	 3.822339E-6
-1.400000E+0	 -6.270808E-10	 9.999910E-3	 3.884162E-6
-1.600000E+0	 -6.420625E-10	 1.000004E-2	 3.943102E-6
-1.800000E+0	 -6.535413E-10	 9.999762E-3	 4.004092E-6
-2.000000E+0	 -6.555674E-10	 9.999797E-3	 4.066847E-6
-2.200000E+0	 -6.697894E-10	 9.999786E-3	 4.127653E-6
-2.400000E+0	 -6.885693E-10	 9.999811E-3	 4.188189E-6
-2.600000E+0	 -6.835050E-10	 9.999703E-3	 4.254525E-6
-2.800000E+0	 -6.945619E-10	 9.999868E-3	 4.312195E-6
-3.000000E+0	 -7.183214E-10	 9.999741E-3	 4.373805E-6
-3.200000E+0	 -7.254112E-10	 9.999839E-3	 4.431026E-6
-3.400000E+0	 -7.517031E-10	 9.999979E-3	 4.490480E-6
-3.600000E+0	 -7.647439E-10	 9.999787E-3	 4.549687E-6
-3.800000E+0	 -7.599749E-10	 9.999742E-3	 4.606803E-6
-4.000000E+0	 -7.773622E-10	 9.999872E-3	 4.665582E-6
-4.200000E+0	 -7.781642E-10	 9.999761E-3	 4.722266E-6
-4.400000E+0	 -7.913731E-10	 9.999731E-3	 4.779494E-6
-4.600000E+0	 -8.001091E-10	 9.999908E-3	 4.836877E-6
-4.800000E+0	 -8.100266E-10	 9.999787E-3	 4.890806E-6
-5.000000E+0	 -8.365717E-10	 9.999776E-3	 4.947323E-6
-5.200000E+0	 -8.307902E-10	 9.999869E-3	 5.000453E-6
-5.400000E+0	 -8.392305E-10	 9.999869E-3	 5.052994E-6
-5.600000E+0	 -8.476288E-10	 9.999905E-3	 5.108626E-6
-5.800000E+0	 -8.602891E-10	 9.999907E-3	 5.160704E-6
-6.000000E+0	 -8.765794E-10	 9.999880E-3	 5.213098E-6
-6.200000E+0	 -8.919830E-10	 9.999867E-3	 5.265181E-6
-6.400000E+0	 -8.952749E-10	 9.999908E-3	 5.315932E-6
-6.600000E+0	 -8.962879E-10	 9.999840E-3	 5.366342E-6
-6.800000E+0	 -9.272225E-10	 9.999848E-3	 5.415753E-6
-7.000000E+0	 -9.321173E-10	 9.999979E-3	 5.467414E-6
-7.200000E+0	 -9.334675E-10	 1.000002E-2	 5.517323E-6
-7.400000E+0	 -9.491666E-10	 9.999624E-3	 5.563909E-6
-7.600000E+0	 -9.445672E-10	 9.999634E-3	 5.613051E-6
-7.800000E+0	 -9.560881E-10	 9.999861E-3	 5.660584E-6
-8.000000E+0	 -1.013441E-9	 9.999670E-3	 5.707327E-6
-8.200000E+0	 -9.874440E-10	 9.999872E-3	 5.755516E-6
-8.400000E+0	 -1.028380E-9	 9.999657E-3	 5.800922E-6
-8.599999E+0	 -9.986693E-10	 9.999937E-3	 5.846652E-6
-8.800000E+0	 -1.048933E-9	 9.999842E-3	 5.892258E-6
-9.000000E+0	 -1.046654E-9	 9.999738E-3	 5.936210E-6
-9.200000E+0	 -1.038087E-9	 9.999856E-3	 5.981909E-6
-9.400000E+0	 -1.049312E-9	 9.999698E-3	 6.025542E-6
-9.599999E+0	 -9.893859E-10	 9.999895E-3	 6.069087E-6
-9.800000E+0	 -1.067460E-9	 9.999707E-3	 6.114049E-6
-1.000000E+1	 -1.069021E-9	 9.999835E-3	 6.157635E-6
-1.020000E+1	 -1.094680E-9	 9.999931E-3	 6.200166E-6
-1.040000E+1	 -1.106032E-9	 9.999832E-3	 6.241568E-6
-1.060000E+1	 -1.113038E-9	 9.999792E-3	 6.284077E-6
-1.080000E+1	 -1.115950E-9	 9.999816E-3	 6.325697E-6
-1.100000E+1	 -1.137937E-9	 9.999800E-3	 6.366620E-6
-1.120000E+1	 -1.140933E-9	 9.999761E-3	 6.407213E-6
-1.140000E+1	 -1.158573E-9	 9.999827E-3	 6.449022E-6
-1.160000E+1	 -1.168111E-9	 9.999645E-3	 6.487975E-6
-1.180000E+1	 -1.178282E-9	 9.999741E-3	 6.528501E-6
-1.200000E+1	 -1.181110E-9	 9.999734E-3	 6.567534E-6
-1.220000E+1	 -1.192251E-9	 9.999794E-3	 6.606090E-6
-1.240000E+1	 -1.202802E-9	 9.999706E-3	 6.647524E-6
-1.260000E+1	 -1.217741E-9	 9.999766E-3	 6.685386E-6
-1.280000E+1	 -1.226476E-9	 9.999588E-3	 6.724322E-6
-1.300000E+1	 -1.240361E-9	 9.999676E-3	 6.762060E-6
-1.320000E+1	 -1.248127E-9	 9.999785E-3	 6.799248E-6
-1.340000E+1	 -1.262939E-9	 9.999856E-3	 6.835858E-6
-1.360000E+1	 -1.274967E-9	 9.999698E-3	 6.873275E-6
-1.380000E+1	 -1.260492E-9	 9.999669E-3	 6.911159E-6
-1.400000E+1	 -1.305352E-9	 9.999799E-3	 6.946636E-6
-1.420000E+1	 -1.287965E-9	 9.999862E-3	 6.983146E-6
-1.440000E+1	 -1.313920E-9	 9.999827E-3	 7.018471E-6
-1.460000E+1	 -1.313666E-9	 9.999709E-3	 7.055140E-6
-1.480000E+1	 -1.332109E-9	 9.999617E-3	 7.091132E-6
-1.500000E+1	 -1.333585E-9	 9.999799E-3	 7.126522E-6
-1.520000E+1	 -1.358907E-9	 9.999782E-3	 7.160893E-6
-1.540000E+1	 -1.362620E-9	 9.999764E-3	 7.194848E-6
-1.560000E+1	 -1.359118E-9	 9.999767E-3	 7.230292E-6
-1.580000E+1	 -1.375324E-9	 9.999941E-3	 7.266564E-6
-1.600000E+1	 -1.393301E-9	 9.999722E-3	 7.299472E-6
-1.620000E+1	 -1.403135E-9	 9.999712E-3	 7.334179E-6
-1.640000E+1	 -1.413221E-9	 9.999931E-3	 7.368415E-6
-1.660000E+1	 -1.418074E-9	 9.999723E-3	 7.400814E-6
-1.680000E+1	 -1.434702E-9	 9.999810E-3	 7.434309E-6
-1.700000E+1	 -1.464876E-9	 9.999738E-3	 7.465948E-6
-1.720000E+1	 -1.450358E-9	 9.999729E-3	 7.498546E-6
-1.740000E+1	 -1.468126E-9	 9.999894E-3	 7.531098E-6
-1.760000E+1	 -1.463568E-9	 9.999657E-3	 7.562443E-6
-1.780000E+1	 -1.489691E-9	 9.999748E-3	 7.593731E-6
-1.800000E+1	 -1.501085E-9	 9.999781E-3	 7.625983E-6
-1.820000E+1	 -1.497751E-9	 9.999776E-3	 7.656827E-6
-1.840000E+1	 -1.536071E-9	 9.999603E-3	 7.688006E-6
-1.860000E+1	 -1.532526E-9	 9.999748E-3	 7.719636E-6
-1.880000E+1	 -1.550335E-9	 9.999528E-3	 7.750988E-6
-1.900000E+1	 -1.545651E-9	 9.999810E-3	 7.780250E-6
-1.920000E+1	 -1.568989E-9	 9.999787E-3	 7.810155E-6
-1.940000E+1	 -1.564769E-9	 9.999785E-3	 7.839270E-6
-1.960000E+1	 -1.576669E-9	 9.999713E-3	 7.869197E-6
-1.980000E+1	 -1.594183E-9	 9.999955E-3	 7.897849E-6
-2.000000E+1	 -1.603468E-9	 9.999581E-3	 7.930498E-6
-2.020000E+1	 -1.597390E-9	 9.999825E-3	 7.958490E-6
-2.040000E+1	 -1.618619E-9	 9.999594E-3	 7.988083E-6
-2.060000E+1	 -1.636807E-9	 9.999833E-3	 8.017440E-6
-2.080000E+1	 -1.633474E-9	 9.999787E-3	 8.044870E-6
-2.100000E+1	 -1.661453E-9	 9.999558E-3	 8.072488E-6
-2.120000E+1	 -1.651788E-9	 9.999628E-3	 8.100513E-6
-2.140000E+1	 -1.679431E-9	 9.999692E-3	 8.127591E-6
-2.160000E+1	 -1.693273E-9	 9.999754E-3	 8.155359E-6
-2.180000E+1	 -1.699477E-9	 9.999681E-3	 8.183823E-6
-2.200000E+1	 -1.704077E-9	 9.999645E-3	 8.210617E-6
-2.220000E+1	 -1.701250E-9	 9.999810E-3	 8.237732E-6
-2.240000E+1	 -1.727880E-9	 9.999840E-3	 8.266571E-6
-2.260000E+1	 -1.728470E-9	 9.999700E-3	 8.293642E-6
-2.280000E+1	 -1.742186E-9	 9.999717E-3	 8.319822E-6
-2.300000E+1	 -1.764974E-9	 9.999738E-3	 8.345753E-6
-2.320000E+1	 -1.761091E-9	 9.999828E-3	 8.372310E-6
-2.340000E+1	 -1.755733E-9	 9.999893E-3	 8.397692E-6
-2.360000E+1	 -1.789959E-9	 9.999823E-3	 8.424126E-6
-2.380000E+1	 -1.803758E-9	 9.999843E-3	 8.449593E-6
-2.400000E+1	 -1.795531E-9	 9.999755E-3	 8.477429E-6
-2.420000E+1	 -1.802451E-9	 9.999794E-3	 8.501791E-6
-2.440000E+1	 -1.838280E-9	 9.999825E-3	 8.526421E-6
-2.460000E+1	 -1.839967E-9	 9.999739E-3	 8.551123E-6
-2.480000E+1	 -1.874911E-9	 9.999918E-3	 8.576743E-6
-2.500000E+1	 -1.861871E-9	 9.999723E-3	 8.599987E-6
-2.480000E+1	 -1.541346E-9	 9.999797E-3	 8.568262E-6
-2.460000E+1	 -1.455972E-9	 9.999954E-3	 8.536720E-6
-2.440000E+1	 -1.393639E-9	 9.999813E-3	 8.508921E-6
-2.420000E+1	 -1.337932E-9	 9.999692E-3	 8.480371E-6
-2.400000E+1	 -1.291215E-9	 9.999837E-3	 8.451322E-6
-2.380000E+1	 -1.246691E-9	 9.999642E-3	 8.423594E-6
-2.360000E+1	 -1.209511E-9	 9.999774E-3	 8.395295E-6
-2.340000E+1	 -1.159924E-9	 9.999811E-3	 8.365798E-6
-2.320000E+1	 -1.155873E-9	 9.999656E-3	 8.339227E-6
-2.300000E+1	 -1.111939E-9	 9.999812E-3	 8.310490E-6
-2.280000E+1	 -1.080205E-9	 9.999678E-3	 8.283059E-6
-2.260000E+1	 -1.051423E-9	 9.999906E-3	 8.254406E-6
-2.240000E+1	 -1.032093E-9	 9.999632E-3	 8.227327E-6
-2.220000E+1	 -9.979103E-10	 9.999855E-3	 8.198962E-6
-2.200000E+1	 -9.847012E-10	 9.999845E-3	 8.170507E-6
-2.180000E+1	 -9.561726E-10	 9.999762E-3	 8.139432E-6
-2.160000E+1	 -9.329189E-10	 9.999855E-3	 8.110267E-6
-2.140000E+1	 -9.238876E-10	 9.999905E-3	 8.082328E-6
-2.120000E+1	 -8.957812E-10	 9.999856E-3	 8.053429E-6
-2.100000E+1	 -8.675059E-10	 9.999717E-3	 8.024606E-6
-2.080000E+1	 -8.587701E-10	 9.999976E-3	 7.993642E-6
-2.060000E+1	 -8.320987E-10	 1.000003E-2	 7.965296E-6
-2.040000E+1	 -8.260215E-10	 9.999773E-3	 7.933842E-6
-2.020000E+1	 -7.941588E-10	 9.999944E-3	 7.904348E-6
-2.000000E+1	 -7.766026E-10	 9.999746E-3	 7.873750E-6
-1.980000E+1	 -7.686687E-10	 9.999753E-3	 7.844650E-6
-1.960000E+1	 -7.514079E-10	 9.999749E-3	 7.812971E-6
-1.940000E+1	 -7.244407E-10	 9.999844E-3	 7.782757E-6
-1.920000E+1	 -7.147766E-10	 9.999873E-3	 7.750116E-6
-1.900000E+1	 -7.000058E-10	 9.999533E-3	 7.718420E-6
-1.880000E+1	 -6.687766E-10	 9.999695E-3	 7.687406E-6
-1.860000E+1	 -7.733950E-10	 9.999800E-3	 7.654670E-6
-1.840000E+1	 -6.575508E-10	 9.999835E-3	 7.622453E-6
-1.820000E+1	 -6.257725E-10	 9.999836E-3	 7.589480E-6
-1.800000E+1	 -6.249286E-10	 9.999798E-3	 7.558306E-6
-1.780000E+1	 -5.945007E-10	 9.999927E-3	 7.524752E-6
-1.760000E+1	 -5.975816E-10	 9.999746E-3	 7.492024E-6
-1.740000E+1	 -5.729776E-10	 9.999971E-3	 7.457912E-6
-1.720000E+1	 -5.594312E-10	 9.999881E-3	 7.424978E-6
-1.700000E+1	 -5.538180E-10	 9.999738E-3	 7.391608E-6
-1.680000E+1	 -5.440272E-10	 9.999808E-3	 7.358100E-6
-1.660000E+1	 -5.294252E-10	 9.999822E-3	 7.322493E-6
-1.640000E+1	 -5.066361E-10	 9.999771E-3	 7.287489E-6
-1.620000E+1	 -4.891644E-10	 9.999805E-3	 7.252623E-6
-1.600000E+1	 -4.834250E-10	 9.999737E-3	 7.217095E-6
-1.580000E+1	 -4.731698E-10	 9.999847E-3	 7.180741E-6
-1.560000E+1	 -4.507606E-10	 9.999996E-3	 7.144776E-6
-1.540000E+1	 -4.514780E-10	 9.999749E-3	 7.109410E-6
-1.520000E+1	 -4.378467E-10	 9.999795E-3	 7.071305E-6
-1.500000E+1	 -4.141290E-10	 9.999811E-3	 7.036141E-6
-1.480000E+1	 -4.138337E-10	 9.999763E-3	 6.998112E-6
-1.460000E+1	 -3.916354E-10	 9.999730E-3	 6.958546E-6
-1.440000E+1	 -3.893988E-10	 9.999788E-3	 6.921990E-6
-1.420000E+1	 -3.696482E-10	 9.999823E-3	 6.884155E-6
-1.400000E+1	 -3.509527E-10	 9.999799E-3	 6.845621E-6
-1.380000E+1	 -3.328058E-10	 9.999798E-3	 6.807197E-6
-1.360000E+1	 -3.490535E-10	 9.999885E-3	 6.767037E-6
-1.340000E+1	 -3.311177E-10	 9.999685E-3	 6.728299E-6
-1.320000E+1	 -3.155452E-10	 9.999831E-3	 6.688105E-6
-1.300000E+1	 -2.936845E-10	 9.999764E-3	 6.646861E-6
-1.280000E+1	 -2.945707E-10	 9.999918E-3	 6.607901E-6
-1.260000E+1	 -2.741871E-10	 9.999718E-3	 6.565181E-6
-1.240000E+1	 -2.579393E-10	 9.999781E-3	 6.522957E-6
-1.220000E+1	 -2.403832E-10	 9.999691E-3	 6.480669E-6
-1.200000E+1	 -2.246419E-10	 9.999713E-3	 6.439310E-6
-1.180000E+1	 -2.301703E-10	 9.999773E-3	 6.396482E-6
-1.160000E+1	 -2.224474E-10	 9.999630E-3	 6.352019E-6
-1.140000E+1	 -2.113904E-10	 9.999810E-3	 6.310239E-6
-1.120000E+1	 -1.745490E-10	 9.999753E-3	 6.266006E-6
-1.100000E+1	 -1.865336E-10	 9.999933E-3	 6.222177E-6
-1.080000E+1	 -1.657293E-10	 9.999766E-3	 6.177356E-6
-1.060000E+1	 -1.556014E-10	 9.999845E-3	 6.131471E-6
-1.040000E+1	 -1.445029E-10	 9.999692E-3	 6.085656E-6
-1.020000E+1	 -1.304505E-10	 9.999964E-3	 6.039852E-6
-1.000000E+1	 -1.208711E-10	 9.999758E-3	 5.993604E-6
-9.800000E+0	 -1.394389E-10	 1.000004E-2	 5.946988E-6
-9.599999E+0	 -9.808340E-11	 9.999867E-3	 5.896836E-6
-9.400000E+0	 -9.863194E-11	 9.999797E-3	 5.846103E-6
-9.200000E+0	 -7.200404E-11	 9.999882E-3	 5.799125E-6
-9.000000E+0	 -5.474442E-11	 9.999749E-3	 5.749873E-6
-8.800000E+0	 -4.111393E-11	 9.999775E-3	 5.700701E-6
-8.599999E+0	 -4.191571E-11	 9.999824E-3	 5.647490E-6
-8.400000E+0	 -3.554367E-11	 9.999868E-3	 5.595862E-6
-8.200000E+0	 9.947404E-12	 9.999764E-3	 5.544553E-6
-8.000000E+0	 3.744199E-12	 9.999851E-3	 5.493096E-6
-7.800000E+0	 -1.507688E-11	 9.999827E-3	 5.437170E-6
-7.600000E+0	 5.854095E-12	 9.999788E-3	 5.385849E-6
-7.400000E+0	 4.995260E-11	 9.999775E-3	 5.332251E-6
-7.200000E+0	 5.522746E-11	 9.999720E-3	 5.278571E-6
-7.000000E+0	 6.590389E-11	 9.999849E-3	 5.222681E-6
-6.800000E+0	 6.691686E-11	 9.999915E-3	 5.167166E-6
-6.600000E+0	 7.923917E-11	 9.999717E-3	 5.111167E-6
-6.400000E+0	 8.590667E-11	 9.999927E-3	 5.054428E-6
-6.200000E+0	 1.031239E-10	 9.999860E-3	 4.997582E-6
-6.000000E+0	 1.024912E-10	 9.999759E-3	 4.940886E-6
-5.800000E+0	 1.079347E-10	 9.999814E-3	 4.880564E-6
-5.600000E+0	 1.176408E-10	 9.999823E-3	 4.820633E-6
-5.400000E+0	 1.402596E-10	 9.999800E-3	 4.761030E-6
-5.200000E+0	 1.675208E-10	 9.999894E-3	 4.699536E-6
-5.000000E+0	 1.554094E-10	 9.999845E-3	 4.638450E-6
-4.800000E+0	 1.729643E-10	 9.999746E-3	 4.575494E-6
-4.600000E+0	 1.799695E-10	 9.999956E-3	 4.513597E-6
-4.400000E+0	 1.761292E-10	 9.999811E-3	 4.446198E-6
-4.200000E+0	 2.021665E-10	 9.999921E-3	 4.382536E-6
-4.000000E+0	 2.066394E-10	 9.999925E-3	 4.318211E-6
-3.800000E+0	 2.354620E-10	 9.999813E-3	 4.251955E-6
-3.600000E+0	 2.365169E-10	 9.999986E-3	 4.187096E-6
-3.400000E+0	 2.599798E-10	 9.999835E-3	 4.119434E-6
-3.200000E+0	 2.568571E-10	 9.999944E-3	 4.051626E-6
-3.000000E+0	 2.807842E-10	 9.999909E-3	 3.984112E-6
-2.800000E+0	 2.882536E-10	 9.999800E-3	 3.915634E-6
-2.600000E+0	 2.843289E-10	 9.999911E-3	 3.847666E-6
-2.400000E+0	 3.026435E-10	 9.999630E-3	 3.779273E-6
-2.200000E+0	 3.050913E-10	 9.999827E-3	 3.702968E-6
-2.000000E+0	 3.041624E-10	 9.999800E-3	 3.635361E-6
-1.800000E+0	 3.346730E-10	 9.999831E-3	 3.566813E-6
-1.600000E+0	 3.530299E-10	 9.999812E-3	 3.497065E-6
-1.400000E+0	 3.626511E-10	 9.999899E-3	 3.428576E-6
-1.200000E+0	 3.781809E-10	 9.999875E-3	 3.358482E-6
-9.999996E-1	 3.715133E-10	 9.999954E-3	 3.290619E-6
-7.999997E-1	 3.854813E-10	 1.000002E-2	 3.220292E-6
-5.999997E-1	 3.980987E-10	 9.999882E-3	 3.152890E-6
-3.999996E-1	 4.042600E-10	 9.999887E-3	 3.088122E-6
-1.999996E-1	 4.024031E-10	 9.999910E-3	 3.021869E-6
3.725290E-7	 4.173000E-10	 9.999919E-3	 2.959645E-6
2.000004E-1	 4.149369E-10	 9.999908E-3	 2.896586E-6
4.000004E-1	 4.424928E-10	 9.999920E-3	 2.838437E-6
6.000004E-1	 4.417758E-10	 9.999844E-3	 2.775837E-6
8.000004E-1	 4.486542E-10	 9.999816E-3	 2.722501E-6
1.000000E+0	 4.664199E-10	 9.999806E-3	 2.671138E-6
1.200000E+0	 5.005600E-10	 9.999838E-3	 2.622915E-6
1.400000E+0	 4.897988E-10	 9.999818E-3	 2.578212E-6
1.600000E+0	 5.078602E-10	 9.999841E-3	 2.536556E-6
1.800000E+0	 5.041047E-10	 9.999948E-3	 2.498856E-6
2.000000E+0	 5.328847E-10	 1.000006E-2	 2.464653E-6
2.200000E+0	 5.391302E-10	 9.999887E-3	 2.435126E-6
2.400000E+0	 5.510306E-10	 9.999895E-3	 2.410046E-6
2.600000E+0	 5.482454E-10	 9.999913E-3	 2.388740E-6
2.800000E+0	 5.563053E-10	 9.999847E-3	 2.371189E-6
3.000000E+0	 5.686278E-10	 9.999954E-3	 2.358847E-6
3.200001E+0	 5.839883E-10	 9.999855E-3	 2.349195E-6
3.400000E+0	 6.023869E-10	 9.999835E-3	 2.344025E-6
3.600000E+0	 6.067762E-10	 9.999792E-3	 2.342293E-6
3.800000E+0	 6.305346E-10	 9.999962E-3	 2.344032E-6
4.000000E+0	 6.257660E-10	 9.999788E-3	 2.348734E-6
4.200000E+0	 6.214617E-10	 1.000012E-2	 2.357478E-6
4.400001E+0	 6.521830E-10	 9.999944E-3	 2.368736E-6
4.600000E+0	 6.636190E-10	 9.999768E-3	 2.382854E-6
4.800001E+0	 6.724387E-10	 9.999944E-3	 2.400600E-6
5.000000E+0	 6.626483E-10	 9.999661E-3	 2.420864E-6
5.200000E+0	 6.855208E-10	 9.999883E-3	 2.443993E-6
5.400001E+0	 7.093209E-10	 9.999742E-3	 2.468692E-6
5.600000E+0	 7.076749E-10	 9.999825E-3	 2.496744E-6
5.800001E+0	 7.139210E-10	 9.999804E-3	 2.525690E-6
6.000000E+0	 7.200822E-10	 9.999771E-3	 2.555788E-6
6.200000E+0	 7.402112E-10	 9.999934E-3	 2.587204E-6
6.400001E+0	 7.584835E-10	 9.999867E-3	 2.619752E-6
6.600000E+0	 7.548121E-10	 9.999780E-3	 2.653137E-6
6.800001E+0	 7.716494E-10	 9.999787E-3	 2.688031E-6
7.000000E+0	 7.763761E-10	 9.999803E-3	 2.722962E-6
7.200000E+0	 7.912305E-10	 9.999797E-3	 2.759317E-6
7.400001E+0	 7.998395E-10	 9.999863E-3	 2.797163E-6
7.600000E+0	 8.202640E-10	 9.999709E-3	 2.836260E-6
7.800001E+0	 8.172247E-10	 9.999862E-3	 2.877746E-6
8.000001E+0	 8.341058E-10	 9.999882E-3	 2.919019E-6
8.200001E+0	 8.496351E-10	 9.999817E-3	 2.962789E-6
8.400001E+0	 8.464697E-10	 9.999931E-3	 3.005816E-6
8.600000E+0	 8.621264E-10	 9.999801E-3	 3.051327E-6
8.800000E+0	 8.733509E-10	 9.999956E-3	 3.097685E-6
9.000001E+0	 8.890489E-10	 9.999921E-3	 3.144026E-6
9.200001E+0	 8.955907E-10	 9.999950E-3	 3.192080E-6
9.400001E+0	 9.073220E-10	 9.999883E-3	 3.239672E-6
9.600000E+0	 9.350469E-10	 9.999827E-3	 3.288477E-6
9.800000E+0	 9.246662E-10	 9.999959E-3	 3.337550E-6
1.000000E+1	 9.356375E-10	 9.999954E-3	 3.385869E-6
1.020000E+1	 9.418836E-10	 9.999875E-3	 3.434332E-6
1.040000E+1	 9.538675E-10	 9.999850E-3	 3.483189E-6
1.060000E+1	 9.681737E-10	 9.999910E-3	 3.532224E-6
1.080000E+1	 9.822262E-10	 9.999607E-3	 3.580311E-6
1.100000E+1	 9.822262E-10	 9.999910E-3	 3.627729E-6
1.120000E+1	 9.914256E-10	 9.999662E-3	 3.675213E-6
1.140000E+1	 1.012104E-9	 9.999717E-3	 3.723478E-6
1.160000E+1	 1.027591E-9	 9.999917E-3	 3.769338E-6
1.180000E+1	 1.029152E-9	 9.999810E-3	 3.815480E-6
1.200000E+1	 1.044640E-9	 9.999857E-3	 3.860022E-6
1.220000E+1	 1.040631E-9	 9.999778E-3	 3.905443E-6
1.240000E+1	 1.054388E-9	 9.999882E-3	 3.950593E-6
1.260000E+1	 1.066540E-9	 9.999738E-3	 3.992286E-6
1.280000E+1	 1.074896E-9	 9.999880E-3	 4.042423E-6
1.300000E+1	 1.083294E-9	 9.999776E-3	 4.080897E-6
1.320000E+1	 1.111104E-9	 9.999761E-3	 4.128290E-6
1.340000E+1	 1.120514E-9	 9.999944E-3	 4.167914E-6
1.360000E+1	 1.152840E-9	 9.999837E-3	 4.207123E-6
1.380000E+1	 1.149590E-9	 9.999861E-3	 4.247617E-6
1.400000E+1	 1.156890E-9	 9.999905E-3	 4.287156E-6
1.420000E+1	 1.174402E-9	 9.999964E-3	 4.327179E-6
1.440000E+1	 1.179341E-9	 9.999858E-3	 4.366162E-6
1.460000E+1	 1.177991E-9	 9.999755E-3	 4.403988E-6
1.480000E+1	 1.195545E-9	 9.999959E-3	 4.441863E-6
1.500000E+1	 1.204407E-9	 9.999826E-3	 4.478550E-6
1.520000E+1	 1.229937E-9	 9.999887E-3	 4.515679E-6
1.540000E+1	 1.224072E-9	 9.999894E-3	 4.552004E-6
1.560000E+1	 1.245172E-9	 1.000003E-2	 4.587252E-6
1.580000E+1	 1.245466E-9	 9.999776E-3	 4.623411E-6
1.600000E+1	 1.253484E-9	 9.999762E-3	 4.658021E-6
1.620000E+1	 1.261545E-9	 9.999664E-3	 4.692604E-6
1.640000E+1	 1.276399E-9	 9.999969E-3	 4.726975E-6
1.660000E+1	 1.288637E-9	 9.999694E-3	 4.760615E-6
1.680000E+1	 1.287202E-9	 9.999794E-3	 4.794194E-6
1.700000E+1	 1.322565E-9	 9.999980E-3	 4.827879E-6
1.720000E+1	 1.308976E-9	 9.999704E-3	 4.859429E-6
1.740000E+1	 1.326152E-9	 9.999833E-3	 4.892041E-6
1.760000E+1	 1.325181E-9	 9.999861E-3	 4.923718E-6
1.780000E+1	 1.353160E-9	 9.999771E-3	 4.954585E-6
1.800000E+1	 1.361853E-9	 9.999748E-3	 4.986435E-6
1.820000E+1	 1.375864E-9	 9.999810E-3	 5.016511E-6
1.840000E+1	 1.371557E-9	 9.999779E-3	 5.047998E-6
1.860000E+1	 1.388481E-9	 9.999623E-3	 5.076792E-6
1.880000E+1	 1.402449E-9	 9.999766E-3	 5.107193E-6
1.900000E+1	 1.413547E-9	 9.999679E-3	 5.135110E-6
1.920000E+1	 1.424055E-9	 9.999990E-3	 5.163618E-6
1.940000E+1	 1.424098E-9	 9.999958E-3	 5.192250E-6
1.960000E+1	 1.428064E-9	 9.999820E-3	 5.220317E-6
1.980000E+1	 1.442961E-9	 9.999825E-3	 5.246681E-6
2.000000E+1	 1.451906E-9	 9.999811E-3	 5.278430E-6
2.020000E+1	 1.469082E-9	 9.999694E-3	 5.302978E-6
2.040000E+1	 1.502505E-9	 9.999954E-3	 5.330412E-6
2.060000E+1	 1.493853E-9	 9.999897E-3	 5.354811E-6
2.080000E+1	 1.519763E-9	 9.999917E-3	 5.380822E-6
2.100000E+1	 1.515840E-9	 9.999819E-3	 5.406474E-6
2.120000E+1	 1.528837E-9	 9.999992E-3	 5.429927E-6
2.140000E+1	 1.543143E-9	 9.999788E-3	 5.454337E-6
2.160000E+1	 1.543016E-9	 9.999852E-3	 5.478050E-6
2.180000E+1	 1.547363E-9	 9.999770E-3	 5.502014E-6
2.200000E+1	 1.563398E-9	 9.999840E-3	 5.525275E-6
2.220000E+1	 1.573653E-9	 9.999822E-3	 5.548661E-6
2.240000E+1	 1.582894E-9	 9.999934E-3	 5.572454E-6
2.260000E+1	 1.594838E-9	 9.999763E-3	 5.596465E-6
2.280000E+1	 1.604880E-9	 9.999814E-3	 5.619218E-6
2.300000E+1	 1.621508E-9	 9.999858E-3	 5.641247E-6
2.320000E+1	 1.625516E-9	 9.999893E-3	 5.662703E-6
2.340000E+1	 1.642733E-9	 9.999849E-3	 5.684476E-6
2.360000E+1	 1.652735E-9	 9.999712E-3	 5.704963E-6
2.380000E+1	 1.657462E-9	 9.999691E-3	 5.724417E-6
2.400000E+1	 1.665099E-9	 9.999845E-3	 5.746034E-6
2.420000E+1	 1.674130E-9	 9.999761E-3	 5.765691E-6
2.440000E+1	 1.691137E-9	 9.999799E-3	 5.785435E-6
2.460000E+1	 1.695019E-9	 9.999762E-3	 5.805204E-6
2.480000E+1	 1.703163E-9	 9.999770E-3	 5.824201E-6
2.500000E+1	 1.716456E-9	 9.999605E-3	 5.844100E-6
2.480000E+1	 1.420764E-9	 9.999735E-3	 5.808261E-6
2.460000E+1	 1.327038E-9	 9.999763E-3	 5.775655E-6
2.440000E+1	 1.269689E-9	 9.999760E-3	 5.743047E-6
2.420000E+1	 1.208627E-9	 9.999750E-3	 5.711569E-6
2.400000E+1	 1.171321E-9	 9.999857E-3	 5.681786E-6
2.380000E+1	 1.130811E-9	 9.999734E-3	 5.651972E-6
2.360000E+1	 1.089709E-9	 9.999915E-3	 5.622158E-6
2.340000E+1	 1.045990E-9	 9.999738E-3	 5.592290E-6
2.320000E+1	 1.020923E-9	 9.999616E-3	 5.562350E-6
2.300000E+1	 9.918895E-10	 9.999675E-3	 5.532267E-6
2.280000E+1	 9.621809E-10	 9.999854E-3	 5.501189E-6
2.260000E+1	 9.349621E-10	 9.999728E-3	 5.471192E-6
2.240000E+1	 8.983757E-10	 9.999679E-3	 5.440952E-6
2.220000E+1	 8.718746E-10	 1.000001E-2	 5.410702E-6
2.200000E+1	 8.598465E-10	 9.999749E-3	 5.379649E-6
2.180000E+1	 8.391695E-10	 9.999942E-3	 5.348654E-6
2.160000E+1	 8.105585E-10	 9.999788E-3	 5.316621E-6
2.140000E+1	 7.957464E-10	 9.999823E-3	 5.285220E-6
2.120000E+1	 7.595812E-10	 1.000008E-2	 5.252731E-6
2.100000E+1	 7.445583E-10	 9.999745E-3	 5.220002E-6
2.080000E+1	 7.189429E-10	 9.999835E-3	 5.187289E-6
2.060000E+1	 7.041733E-10	 9.999885E-3	 5.153831E-6
2.040000E+1	 6.869129E-10	 9.999753E-3	 5.120781E-6
2.020000E+1	 6.700330E-10	 9.999976E-3	 5.086470E-6
2.000000E+1	 6.610029E-10	 9.999845E-3	 5.052361E-6
1.980000E+1	 6.531113E-10	 9.999816E-3	 5.017825E-6
1.960000E+1	 6.189299E-10	 9.999803E-3	 4.982295E-6
1.940000E+1	 6.299861E-10	 9.999811E-3	 4.946618E-6
1.920000E+1	 5.976187E-10	 9.999803E-3	 4.910178E-6
1.900000E+1	 5.828914E-10	 9.999719E-3	 4.873802E-6
1.880000E+1	 5.602726E-10	 9.999863E-3	 4.836746E-6
1.860000E+1	 5.414089E-10	 9.999706E-3	 4.799173E-6
1.840000E+1	 5.284114E-10	 9.999870E-3	 4.761969E-6
1.820000E+1	 5.148654E-10	 9.999814E-3	 4.722767E-6
1.800000E+1	 4.989145E-10	 9.999905E-3	 4.685036E-6
1.780000E+1	 4.848197E-10	 1.000000E-2	 4.645894E-6
1.760000E+1	 4.758735E-10	 9.999885E-3	 4.606486E-6
1.740000E+1	 4.627915E-10	 9.999728E-3	 4.566654E-6
1.720000E+1	 4.381468E-10	 9.999800E-3	 4.525831E-6
1.700000E+1	 4.274707E-10	 9.999849E-3	 4.484617E-6
1.680000E+1	 4.120249E-10	 9.999799E-3	 4.443199E-6
1.660000E+1	 4.051888E-10	 9.999726E-3	 4.401048E-6
1.640000E+1	 3.983524E-10	 9.999842E-3	 4.358573E-6
1.620000E+1	 3.810929E-10	 9.999944E-3	 4.316440E-6
1.600000E+1	 3.579674E-10	 9.999817E-3	 4.271657E-6
1.580000E+1	 3.536629E-10	 9.999817E-3	 4.228631E-6
1.560000E+1	 3.310019E-10	 9.999847E-3	 4.183367E-6
1.540000E+1	 3.274573E-10	 9.999894E-3	 4.139572E-6
1.520000E+1	 3.126873E-10	 9.999607E-3	 4.094419E-6
1.500000E+1	 2.980862E-10	 9.999831E-3	 4.048239E-6
1.480000E+1	 2.807001E-10	 9.999755E-3	 4.002473E-6
1.460000E+1	 2.707831E-10	 9.999907E-3	 3.955210E-6
1.440000E+1	 2.704034E-10	 9.999968E-3	 3.908689E-6
1.420000E+1	 2.401041E-10	 9.999789E-3	 3.861549E-6
1.400000E+1	 2.337320E-10	 9.999719E-3	 3.813667E-6
1.380000E+1	 2.196371E-10	 9.999897E-3	 3.765741E-6
1.360000E+1	 2.024622E-10	 9.999976E-3	 3.717322E-6
1.340000E+1	 1.953725E-10	 9.999814E-3	 3.668911E-6
1.320000E+1	 1.760875E-10	 9.999917E-3	 3.619587E-6
1.300000E+1	 1.760031E-10	 9.999887E-3	 3.569261E-6
1.280000E+1	 1.643559E-10	 9.999797E-3	 3.520823E-6
1.260000E+1	 1.593341E-10	 9.999962E-3	 3.471868E-6
1.240000E+1	 1.349847E-10	 9.999743E-3	 3.423193E-6
1.220000E+1	 1.200885E-10	 1.000009E-2	 3.373535E-6
1.200000E+1	 1.193288E-10	 9.999875E-3	 3.324312E-6
1.180000E+1	 1.046012E-10	 9.999885E-3	 3.276034E-6
1.160000E+1	 8.578019E-11	 9.999844E-3	 3.227153E-6
1.140000E+1	 8.198217E-11	 9.999936E-3	 3.179007E-6
1.120000E+1	 6.666376E-11	 9.999942E-3	 3.131658E-6
1.100000E+1	 6.214856E-11	 9.999888E-3	 3.084989E-6
1.080000E+1	 3.957158E-11	 9.999876E-3	 3.039852E-6
1.060000E+1	 4.142854E-11	 9.999957E-3	 2.994892E-6
1.040000E+1	 1.091820E-11	 9.999895E-3	 2.950325E-6
1.020000E+1	 2.151028E-11	 9.999873E-3	 2.909094E-6
1.000000E+1	 -4.400300E-12	 9.999869E-3	 2.867802E-6
9.800000E+0	 -8.409246E-12	 9.999877E-3	 2.828961E-6
9.600000E+0	 -2.292593E-11	 9.999836E-3	 2.790954E-6
9.400001E+0	 -3.499499E-11	 9.999942E-3	 2.753943E-6
9.200001E+0	 -4.980694E-11	 9.999869E-3	 2.719912E-6
9.000001E+0	 -5.639018E-11	 9.999822E-3	 2.687596E-6
8.800000E+0	 -7.132880E-11	 9.999861E-3	 2.658394E-6
8.600000E+0	 -7.934670E-11	 9.999897E-3	 2.630635E-6
8.400001E+0	 -9.829430E-11	 9.999869E-3	 2.604145E-6
8.200001E+0	 -9.525591E-11	 9.999912E-3	 2.580420E-6
8.000001E+0	 -1.160603E-10	 9.999838E-3	 2.557918E-6
7.800001E+0	 -1.242471E-10	 9.999994E-3	 2.537865E-6
7.600000E+0	 -1.304082E-10	 9.999923E-3	 2.519460E-6
7.400001E+0	 -1.516768E-10	 1.000006E-2	 2.503860E-6
7.200000E+0	 -1.521410E-10	 9.999776E-3	 2.489320E-6
7.000000E+0	 -1.707088E-10	 9.999911E-3	 2.476423E-6
6.800001E+0	 -1.825247E-10	 9.999791E-3	 2.465588E-6
6.600000E+0	 -1.798661E-10	 9.999905E-3	 2.454899E-6
6.400001E+0	 -1.942986E-10	 9.999785E-3	 2.447610E-6
6.200000E+0	 -2.058619E-10	 9.999575E-3	 2.440385E-6
6.000000E+0	 -2.286933E-10	 9.999881E-3	 2.435861E-6
5.800001E+0	 -2.300437E-10	 9.999847E-3	 2.431715E-6
5.600000E+0	 -2.446034E-10	 9.999793E-3	 2.429465E-6
5.400001E+0	 -2.641009E-10	 9.999936E-3	 2.427965E-6
5.200000E+0	 -2.613999E-10	 9.999741E-3	 2.429081E-6
5.000000E+0	 -2.854129E-10	 9.999817E-3	 2.431147E-6
4.800001E+0	 -2.777321E-10	 9.999980E-3	 2.432701E-6
4.600000E+0	 -3.110718E-10	 9.999681E-3	 2.436971E-6
4.400001E+0	 -3.008589E-10	 9.999845E-3	 2.442374E-6
4.200000E+0	 -3.282480E-10	 9.999954E-3	 2.448663E-6
4.000000E+0	 -3.370683E-10	 9.999764E-3	 2.456425E-6
3.800000E+0	 -3.536959E-10	 9.999803E-3	 2.465120E-6
3.600000E+0	 -3.555106E-10	 9.999989E-3	 2.474736E-6
3.400000E+0	 -3.614611E-10	 9.999966E-3	 2.485492E-6
3.200001E+0	 -3.752189E-10	 9.999915E-3	 2.496610E-6
3.000000E+0	 -3.876685E-10	 9.999886E-3	 2.508005E-6
2.800000E+0	 -3.935769E-10	 9.999850E-3	 2.520866E-6
2.600000E+0	 -4.186872E-10	 9.999925E-3	 2.534403E-6
2.400000E+0	 -4.195310E-10	 9.999831E-3	 2.547527E-6
2.200000E+0	 -4.230761E-10	 1.000002E-2	 2.561520E-6
2.000000E+0	 -4.439238E-10	 1.000003E-2	 2.575551E-6
1.800000E+0	 -4.521957E-10	 1.000001E-2	 2.590138E-6
1.600000E+0	 -4.693719E-10	 9.999905E-3	 2.605062E-6
1.400000E+0	 -4.724526E-10	 9.999753E-3	 2.621390E-6
1.200000E+0	 -4.957904E-10	 9.999861E-3	 2.637304E-6
1.000000E+0	 -5.039776E-10	 9.999838E-3	 2.655091E-6
8.000004E-1	 -5.383723E-10	 9.999922E-3	 2.677360E-6
6.000004E-1	 -5.493870E-10	 1.000011E-2	 2.712847E-6
4.000004E-1	 -5.542825E-10	 9.999820E-3	 2.816635E-6
2.000004E-1	 -5.881285E-10	 9.999912E-3	 3.429184E-6
3.725290E-7	 -6.289801E-10	 9.999895E-3	 3.507321E-6
-1.999996E-1	 -5.532695E-10	 9.999886E-3	 3.554451E-6
-3.999996E-1	 -5.649593E-10	 9.999845E-3	 3.607229E-6
-5.999997E-1	 -5.818404E-10	 9.999849E-3	 3.662295E-6
-7.999997E-1	 -6.039122E-10	 9.999750E-3	 3.719425E-6
-9.999996E-1	 -6.088921E-10	 1.000003E-2	 3.778102E-6
-1.200000E+0	 -6.135762E-10	 9.999861E-3	 3.837536E-6
-1.400000E+0	 -6.237467E-10	 9.999904E-3	 3.896969E-6
-1.600000E+0	 -6.456499E-10	 9.999835E-3	 3.956363E-6
-1.800000E+0	 -6.639233E-10	 9.999876E-3	 4.016710E-6
-2.000000E+0	 -6.553138E-10	 9.999776E-3	 4.076486E-6
-2.200000E+0	 -6.751490E-10	 9.999939E-3	 4.134363E-6
-2.400000E+0	 -6.806770E-10	 9.999791E-3	 4.195778E-6
-2.600000E+0	 -6.824078E-10	 9.999787E-3	 4.254961E-6
-2.800000E+0	 -7.057037E-10	 9.999712E-3	 4.313833E-6
-3.000000E+0	 -7.181955E-10	 9.999819E-3	 4.372536E-6
-3.200000E+0	 -7.089102E-10	 9.999844E-3	 4.431700E-6
-3.400000E+0	 -7.392119E-10	 9.999918E-3	 4.490568E-6
-3.600000E+0	 -7.428834E-10	 9.999808E-3	 4.549405E-6
-3.800000E+0	 -7.532653E-10	 9.999833E-3	 4.606223E-6
-4.000000E+0	 -7.722555E-10	 9.999907E-3	 4.662736E-6
-4.200000E+0	 -7.744084E-10	 9.999626E-3	 4.719143E-6
-4.400000E+0	 -7.723399E-10	 9.999883E-3	 4.775621E-6
-4.600000E+0	 -8.044138E-10	 9.999814E-3	 4.833067E-6
-4.800000E+0	 -8.062285E-10	 9.999910E-3	 4.885808E-6
-5.000000E+0	 -8.168632E-10	 9.999869E-3	 4.939274E-6
-5.200000E+0	 -8.218854E-10	 9.999804E-3	 4.993774E-6
-5.400000E+0	 -8.512159E-10	 9.999800E-3	 5.047359E-6
-5.600000E+0	 -8.620201E-10	 9.999921E-3	 5.100384E-6
-5.800000E+0	 -8.613866E-10	 9.999744E-3	 5.152274E-6
-6.000000E+0	 -8.859058E-10	 9.999749E-3	 5.204177E-6
-6.200000E+0	 -8.873828E-10	 1.000003E-2	 5.255699E-6
-6.400000E+0	 -8.949794E-10	 9.999895E-3	 5.306481E-6
-6.600000E+0	 -9.138860E-10	 9.999798E-3	 5.357284E-6
-6.800000E+0	 -9.167558E-10	 9.999832E-3	 5.406383E-6
-7.000000E+0	 -9.388698E-10	 9.999818E-3	 5.454383E-6
-7.200000E+0	 -9.180220E-10	 9.999828E-3	 5.504545E-6
-7.400000E+0	 -9.589578E-10	 9.999850E-3	 5.552176E-6
-7.600000E+0	 -9.616591E-10	 9.999742E-3	 5.598858E-6
-7.800000E+0	 -9.672719E-10	 9.999883E-3	 5.645868E-6
-8.000000E+0	 -9.911588E-10	 9.999678E-3	 5.693814E-6
-8.200000E+0	 -9.969823E-10	 9.999705E-3	 5.742024E-6
-8.400000E+0	 -9.893858E-10	 9.999694E-3	 5.786242E-6
-8.599999E+0	 -1.020826E-9	 9.999800E-3	 5.833588E-6
-8.800000E+0	 -1.035681E-9	 1.000001E-2	 5.877737E-6
-9.000000E+0	 -1.033445E-9	 9.999814E-3	 5.923566E-6
-9.200000E+0	 -1.036694E-9	 1.000009E-2	 5.968734E-6
-9.400000E+0	 -1.059990E-9	 9.999753E-3	 6.013741E-6
-9.599999E+0	 -1.081259E-9	 9.999919E-3	 6.056700E-6
-9.800000E+0	 -1.072018E-9	 9.999808E-3	 6.099854E-6
-1.000000E+1	 -1.078770E-9	 9.999855E-3	 6.141924E-6
-1.020000E+1	 -1.103922E-9	 9.999763E-3	 6.185072E-6
-1.040000E+1	 -1.101179E-9	 9.999950E-3	 6.226738E-6
-1.060000E+1	 -1.122069E-9	 9.999773E-3	 6.269918E-6
-1.080000E+1	 -1.122955E-9	 9.999775E-3	 6.312158E-6
-1.100000E+1	 -1.145871E-9	 9.999773E-3	 6.352334E-6
-1.120000E+1	 -1.150217E-9	 9.999895E-3	 6.392939E-6
-1.140000E+1	 -1.172881E-9	 9.999829E-3	 6.432113E-6
-1.160000E+1	 -1.173640E-9	 9.999919E-3	 6.473185E-6
-1.180000E+1	 -1.178662E-9	 9.999894E-3	 6.513253E-6
-1.200000E+1	 -1.203055E-9	 9.999712E-3	 6.553152E-6
-1.220000E+1	 -1.203434E-9	 9.999977E-3	 6.592952E-6
-1.240000E+1	 -1.215589E-9	 9.999795E-3	 6.631975E-6
-1.260000E+1	 -1.224578E-9	 9.999840E-3	 6.671216E-6
-1.280000E+1	 -1.234326E-9	 9.999744E-3	 6.710181E-6
-1.300000E+1	 -1.252515E-9	 9.999781E-3	 6.747917E-6
-1.320000E+1	 -1.259859E-9	 9.999877E-3	 6.786120E-6
-1.340000E+1	 -1.251882E-9	 9.999664E-3	 6.822131E-6
-1.360000E+1	 -1.291595E-9	 9.999888E-3	 6.858196E-6
-1.380000E+1	 -1.299191E-9	 9.999887E-3	 6.896407E-6
-1.400000E+1	 -1.307716E-9	 9.999851E-3	 6.934838E-6
-1.420000E+1	 -1.297250E-9	 9.999990E-3	 6.971361E-6
-1.440000E+1	 -1.328944E-9	 9.999751E-3	 7.007105E-6
-1.460000E+1	 -1.344769E-9	 9.999892E-3	 7.043728E-6
-1.480000E+1	 -1.353167E-9	 9.999781E-3	 7.078367E-6
-1.500000E+1	 -1.358443E-9	 9.999806E-3	 7.114732E-6
-1.520000E+1	 -1.358949E-9	 9.999746E-3	 7.150096E-6
-1.540000E+1	 -1.366926E-9	 9.999895E-3	 7.184326E-6
-1.560000E+1	 -1.385368E-9	 9.999749E-3	 7.220282E-6
-1.580000E+1	 -1.403853E-9	 9.999797E-3	 7.253881E-6
-1.600000E+1	 -1.408199E-9	 9.999760E-3	 7.289445E-6
-1.620000E+1	 -1.420522E-9	 9.999901E-3	 7.322631E-6
-1.640000E+1	 -1.438501E-9	 9.999893E-3	 7.355834E-6
-1.660000E+1	 -1.437825E-9	 9.999895E-3	 7.389190E-6
-1.680000E+1	 -1.447194E-9	 9.999901E-3	 7.424023E-6
-1.700000E+1	 -1.475722E-9	 9.999854E-3	 7.457968E-6
-1.720000E+1	 -1.454369E-9	 9.999694E-3	 7.490285E-6
-1.740000E+1	 -1.483699E-9	 9.999795E-3	 7.522172E-6
-1.760000E+1	 -1.487665E-9	 9.999811E-3	 7.554209E-6
-1.780000E+1	 -1.499060E-9	 9.999678E-3	 7.587570E-6
-1.800000E+1	 -1.510454E-9	 9.999939E-3	 7.618089E-6
-1.820000E+1	 -1.520203E-9	 9.999761E-3	 7.649301E-6
-1.840000E+1	 -1.541937E-9	 9.999760E-3	 7.680813E-6
-1.860000E+1	 -1.544470E-9	 9.999872E-3	 7.712453E-6
-1.880000E+1	 -1.558902E-9	 9.999656E-3	 7.743765E-6
-1.900000E+1	 -1.566035E-9	 9.999963E-3	 7.775393E-6
-1.920000E+1	 -1.580299E-9	 1.000006E-2	 7.803828E-6
-1.940000E+1	 -1.586250E-9	 9.999773E-3	 7.833783E-6
-1.960000E+1	 -1.598910E-9	 9.999652E-3	 7.864830E-6
-1.980000E+1	 -1.590344E-9	 9.999819E-3	 7.893517E-6
-2.000000E+1	 -1.626890E-9	 9.999751E-3	 7.922383E-6
-2.020000E+1	 -1.611444E-9	 9.999723E-3	 7.954385E-6
-2.040000E+1	 -1.631320E-9	 9.999761E-3	 7.983213E-6
-2.060000E+1	 -1.666518E-9	 9.999927E-3	 8.013780E-6
-2.080000E+1	 -1.670359E-9	 9.999797E-3	 8.041047E-6
-2.100000E+1	 -1.670739E-9	 9.999701E-3	 8.070235E-6
-2.120000E+1	 -1.681921E-9	 9.999551E-3	 8.098978E-6
-2.140000E+1	 -1.694076E-9	 9.999693E-3	 8.128739E-6
-2.160000E+1	 -1.706526E-9	 9.999832E-3	 8.155873E-6
-2.180000E+1	 -1.715600E-9	 9.999610E-3	 8.183306E-6
-2.200000E+1	 -1.726613E-9	 9.999719E-3	 8.211376E-6
-2.220000E+1	 -1.746280E-9	 9.999534E-3	 8.240371E-6
-2.240000E+1	 -1.744803E-9	 9.999593E-3	 8.266662E-6
-2.260000E+1	 -1.755353E-9	 9.999713E-3	 8.294383E-6
-2.280000E+1	 -1.777383E-9	 9.999794E-3	 8.319194E-6
-2.300000E+1	 -1.781644E-9	 9.999590E-3	 8.345824E-6
-2.320000E+1	 -1.780210E-9	 9.999724E-3	 8.374403E-6
-2.340000E+1	 -1.806081E-9	 9.999685E-3	 8.400380E-6
-2.360000E+1	 -1.822917E-9	 9.999954E-3	 8.428062E-6
-2.380000E+1	 -1.811988E-9	 9.999808E-3	 8.453860E-6
-2.400000E+1	 -1.837563E-9	 9.999746E-3	 8.479878E-6
-2.420000E+1	 -1.840137E-9	 9.999640E-3	 8.504724E-6
-2.440000E+1	 -1.848408E-9	 9.999700E-3	 8.531188E-6
-2.460000E+1	 -1.875418E-9	 9.999863E-3	 8.556399E-6
-2.480000E+1	 -1.879385E-9	 9.999808E-3	 8.581635E-6
-2.500000E+1	 -1.878372E-9	 9.999732E-3	 8.605266E-6
