1.000000E+0	 1.101615E+0	 4.999768E-2	 2.031625E-5
2.000000E+0	 1.601101E+0	 4.999800E-2	 2.031539E-5
3.000000E+0	 1.900942E+0	 4.999768E-2	 2.031360E-5
4.000000E+0	 2.201220E+0	 4.999759E-2	 2.030846E-5
5.000000E+0	 2.401443E+0	 4.999744E-2	 2.030978E-5
6.000000E+0	 2.601154E+0	 4.999816E-2	 2.030647E-5
7.000000E+0	 2.901450E+0	 4.999791E-2	 2.030352E-5
8.000000E+0	 3.101161E+0	 4.999757E-2	 2.030172E-5
9.000000E+0	 3.299876E+0	 4.999781E-2	 2.030303E-5
1.000000E+1	 3.601659E+0	 4.999777E-2	 2.030414E-5
1.100000E+1	 3.801350E+0	 4.999768E-2	 2.030167E-5
1.200000E+1	 4.001566E+0	 4.999714E-2	 2.030580E-5
1.300000E+1	 4.301356E+0	 4.999723E-2	 2.030383E-5
1.400000E+1	 4.601648E+0	 4.999734E-2	 2.030541E-5
1.500000E+1	 4.901460E+0	 4.999745E-2	 2.030507E-5
1.600000E+1	 5.201271E+0	 4.999699E-2	 2.030694E-5
1.700000E+1	 5.501103E+0	 4.999744E-2	 2.030469E-5
1.800000E+1	 5.801378E+0	 4.999687E-2	 2.030610E-5
1.900000E+1	 6.101209E+0	 4.999730E-2	 2.030556E-5
2.000000E+1	 6.401023E+0	 4.999756E-2	 2.030791E-5
2.100000E+1	 6.701301E+0	 4.999745E-2	 2.030614E-5
2.200000E+1	 7.001107E+0	 4.999756E-2	 2.030709E-5
2.300000E+1	 7.199844E+0	 4.999768E-2	 2.030586E-5
2.400000E+1	 7.401011E+0	 4.999722E-2	 2.030770E-5
2.500000E+1	 7.701338E+0	 4.999732E-2	 2.030833E-5
2.600000E+1	 8.001127E+0	 4.999686E-2	 2.030612E-5
2.700000E+1	 8.200351E+0	 4.999744E-2	 2.030123E-5
2.800000E+1	 8.501640E+0	 4.999672E-2	 2.030576E-5
2.900000E+1	 8.700846E+0	 4.999743E-2	 2.030731E-5
3.000000E+1	 8.901533E+0	 4.999710E-2	 2.030811E-5
3.100000E+1	 9.099771E+0	 4.999674E-2	 2.030227E-5
3.200000E+1	 9.401052E+0	 4.999707E-2	 2.030775E-5
3.300000E+1	 9.701353E+0	 4.999729E-2	 2.030160E-5
3.400000E+1	 1.000116E+1	 4.999712E-2	 2.029974E-5
3.500000E+1	 1.030147E+1	 4.999699E-2	 2.029548E-5
3.600000E+1	 1.059979E+1	 4.999741E-2	 2.030102E-5
3.700000E+1	 1.090157E+1	 4.999710E-2	 2.030313E-5
3.800000E+1	 1.120137E+1	 4.999711E-2	 2.029477E-5
3.900000E+1	 1.150121E+1	 4.999746E-2	 2.029266E-5
4.000000E+1	 1.180099E+1	 4.999721E-2	 2.028745E-5
4.100000E+1	 1.210128E+1	 4.999745E-2	 2.029002E-5
4.200000E+1	 1.240110E+1	 4.999721E-2	 2.028558E-5
4.300000E+1	 1.270140E+1	 4.999694E-2	 2.028845E-5
4.400000E+1	 1.300121E+1	 4.999684E-2	 2.028372E-5
4.500000E+1	 1.330153E+1	 4.999707E-2	 2.028532E-5
4.600000E+1	 1.359985E+1	 4.999731E-2	 2.028414E-5
4.700000E+1	 1.390164E+1	 4.999723E-2	 2.028898E-5
4.800000E+1	 1.420144E+1	 4.999733E-2	 2.028973E-5
4.900000E+1	 1.450124E+1	 4.999753E-2	 2.028944E-5
5.000000E+1	 1.469997E+1	 4.999674E-2	 2.028830E-5
5.100000E+1	 1.499978E+1	 4.999717E-2	 2.028689E-5
5.200000E+1	 1.520094E+1	 4.999746E-2	 2.029085E-5
5.300000E+1	 1.549979E+1	 4.999697E-2	 2.029120E-5
5.400000E+1	 1.580155E+1	 4.999710E-2	 2.029281E-5
5.500000E+1	 1.610136E+1	 4.999790E-2	 2.029171E-5
5.600000E+1	 1.630009E+1	 4.999755E-2	 2.028896E-5
5.700000E+1	 1.650126E+1	 4.999758E-2	 2.028786E-5
5.800000E+1	 1.680107E+1	 4.999729E-2	 2.029149E-5
5.900000E+1	 1.710138E+1	 4.999743E-2	 2.028500E-5
6.000000E+1	 1.730010E+1	 4.999745E-2	 2.029120E-5
6.100000E+1	 1.750129E+1	 4.999743E-2	 2.028910E-5
6.200000E+1	 1.780109E+1	 4.999774E-2	 2.028584E-5
6.300000E+1	 1.810138E+1	 4.999709E-2	 2.028596E-5
6.400000E+1	 1.840123E+1	 4.999718E-2	 2.028414E-5
6.500000E+1	 1.870101E+1	 4.999722E-2	 2.028569E-5
6.600000E+1	 1.900133E+1	 4.999687E-2	 2.028518E-5
6.700000E+1	 1.930114E+1	 4.999724E-2	 2.028268E-5
6.800000E+1	 1.950135E+1	 4.999745E-2	 2.028165E-5
6.900000E+1	 1.980113E+1	 4.999735E-2	 2.027855E-5
7.000000E+1	 1.999987E+1	 4.999769E-2	 2.027953E-5
7.100000E+1	 2.030116E+1	 4.999803E-2	 2.028063E-5
7.200000E+1	 2.060143E+1	 4.999788E-2	 2.027905E-5
7.300000E+1	 2.080066E+1	 4.999763E-2	 2.027444E-5
7.400000E+1	 2.100086E+1	 4.999790E-2	 2.028179E-5
7.500000E+1	 2.130117E+1	 4.999812E-2	 2.027830E-5
7.600000E+1	 2.149989E+1	 4.999776E-2	 2.027885E-5
7.700000E+1	 2.170158E+1	 4.999781E-2	 2.028161E-5
7.800000E+1	 2.200137E+1	 4.999720E-2	 2.028015E-5
7.900000E+1	 2.230116E+1	 4.999790E-2	 2.027856E-5
8.000000E+1	 2.250039E+1	 4.999804E-2	 2.028168E-5
8.100000E+1	 2.270159E+1	 4.999743E-2	 2.028157E-5
8.200000E+1	 2.300140E+1	 4.999712E-2	 2.028382E-5
8.300000E+1	 2.330167E+1	 4.999707E-2	 2.028385E-5
8.400000E+1	 2.360100E+1	 4.999718E-2	 2.028435E-5
8.500000E+1	 2.390129E+1	 4.999712E-2	 2.028105E-5
8.600000E+1	 2.420111E+1	 4.999770E-2	 2.028088E-5
8.700000E+1	 2.450142E+1	 4.999711E-2	 2.027832E-5
8.800000E+1	 2.480122E+1	 4.999734E-2	 2.028104E-5
8.900000E+1	 2.510104E+1	 4.999723E-2	 2.028040E-5
9.000000E+1	 2.540134E+1	 4.999735E-2	 2.028199E-5
9.100000E+1	 2.570113E+1	 4.999734E-2	 2.027741E-5
9.200000E+1	 2.600094E+1	 4.999736E-2	 2.028367E-5
9.300000E+1	 2.630124E+1	 4.999693E-2	 2.028244E-5
9.400000E+1	 2.660107E+1	 4.999630E-2	 2.028128E-5
9.500000E+1	 2.690135E+1	 4.999699E-2	 2.027912E-5
9.600000E+1	 2.720115E+1	 4.999721E-2	 2.027885E-5
9.700000E+1	 2.750147E+1	 4.999699E-2	 2.027879E-5
9.800000E+1	 2.770165E+1	 4.999629E-2	 2.027369E-5
9.900000E+1	 2.790088E+1	 4.999753E-2	 2.027736E-5
1.000000E+2	 2.820117E+1	 4.999607E-2	 2.027811E-5
1.010000E+2	 2.839991E+1	 4.999723E-2	 2.027522E-5
1.020000E+2	 2.860109E+1	 4.999733E-2	 2.028054E-5
1.030000E+2	 2.890138E+1	 4.999756E-2	 2.027747E-5
1.040000E+2	 2.920119E+1	 4.999769E-2	 2.027556E-5
1.050000E+2	 2.950103E+1	 4.999755E-2	 2.027490E-5
1.060000E+2	 2.980132E+1	 4.999769E-2	 2.027413E-5
1.070000E+2	 3.010110E+1	 4.999707E-2	 2.027243E-5
1.080000E+2	 3.040141E+1	 4.999757E-2	 2.027410E-5
1.090000E+2	 3.070122E+1	 4.999791E-2	 2.027630E-5
1.100000E+2	 3.100010E+1	 4.999756E-2	 2.027487E-5
1.110000E+2	 3.130084E+1	 4.999780E-2	 2.027217E-5
1.120000E+2	 3.160116E+1	 4.999767E-2	 2.027384E-5
1.130000E+2	 3.190146E+1	 4.999757E-2	 2.026539E-5
1.140000E+2	 3.220126E+1	 4.999757E-2	 2.026983E-5
1.150000E+2	 3.250153E+1	 4.999746E-2	 2.027001E-5
1.160000E+2	 3.279988E+1	 4.999764E-2	 2.026712E-5
1.170000E+2	 3.310116E+1	 4.999765E-2	 2.026453E-5
1.180000E+2	 3.340097E+1	 4.999731E-2	 2.026291E-5
1.190000E+2	 3.360168E+1	 4.999684E-2	 2.026357E-5
1.200000E+2	 3.379990E+1	 4.999740E-2	 2.026849E-5
1.210000E+2	 3.410166E+1	 4.999722E-2	 2.026173E-5
1.220000E+2	 3.440100E+1	 4.999698E-2	 2.026566E-5
1.230000E+2	 3.470129E+1	 4.999710E-2	 2.026484E-5
1.240000E+2	 3.490002E+1	 4.999780E-2	 2.026657E-5
1.250000E+2	 3.510022E+1	 4.999791E-2	 2.026012E-5
1.260000E+2	 3.540102E+1	 4.999814E-2	 2.026755E-5
1.270000E+2	 3.559974E+1	 4.999848E-2	 2.026452E-5
1.280000E+2	 3.592807E+1	 4.999708E-2	 2.026244E-5
1.290000E+2	 3.610123E+1	 4.999764E-2	 2.026077E-5
1.300000E+2	 3.629995E+1	 4.999720E-2	 2.025872E-5
1.310000E+2	 3.650112E+1	 4.999673E-2	 2.026038E-5
1.320000E+2	 3.680141E+1	 4.999696E-2	 2.026506E-5
1.330000E+2	 3.710024E+1	 4.999730E-2	 2.026709E-5
1.340000E+2	 3.763444E+1	 4.999719E-2	 2.026176E-5
1.350000E+2	 3.770136E+1	 4.999591E-2	 2.026237E-5
1.360000E+2	 3.790105E+1	 4.999721E-2	 2.026271E-5
1.370000E+2	 3.810127E+1	 4.999755E-2	 2.026139E-5
1.380000E+2	 3.840108E+1	 4.999729E-2	 2.025561E-5
1.390000E+2	 3.859979E+1	 4.999767E-2	 2.025725E-5
1.400000E+2	 3.880099E+1	 4.999730E-2	 2.025503E-5
1.410000E+2	 3.910126E+1	 4.999766E-2	 2.026085E-5
1.420000E+2	 3.930146E+1	 4.999721E-2	 2.026042E-5
1.430000E+2	 3.960129E+1	 4.999741E-2	 2.026153E-5
1.440000E+2	 3.980001E+1	 4.999767E-2	 2.025583E-5
1.450000E+2	 4.010128E+1	 4.999697E-2	 2.025508E-5
1.460000E+2	 4.030099E+1	 4.999721E-2	 2.025592E-5
1.470000E+2	 4.050121E+1	 4.999745E-2	 2.025698E-5
1.480000E+2	 4.080102E+1	 4.999720E-2	 2.025960E-5
1.490000E+2	 4.110131E+1	 4.999777E-2	 2.025941E-5
1.500000E+2	 4.140111E+1	 4.999720E-2	 2.025287E-5
1.510000E+2	 4.170140E+1	 4.999692E-2	 2.025612E-5
1.520000E+2	 4.200123E+1	 4.999716E-2	 2.025453E-5
1.530000E+2	 4.230102E+1	 4.999731E-2	 2.025510E-5
1.540000E+2	 4.259986E+1	 4.999716E-2	 2.024955E-5
1.550000E+2	 4.290164E+1	 4.999741E-2	 2.025075E-5
1.560000E+2	 4.320094E+1	 4.999740E-2	 2.024916E-5
1.570000E+2	 4.350124E+1	 4.999734E-2	 2.024713E-5
1.580000E+2	 4.380106E+1	 4.999708E-2	 2.025057E-5
1.590000E+2	 4.410135E+1	 4.999687E-2	 2.024416E-5
1.600000E+2	 4.440115E+1	 4.999673E-2	 2.024459E-5
1.610000E+2	 4.470097E+1	 4.999686E-2	 2.024407E-5
1.620000E+2	 4.500129E+1	 4.999697E-2	 2.024848E-5
1.630000E+2	 4.530108E+1	 4.999728E-2	 2.024786E-5
1.640000E+2	 4.560139E+1	 4.999710E-2	 2.025296E-5
1.650000E+2	 4.590118E+1	 4.999745E-2	 2.025139E-5
1.660000E+2	 4.620099E+1	 4.999683E-2	 2.024779E-5
1.670000E+2	 4.650129E+1	 4.999766E-2	 2.025153E-5
1.680000E+2	 4.680159E+1	 4.999660E-2	 2.025214E-5
1.690000E+2	 4.709993E+1	 4.999720E-2	 2.024794E-5
1.700000E+2	 4.739974E+1	 4.999709E-2	 2.025219E-5
1.710000E+2	 4.770153E+1	 4.999676E-2	 2.024448E-5
1.720000E+2	 4.790024E+1	 4.999674E-2	 2.024630E-5
1.730000E+2	 4.810141E+1	 4.999732E-2	 2.024862E-5
1.740000E+2	 4.840123E+1	 4.999721E-2	 2.024773E-5
1.750000E+2	 4.870154E+1	 4.999681E-2	 2.024097E-5
1.760000E+2	 4.889977E+1	 4.999720E-2	 2.024071E-5
1.770000E+2	 4.910093E+1	 4.999707E-2	 2.024367E-5
1.780000E+2	 4.940125E+1	 4.999648E-2	 2.024505E-5
1.790000E+2	 4.970107E+1	 4.999722E-2	 2.024610E-5
1.800000E+2	 4.990128E+1	 4.999718E-2	 2.024319E-5
1.810000E+2	 5.009999E+1	 4.999738E-2	 2.024342E-5
1.820000E+2	 5.040126E+1	 4.999695E-2	 2.024277E-5
1.830000E+2	 5.070109E+1	 4.999708E-2	 2.024089E-5
1.840000E+2	 5.100137E+1	 4.999714E-2	 2.024374E-5
1.850000E+2	 5.130118E+1	 4.999738E-2	 2.024296E-5
1.860000E+2	 5.160099E+1	 4.999683E-2	 2.023399E-5
1.870000E+2	 5.180021E+1	 4.999711E-2	 2.023482E-5
1.880000E+2	 5.199992E+1	 4.999710E-2	 2.023439E-5
1.890000E+2	 5.230122E+1	 4.999746E-2	 2.023466E-5
1.900000E+2	 5.250092E+1	 4.999711E-2	 2.023298E-5
1.910000E+2	 5.270110E+1	 4.999767E-2	 2.023636E-5
1.920000E+2	 5.300142E+1	 4.999740E-2	 2.023372E-5
1.930000E+2	 5.330121E+1	 4.999705E-2	 2.023731E-5
1.940000E+2	 5.360102E+1	 4.999707E-2	 2.023746E-5
1.950000E+2	 5.379976E+1	 4.999683E-2	 2.023895E-5
1.960000E+2	 5.400092E+1	 4.999745E-2	 2.023438E-5
1.970000E+2	 5.429977E+1	 4.999721E-2	 2.023708E-5
1.980000E+2	 5.450143E+1	 4.999708E-2	 2.023504E-5
1.990000E+2	 5.470165E+1	 4.999661E-2	 2.024084E-5
2.000000E+2	 5.500097E+1	 4.999663E-2	 2.023814E-5
2.010000E+2	 5.520166E+1	 4.999664E-2	 2.023974E-5
2.020000E+2	 5.539988E+1	 4.999731E-2	 2.024015E-5
2.030000E+2	 5.570117E+1	 4.999660E-2	 2.023872E-5
2.040000E+2	 5.589989E+1	 4.999658E-2	 2.024038E-5
2.050000E+2	 5.610155E+1	 4.999720E-2	 2.024044E-5
2.060000E+2	 5.640136E+1	 4.999767E-2	 2.023882E-5
2.070000E+2	 5.670117E+1	 4.999709E-2	 2.023845E-5
2.080000E+2	 5.700149E+1	 4.999745E-2	 2.024166E-5
2.090000E+2	 5.730128E+1	 4.999707E-2	 2.023293E-5
2.100000E+2	 5.750099E+1	 4.999732E-2	 2.023662E-5
2.110000E+2	 5.770121E+1	 4.999708E-2	 2.024102E-5
2.120000E+2	 5.800099E+1	 4.999779E-2	 2.023655E-5
2.130000E+2	 5.829983E+1	 4.999788E-2	 2.023134E-5
2.140000E+2	 5.860160E+1	 4.999750E-2	 2.023103E-5
2.150000E+2	 5.890091E+1	 4.999731E-2	 2.022836E-5
2.160000E+2	 5.910160E+1	 4.999720E-2	 2.022572E-5
2.170000E+2	 5.929985E+1	 4.999755E-2	 2.022618E-5
2.180000E+2	 5.960114E+1	 4.999743E-2	 2.022969E-5
2.190000E+2	 5.990142E+1	 4.999765E-2	 2.022775E-5
2.200000E+2	 6.020123E+1	 4.999718E-2	 2.022912E-5
2.210000E+2	 6.050104E+1	 4.999756E-2	 2.022549E-5
2.220000E+2	 6.080134E+1	 4.999744E-2	 2.022829E-5
2.230000E+2	 6.110117E+1	 4.999813E-2	 2.022575E-5
2.240000E+2	 6.129988E+1	 4.999767E-2	 2.022952E-5
2.250000E+2	 6.150108E+1	 4.999755E-2	 2.022845E-5
2.260000E+2	 6.169979E+1	 4.999789E-2	 2.022797E-5
2.270000E+2	 6.190099E+1	 4.999707E-2	 2.022900E-5
2.280000E+2	 6.220129E+1	 4.999697E-2	 2.022819E-5
2.290000E+2	 6.250110E+1	 4.999716E-2	 2.022762E-5
2.300000E+2	 6.280137E+1	 4.999718E-2	 2.022946E-5
2.310000E+2	 6.300010E+1	 4.999754E-2	 2.022886E-5
2.320000E+2	 6.330140E+1	 4.999739E-2	 2.022590E-5
2.330000E+2	 6.350111E+1	 4.999766E-2	 2.022814E-5
2.340000E+2	 6.380141E+1	 4.999708E-2	 2.022799E-5
2.350000E+2	 6.400159E+1	 4.999766E-2	 2.022792E-5
2.360000E+2	 6.430141E+1	 4.999743E-2	 2.023135E-5
2.370000E+2	 6.460121E+1	 4.999767E-2	 2.022825E-5
2.380000E+2	 6.480141E+1	 4.999717E-2	 2.022852E-5
2.390000E+2	 6.510124E+1	 4.999716E-2	 2.022578E-5
2.400000E+2	 6.530141E+1	 4.999692E-2	 2.022786E-5
2.410000E+2	 6.550162E+1	 4.999734E-2	 2.022792E-5
2.420000E+2	 6.580144E+1	 4.999696E-2	 2.022606E-5
2.430000E+2	 6.600116E+1	 4.999718E-2	 2.022355E-5
2.440000E+2	 6.620135E+1	 4.999750E-2	 2.022233E-5
2.450000E+2	 6.650117E+1	 4.999751E-2	 2.022361E-5
2.460000E+2	 6.680146E+1	 4.999766E-2	 2.021604E-5
2.470000E+2	 6.710127E+1	 4.999697E-2	 2.021653E-5
2.480000E+2	 6.740108E+1	 4.999751E-2	 2.021801E-5
2.490000E+2	 6.770135E+1	 4.999781E-2	 2.021823E-5
2.500000E+2	 6.800117E+1	 4.999790E-2	 2.021910E-5
2.510000E+2	 6.830149E+1	 4.999790E-2	 2.022099E-5
2.520000E+2	 6.850117E+1	 4.999791E-2	 2.021725E-5
2.530000E+2	 6.870140E+1	 4.999799E-2	 2.021904E-5
2.540000E+2	 6.900121E+1	 4.999822E-2	 2.021814E-5
2.550000E+2	 6.920090E+1	 4.999825E-2	 2.021988E-5
2.560000E+2	 6.940112E+1	 4.999803E-2	 2.022210E-5
2.570000E+2	 6.970142E+1	 4.999800E-2	 2.022048E-5
2.580000E+2	 7.000123E+1	 4.999766E-2	 2.022024E-5
2.590000E+2	 7.030101E+1	 4.999788E-2	 2.022226E-5
2.600000E+2	 7.059983E+1	 4.999751E-2	 2.021855E-5
2.610000E+2	 7.080154E+1	 4.999730E-2	 2.021862E-5
2.620000E+2	 7.099976E+1	 4.999729E-2	 2.022385E-5
2.630000E+2	 7.130152E+1	 4.999715E-2	 2.022179E-5
2.640000E+2	 7.150123E+1	 4.999731E-2	 2.022034E-5
2.650000E+2	 7.170142E+1	 4.999741E-2	 2.022153E-5
2.660000E+2	 7.199977E+1	 4.999813E-2	 2.022030E-5
2.670000E+2	 7.230153E+1	 4.999767E-2	 2.021626E-5
2.680000E+2	 7.260135E+1	 4.999752E-2	 2.021770E-5
2.690000E+2	 7.290117E+1	 4.999765E-2	 2.021837E-5
2.700000E+2	 7.309988E+1	 4.999775E-2	 2.021836E-5
2.710000E+2	 7.330154E+1	 4.999774E-2	 2.022072E-5
2.720000E+2	 7.359989E+1	 4.999765E-2	 2.021862E-5
2.730000E+2	 7.390166E+1	 4.999749E-2	 2.021704E-5
2.740000E+2	 7.420147E+1	 4.999716E-2	 2.021793E-5
2.750000E+2	 7.450127E+1	 4.999776E-2	 2.021957E-5
2.760000E+2	 7.480161E+1	 4.999741E-2	 2.021804E-5
2.770000E+2	 7.510139E+1	 4.999721E-2	 2.020730E-5
2.780000E+2	 7.540121E+1	 4.999756E-2	 2.020990E-5
2.790000E+2	 7.570103E+1	 4.999662E-2	 2.021833E-5
2.800000E+2	 7.589974E+1	 4.999715E-2	 2.021607E-5
2.810000E+2	 7.610091E+1	 4.999739E-2	 2.021247E-5
2.820000E+2	 7.640123E+1	 4.999695E-2	 2.021134E-5
2.830000E+2	 7.670102E+1	 4.999660E-2	 2.021071E-5
2.840000E+2	 7.700134E+1	 4.999707E-2	 2.020792E-5
2.850000E+2	 7.730116E+1	 4.999721E-2	 2.020874E-5
2.860000E+2	 7.760143E+1	 4.999720E-2	 2.021330E-5
2.870000E+2	 7.790124E+1	 4.999777E-2	 2.021348E-5
2.880000E+2	 7.820105E+1	 4.999753E-2	 2.020722E-5
2.890000E+2	 7.840125E+1	 4.999729E-2	 2.020951E-5
2.900000E+2	 7.860145E+1	 4.999708E-2	 2.020941E-5
2.910000E+2	 7.890126E+1	 4.999744E-2	 2.020432E-5
2.920000E+2	 7.910048E+1	 4.999856E-2	 2.020442E-5
2.930000E+2	 7.930116E+1	 4.999707E-2	 2.020479E-5
2.940000E+2	 7.960146E+1	 4.999717E-2	 2.020029E-5
2.950000E+2	 7.990129E+1	 4.999681E-2	 2.019971E-5
2.960000E+2	 8.010001E+1	 4.999825E-2	 2.020414E-5
2.970000E+2	 8.030020E+1	 4.999785E-2	 2.020497E-5
2.980000E+2	 8.060148E+1	 4.999755E-2	 2.020380E-5
2.990000E+2	 8.079973E+1	 4.999787E-2	 2.020305E-5
3.000000E+2	 8.100089E+1	 4.999764E-2	 2.020118E-5
3.010000E+2	 8.130120E+1	 4.999755E-2	 2.020708E-5
3.020000E+2	 8.160101E+1	 4.999738E-2	 2.020626E-5
3.030000E+2	 8.190131E+1	 4.999824E-2	 2.020164E-5
3.040000E+2	 8.220112E+1	 4.999685E-2	 2.020625E-5
3.050000E+2	 8.250141E+1	 4.999706E-2	 2.020055E-5
3.060000E+2	 8.280122E+1	 4.999790E-2	 2.020277E-5
3.070000E+2	 8.310152E+1	 4.999743E-2	 2.019918E-5
3.080000E+2	 8.339987E+1	 4.999776E-2	 2.020008E-5
3.090000E+2	 8.370116E+1	 4.999762E-2	 2.019898E-5
3.100000E+2	 8.400146E+1	 4.999727E-2	 2.019561E-5
3.110000E+2	 8.430127E+1	 4.999753E-2	 2.019450E-5
3.120000E+2	 8.450147E+1	 4.999708E-2	 2.019636E-5
3.130000E+2	 8.470116E+1	 4.999675E-2	 2.019217E-5
3.140000E+2	 8.500148E+1	 4.999696E-2	 2.019426E-5
3.150000E+2	 8.530127E+1	 4.999673E-2	 2.019581E-5
3.160000E+2	 8.560110E+1	 4.999693E-2	 2.019193E-5
3.170000E+2	 8.590137E+1	 4.999732E-2	 2.019274E-5
3.180000E+2	 8.610158E+1	 4.999673E-2	 2.019136E-5
3.190000E+2	 8.640139E+1	 4.999696E-2	 2.018900E-5
3.200000E+2	 8.660012E+1	 4.999707E-2	 2.019005E-5
3.210000E+2	 8.690092E+1	 4.999670E-2	 2.018511E-5
3.220000E+2	 8.720123E+1	 4.999693E-2	 2.018596E-5
3.230000E+2	 8.750104E+1	 4.999673E-2	 2.018273E-5
3.240000E+2	 8.779984E+1	 4.999682E-2	 2.018539E-5
3.250000E+2	 8.810163E+1	 4.999695E-2	 2.018809E-5
3.260000E+2	 8.840141E+1	 4.999696E-2	 2.018585E-5
3.270000E+2	 8.869976E+1	 4.999708E-2	 2.018621E-5
3.280000E+2	 8.900155E+1	 4.999730E-2	 2.018508E-5
3.290000E+2	 8.930136E+1	 4.999741E-2	 2.018586E-5
3.300000E+2	 8.950105E+1	 4.999719E-2	 2.018287E-5
3.310000E+2	 8.970125E+1	 4.999717E-2	 2.018125E-5
3.320000E+2	 9.000156E+1	 4.999697E-2	 2.018267E-5
3.330000E+2	 9.030135E+1	 4.999729E-2	 2.018558E-5
3.340000E+2	 9.060117E+1	 4.999720E-2	 2.018595E-5
3.350000E+2	 9.090145E+1	 4.999686E-2	 2.018706E-5
3.360000E+2	 9.120129E+1	 4.999686E-2	 2.018463E-5
3.370000E+2	 9.150159E+1	 4.999717E-2	 2.018194E-5
3.380000E+2	 9.180091E+1	 4.999673E-2	 2.018558E-5
3.390000E+2	 9.210119E+1	 4.999683E-2	 2.018518E-5
3.400000E+2	 9.240100E+1	 4.999740E-2	 2.018125E-5
3.410000E+2	 9.270130E+1	 4.999695E-2	 2.018511E-5
3.420000E+2	 9.300112E+1	 4.999720E-2	 2.018550E-5
3.430000E+2	 9.330142E+1	 4.999693E-2	 2.018147E-5
3.440000E+2	 9.359975E+1	 4.999680E-2	 2.018199E-5
3.450000E+2	 9.380141E+1	 4.999661E-2	 2.018463E-5
3.460000E+2	 9.400114E+1	 4.999707E-2	 2.018257E-5
3.470000E+2	 9.430142E+1	 4.999673E-2	 2.018024E-5
3.480000E+2	 9.460123E+1	 4.999742E-2	 2.017813E-5
3.490000E+2	 9.479996E+1	 4.999670E-2	 2.017997E-5
3.500000E+2	 9.500116E+1	 4.999731E-2	 2.017979E-5
3.510000E+2	 9.530146E+1	 4.999705E-2	 2.017849E-5
3.520000E+2	 9.560125E+1	 4.999705E-2	 2.017874E-5
3.530000E+2	 9.590105E+1	 4.999682E-2	 2.017717E-5
3.540000E+2	 9.619987E+1	 4.999713E-2	 2.017895E-5
3.550000E+2	 9.650168E+1	 4.999743E-2	 2.017935E-5
3.560000E+2	 9.680146E+1	 4.999732E-2	 2.017957E-5
3.570000E+2	 9.710127E+1	 4.999731E-2	 2.018038E-5
3.580000E+2	 9.740009E+1	 4.999692E-2	 2.017818E-5
3.590000E+2	 9.770188E+1	 4.999743E-2	 2.017633E-5
3.600000E+2	 9.800121E+1	 4.999765E-2	 2.017779E-5
3.610000E+2	 9.830100E+1	 4.999755E-2	 2.017814E-5
3.620000E+2	 9.859984E+1	 4.999714E-2	 2.017640E-5
3.630000E+2	 9.880150E+1	 4.999707E-2	 2.017640E-5
3.640000E+2	 9.910133E+1	 4.999775E-2	 2.017507E-5
3.650000E+2	 9.930104E+1	 4.999692E-2	 2.017892E-5
3.660000E+2	 9.960134E+1	 4.999751E-2	 2.017607E-5
3.670000E+2	 9.990113E+1	 4.999743E-2	 2.017496E-5
3.680000E+2	 1.002014E+2	 4.999742E-2	 2.017257E-5
3.690000E+2	 1.005012E+2	 4.999729E-2	 2.017378E-5
3.700000E+2	 1.008010E+2	 4.999721E-2	 2.016932E-5
3.710000E+2	 1.011014E+2	 4.999741E-2	 2.017425E-5
3.720000E+2	 1.014017E+2	 4.999708E-2	 2.017242E-5
3.730000E+2	 1.016009E+2	 4.999703E-2	 2.016950E-5
3.740000E+2	 1.018011E+2	 4.999673E-2	 2.017325E-5
3.750000E+2	 1.021014E+2	 4.999661E-2	 2.016995E-5
3.760000E+2	 1.023011E+2	 4.999650E-2	 2.017050E-5
3.770000E+2	 1.026014E+2	 4.999775E-2	 2.016869E-5
3.780000E+2	 1.028011E+2	 4.999680E-2	 2.017108E-5
3.790000E+2	 1.031014E+2	 4.999693E-2	 2.017412E-5
3.800000E+2	 1.034012E+2	 4.999707E-2	 2.017022E-5
3.810000E+2	 1.037015E+2	 4.999695E-2	 2.016150E-5
3.820000E+2	 1.040013E+2	 4.999697E-2	 2.016629E-5
3.830000E+2	 1.043011E+2	 4.999693E-2	 2.017024E-5
3.840000E+2	 1.046014E+2	 4.999681E-2	 2.017185E-5
3.850000E+2	 1.048011E+2	 4.999707E-2	 2.016954E-5
3.860000E+2	 1.049998E+2	 4.999715E-2	 2.017186E-5
3.870000E+2	 1.053011E+2	 4.999695E-2	 2.017224E-5
3.880000E+2	 1.056014E+2	 4.999737E-2	 2.017074E-5
3.890000E+2	 1.058998E+2	 4.999693E-2	 2.016964E-5
3.900000E+2	 1.061014E+2	 4.999695E-2	 2.016950E-5
3.910000E+2	 1.063017E+2	 4.999707E-2	 2.017017E-5
3.920000E+2	 1.065009E+2	 4.999733E-2	 2.016948E-5
3.930000E+2	 1.068011E+2	 4.999707E-2	 2.016819E-5
3.940000E+2	 1.069999E+2	 4.999672E-2	 2.016976E-5
3.950000E+2	 1.073012E+2	 4.999708E-2	 2.016889E-5
3.960000E+2	 1.076015E+2	 4.999684E-2	 2.016415E-5
3.970000E+2	 1.079013E+2	 4.999755E-2	 2.015880E-5
3.980000E+2	 1.081010E+2	 4.999682E-2	 2.016223E-5
3.990000E+2	 1.083012E+2	 4.999683E-2	 2.016106E-5
4.000000E+2	 1.086015E+2	 4.999720E-2	 2.015841E-5
4.010000E+2	 1.088012E+2	 4.999685E-2	 2.015921E-5
4.020000E+2	 1.090014E+2	 4.999730E-2	 2.015668E-5
4.030000E+2	 1.092997E+2	 4.999690E-2	 2.015879E-5
4.040000E+2	 1.096015E+2	 4.999685E-2	 2.015773E-5
4.050000E+2	 1.099013E+2	 4.999731E-2	 2.015797E-5
4.060000E+2	 1.102011E+2	 4.999673E-2	 2.015575E-5
4.070000E+2	 1.105014E+2	 4.999708E-2	 2.015323E-5
4.080000E+2	 1.107011E+2	 4.999651E-2	 2.015460E-5
4.090000E+2	 1.109013E+2	 4.999626E-2	 2.015541E-5
4.100000E+2	 1.112011E+2	 4.999626E-2	 2.015284E-5
4.110000E+2	 1.115014E+2	 4.999707E-2	 2.015587E-5
4.120000E+2	 1.118012E+2	 4.999647E-2	 2.015465E-5
4.130000E+2	 1.121015E+2	 4.999684E-2	 2.015441E-5
4.140000E+2	 1.124013E+2	 4.999623E-2	 2.015380E-5
4.150000E+2	 1.127012E+2	 4.999694E-2	 2.015478E-5
4.160000E+2	 1.128999E+2	 4.999624E-2	 2.015485E-5
4.170000E+2	 1.131011E+2	 4.999661E-2	 2.015750E-5
4.180000E+2	 1.134009E+2	 4.999673E-2	 2.015227E-5
4.190000E+2	 1.137012E+2	 4.999657E-2	 2.014819E-5
4.200000E+2	 1.140015E+2	 4.999649E-2	 2.015121E-5
4.210000E+2	 1.143013E+2	 4.999659E-2	 2.014792E-5
4.220000E+2	 1.146011E+2	 4.999697E-2	 2.014234E-5
4.230000E+2	 1.149014E+2	 4.999640E-2	 2.013939E-5
4.240000E+2	 1.152012E+2	 4.999684E-2	 2.024750E-5
4.250000E+2	 1.153999E+2	 4.999663E-2	 2.024930E-5
4.260000E+2	 1.156011E+2	 4.999673E-2	 2.025206E-5
4.270000E+2	 1.158013E+2	 4.999648E-2	 2.024759E-5
4.280000E+2	 1.160015E+2	 4.999707E-2	 2.025042E-5
4.290000E+2	 1.163013E+2	 4.999626E-2	 2.024768E-5
4.300000E+2	 1.166011E+2	 4.999693E-2	 2.024835E-5
4.310000E+2	 1.169014E+2	 4.999730E-2	 2.025075E-5
4.320000E+2	 1.172012E+2	 4.999685E-2	 2.024875E-5
4.330000E+2	 1.175015E+2	 4.999721E-2	 2.024258E-5
4.340000E+2	 1.177013E+2	 4.999766E-2	 2.024299E-5
4.350000E+2	 1.179014E+2	 4.999696E-2	 2.024510E-5
4.360000E+2	 1.181998E+2	 4.999777E-2	 2.024875E-5
4.370000E+2	 1.185015E+2	 4.999740E-2	 2.025089E-5
4.380000E+2	 1.188013E+2	 4.999764E-2	 2.025129E-5
4.390000E+2	 1.191012E+2	 4.999718E-2	 2.024811E-5
4.400000E+2	 1.194015E+2	 4.999731E-2	 2.024914E-5
4.410000E+2	 1.196017E+2	 4.999778E-2	 2.025008E-5
4.420000E+2	 1.197999E+2	 4.999755E-2	 2.025195E-5
4.430000E+2	 1.201017E+2	 4.999753E-2	 2.025377E-5
4.440000E+2	 1.204010E+2	 4.999721E-2	 2.025170E-5
4.450000E+2	 1.206017E+2	 4.999800E-2	 2.025340E-5
4.460000E+2	 1.208014E+2	 4.999704E-2	 2.024740E-5
4.470000E+2	 1.211012E+2	 4.999731E-2	 2.024839E-5
4.480000E+2	 1.212999E+2	 4.999722E-2	 2.024600E-5
4.490000E+2	 1.215006E+2	 4.999697E-2	 2.024588E-5
4.500000E+2	 1.218009E+2	 4.999729E-2	 2.024758E-5
4.510000E+2	 1.221012E+2	 4.999714E-2	 2.024597E-5
4.520000E+2	 1.224010E+2	 4.999753E-2	 2.024449E-5
4.530000E+2	 1.225998E+2	 4.999720E-2	 2.024482E-5
4.540000E+2	 1.228000E+2	 4.999718E-2	 2.024104E-5
4.550000E+2	 1.231012E+2	 4.999684E-2	 2.024091E-5
4.560000E+2	 1.233000E+2	 4.999685E-2	 2.024104E-5
4.570000E+2	 1.235002E+2	 4.999697E-2	 2.023891E-5
4.580000E+2	 1.238015E+2	 4.999660E-2	 2.024005E-5
4.590000E+2	 1.240011E+2	 4.999626E-2	 2.024263E-5
4.600000E+2	 1.242004E+2	 4.999731E-2	 2.023975E-5
4.610000E+2	 1.244011E+2	 4.999707E-2	 2.024169E-5
4.620000E+2	 1.245998E+2	 4.999718E-2	 2.024352E-5
4.630000E+2	 1.249016E+2	 4.999718E-2	 2.024362E-5
4.640000E+2	 1.252014E+2	 4.999674E-2	 2.024660E-5
4.650000E+2	 1.255012E+2	 4.999708E-2	 2.024546E-5
4.660000E+2	 1.258015E+2	 4.999742E-2	 2.024777E-5
4.670000E+2	 1.261013E+2	 4.999708E-2	 2.024436E-5
4.680000E+2	 1.264011E+2	 4.999731E-2	 2.023681E-5
4.690000E+2	 1.267014E+2	 4.999790E-2	 2.024168E-5
4.700000E+2	 1.269997E+2	 4.999742E-2	 2.024211E-5
4.710000E+2	 1.273015E+2	 4.999729E-2	 2.024163E-5
4.720000E+2	 1.275998E+2	 4.999718E-2	 2.023921E-5
4.730000E+2	 1.279016E+2	 4.999723E-2	 2.023732E-5
4.740000E+2	 1.281008E+2	 4.999788E-2	 2.023951E-5
4.750000E+2	 1.283015E+2	 4.999666E-2	 2.024293E-5
4.760000E+2	 1.286013E+2	 4.999673E-2	 2.023589E-5
4.770000E+2	 1.289011E+2	 4.999698E-2	 2.023570E-5
4.780000E+2	 1.292014E+2	 4.999659E-2	 2.023820E-5
4.790000E+2	 1.295013E+2	 4.999671E-2	 2.023515E-5
4.800000E+2	 1.297014E+2	 4.999686E-2	 2.023616E-5
4.810000E+2	 1.300013E+2	 4.999708E-2	 2.023344E-5
4.820000E+2	 1.302010E+2	 4.999729E-2	 2.022525E-5
4.830000E+2	 1.305013E+2	 4.999684E-2	 2.013534E-5
4.840000E+2	 1.308011E+2	 4.999707E-2	 2.014132E-5
4.850000E+2	 1.310013E+2	 4.999696E-2	 2.013821E-5
4.860000E+2	 1.312000E+2	 4.999696E-2	 2.013837E-5
4.870000E+2	 1.314998E+2	 4.999721E-2	 2.013756E-5
4.880000E+2	 1.318016E+2	 4.999685E-2	 2.013575E-5
4.890000E+2	 1.319998E+2	 4.999684E-2	 2.013481E-5
4.900000E+2	 1.322005E+2	 4.999705E-2	 2.013699E-5
4.910000E+2	 1.323997E+2	 4.999729E-2	 2.013348E-5
4.920000E+2	 1.326009E+2	 4.999705E-2	 2.013039E-5
4.930000E+2	 1.329012E+2	 4.999729E-2	 2.013150E-5
4.940000E+2	 1.332010E+2	 4.999732E-2	 2.013092E-5
4.950000E+2	 1.335013E+2	 4.999767E-2	 2.012936E-5
4.960000E+2	 1.338011E+2	 4.999764E-2	 2.012796E-5
4.970000E+2	 1.341009E+2	 4.999764E-2	 2.013158E-5
4.980000E+2	 1.344012E+2	 4.999766E-2	 2.013395E-5
4.990000E+2	 1.347010E+2	 4.999740E-2	 2.013338E-5
5.000000E+2	 1.349012E+2	 4.999788E-2	 2.013553E-5
5.010000E+2	 1.351015E+2	 4.999795E-2	 2.013299E-5
5.020000E+2	 1.354013E+2	 4.999793E-2	 2.013438E-5
5.030000E+2	 1.357010E+2	 4.999858E-2	 2.013237E-5
5.040000E+2	 1.359013E+2	 4.999737E-2	 2.013333E-5
5.050000E+2	 1.361015E+2	 4.999753E-2	 2.013823E-5
5.060000E+2	 1.364013E+2	 4.999751E-2	 2.013528E-5
5.070000E+2	 1.367011E+2	 4.999720E-2	 2.013453E-5
5.080000E+2	 1.369999E+2	 4.999774E-2	 2.013823E-5
5.090000E+2	 1.373017E+2	 4.999778E-2	 2.013467E-5
5.100000E+2	 1.376010E+2	 4.999717E-2	 2.013503E-5
5.110000E+2	 1.378002E+2	 4.999707E-2	 2.013595E-5
5.120000E+2	 1.379999E+2	 4.999749E-2	 2.013237E-5
5.130000E+2	 1.382997E+2	 4.999751E-2	 2.013776E-5
5.140000E+2	 1.386015E+2	 4.999708E-2	 2.013631E-5
5.150000E+2	 1.389013E+2	 4.999732E-2	 2.013383E-5
5.160000E+2	 1.392011E+2	 4.999755E-2	 2.013552E-5
5.170000E+2	 1.395014E+2	 4.999731E-2	 2.013129E-5
5.180000E+2	 1.398012E+2	 4.999766E-2	 2.013210E-5
5.190000E+2	 1.401010E+2	 4.999751E-2	 2.013494E-5
5.200000E+2	 1.404013E+2	 4.999762E-2	 2.013613E-5
5.210000E+2	 1.406001E+2	 4.999835E-2	 2.013268E-5
5.220000E+2	 1.408012E+2	 4.999749E-2	 2.013888E-5
5.230000E+2	 1.411015E+2	 4.999748E-2	 2.013867E-5
5.240000E+2	 1.414014E+2	 4.999724E-2	 2.012986E-5
5.250000E+2	 1.416011E+2	 4.999707E-2	 2.013365E-5
5.260000E+2	 1.418013E+2	 4.999733E-2	 2.013845E-5
5.270000E+2	 1.421011E+2	 4.999778E-2	 2.013185E-5
5.280000E+2	 1.424014E+2	 4.999764E-2	 2.013627E-5
5.290000E+2	 1.427012E+2	 4.999754E-2	 2.013207E-5
5.300000E+2	 1.430015E+2	 4.999742E-2	 2.013578E-5
5.310000E+2	 1.433013E+2	 4.999766E-2	 2.012635E-5
5.320000E+2	 1.436011E+2	 4.999729E-2	 2.013277E-5
5.330000E+2	 1.437998E+2	 4.999777E-2	 2.013595E-5
5.340000E+2	 1.440010E+2	 4.999720E-2	 2.012951E-5
5.350000E+2	 1.443003E+2	 4.999755E-2	 2.012852E-5
5.360000E+2	 1.446016E+2	 4.999730E-2	 2.013152E-5
5.370000E+2	 1.449009E+2	 4.999777E-2	 2.013652E-5
5.380000E+2	 1.451011E+2	 4.999755E-2	 2.013445E-5
5.390000E+2	 1.453013E+2	 4.999695E-2	 2.013379E-5
5.400000E+2	 1.456011E+2	 4.999752E-2	 2.013293E-5
5.410000E+2	 1.459014E+2	 4.999762E-2	 2.013053E-5
5.420000E+2	 1.461011E+2	 4.999800E-2	 2.013070E-5
5.430000E+2	 1.463004E+2	 4.999669E-2	 2.012776E-5
5.440000E+2	 1.466012E+2	 4.999717E-2	 2.012671E-5
5.450000E+2	 1.469015E+2	 4.999727E-2	 2.013030E-5
5.460000E+2	 1.471012E+2	 4.999730E-2	 2.013047E-5
5.470000E+2	 1.473014E+2	 4.999772E-2	 2.011540E-5
5.480000E+2	 1.476012E+2	 4.999740E-2	 2.022456E-5
5.490000E+2	 1.478004E+2	 4.999695E-2	 2.022232E-5
5.500000E+2	 1.480006E+2	 4.999689E-2	 2.022410E-5
5.510000E+2	 1.483009E+2	 4.999756E-2	 2.022160E-5
5.520000E+2	 1.486017E+2	 4.999697E-2	 2.022827E-5
5.530000E+2	 1.489000E+2	 4.999766E-2	 2.021996E-5
5.540000E+2	 1.492013E+2	 4.999721E-2	 2.022057E-5
5.550000E+2	 1.495016E+2	 4.999718E-2	 2.022002E-5
5.560000E+2	 1.498014E+2	 4.999776E-2	 2.022001E-5
5.570000E+2	 1.500997E+2	 4.999787E-2	 2.021801E-5
5.580000E+2	 1.504015E+2	 4.999800E-2	 2.022364E-5
5.590000E+2	 1.505997E+2	 4.999729E-2	 2.022200E-5
5.600000E+2	 1.509015E+2	 4.999755E-2	 2.022179E-5
5.610000E+2	 1.511012E+2	 4.999732E-2	 2.022128E-5
5.620000E+2	 1.514010E+2	 4.999718E-2	 2.021830E-5
5.630000E+2	 1.517014E+2	 4.999683E-2	 2.021731E-5
5.640000E+2	 1.520016E+2	 4.999732E-2	 2.022021E-5
5.650000E+2	 1.523010E+2	 4.999752E-2	 2.021861E-5
5.660000E+2	 1.526013E+2	 4.999684E-2	 2.021769E-5
5.670000E+2	 1.529011E+2	 4.999613E-2	 2.021587E-5
5.680000E+2	 1.532014E+2	 4.999717E-2	 2.021414E-5
5.690000E+2	 1.534011E+2	 4.999752E-2	 2.021322E-5
5.700000E+2	 1.535998E+2	 4.999732E-2	 2.021574E-5
5.710000E+2	 1.539011E+2	 4.999697E-2	 2.021393E-5
5.720000E+2	 1.542014E+2	 4.999682E-2	 2.021763E-5
5.730000E+2	 1.545012E+2	 4.999757E-2	 2.021506E-5
5.740000E+2	 1.548010E+2	 4.999766E-2	 2.021320E-5
5.750000E+2	 1.551013E+2	 4.999766E-2	 2.021643E-5
5.760000E+2	 1.554011E+2	 4.999718E-2	 2.021439E-5
5.770000E+2	 1.557014E+2	 4.999696E-2	 2.021814E-5
5.780000E+2	 1.560012E+2	 4.999754E-2	 2.021462E-5
5.790000E+2	 1.562000E+2	 4.999713E-2	 2.021381E-5
5.800000E+2	 1.564016E+2	 4.999767E-2	 2.021155E-5
5.810000E+2	 1.567014E+2	 4.999753E-2	 2.021556E-5
5.820000E+2	 1.570012E+2	 4.999776E-2	 2.021145E-5
5.830000E+2	 1.573011E+2	 4.999739E-2	 2.021004E-5
5.840000E+2	 1.575999E+2	 4.999740E-2	 2.021015E-5
5.850000E+2	 1.579016E+2	 4.999685E-2	 2.020979E-5
5.860000E+2	 1.582014E+2	 4.999697E-2	 2.020488E-5
5.870000E+2	 1.585012E+2	 4.999685E-2	 2.020881E-5
5.880000E+2	 1.588011E+2	 4.999777E-2	 2.021057E-5
5.890000E+2	 1.590003E+2	 4.999765E-2	 2.021029E-5
5.900000E+2	 1.592005E+2	 4.999732E-2	 2.020677E-5
5.910000E+2	 1.594998E+2	 4.999755E-2	 2.020610E-5
5.920000E+2	 1.598016E+2	 4.999779E-2	 2.020828E-5
5.930000E+2	 1.601014E+2	 4.999708E-2	 2.020261E-5
5.940000E+2	 1.604012E+2	 4.999742E-2	 2.020223E-5
5.950000E+2	 1.607000E+2	 4.999731E-2	 2.020621E-5
5.960000E+2	 1.610013E+2	 4.999778E-2	 2.020949E-5
5.970000E+2	 1.613011E+2	 4.999720E-2	 2.020931E-5
5.980000E+2	 1.616014E+2	 4.999731E-2	 2.021114E-5
5.990000E+2	 1.619012E+2	 4.999683E-2	 2.020509E-5
6.000000E+2	 1.622010E+2	 4.999743E-2	 2.020789E-5
6.010000E+2	 1.625013E+2	 4.999741E-2	 2.020209E-5
6.020000E+2	 1.628011E+2	 4.999765E-2	 2.020443E-5
6.030000E+2	 1.631014E+2	 4.999753E-2	 2.021032E-5
6.040000E+2	 1.634013E+2	 4.999736E-2	 2.010946E-5
6.050000E+2	 1.637015E+2	 4.999717E-2	 2.010683E-5
6.060000E+2	 1.640014E+2	 4.999737E-2	 2.010285E-5
6.070000E+2	 1.643011E+2	 4.999776E-2	 2.010538E-5
6.080000E+2	 1.646015E+2	 4.999788E-2	 2.010013E-5
6.090000E+2	 1.648012E+2	 4.999696E-2	 2.010317E-5
6.100000E+2	 1.649999E+2	 4.999731E-2	 2.010050E-5
6.110000E+2	 1.653012E+2	 4.999751E-2	 2.010241E-5
6.120000E+2	 1.656010E+2	 4.999800E-2	 2.009766E-5
6.130000E+2	 1.659013E+2	 4.999788E-2	 2.010166E-5
6.140000E+2	 1.662011E+2	 4.999673E-2	 2.009810E-5
6.150000E+2	 1.665014E+2	 4.999727E-2	 2.009547E-5
6.160000E+2	 1.668012E+2	 4.999696E-2	 2.010211E-5
6.170000E+2	 1.671010E+2	 4.999694E-2	 2.010287E-5
6.180000E+2	 1.674013E+2	 4.999720E-2	 2.010094E-5
6.190000E+2	 1.677016E+2	 4.999634E-2	 2.009481E-5
6.200000E+2	 1.678999E+2	 4.999707E-2	 2.009540E-5
6.210000E+2	 1.681010E+2	 4.999742E-2	 2.010102E-5
6.220000E+2	 1.684014E+2	 4.999717E-2	 2.009663E-5
6.230000E+2	 1.687012E+2	 4.999661E-2	 2.009870E-5
6.240000E+2	 1.688999E+2	 4.999707E-2	 2.009918E-5
6.250000E+2	 1.691010E+2	 4.999684E-2	 2.009596E-5
6.260000E+2	 1.694014E+2	 4.999714E-2	 2.009615E-5
6.270000E+2	 1.697012E+2	 4.999673E-2	 2.009599E-5
6.280000E+2	 1.700015E+2	 4.999684E-2	 2.009198E-5
6.290000E+2	 1.702012E+2	 4.999684E-2	 2.009114E-5
6.300000E+2	 1.704014E+2	 4.999720E-2	 2.009382E-5
6.310000E+2	 1.707012E+2	 4.999683E-2	 2.009195E-5
6.320000E+2	 1.710010E+2	 4.999682E-2	 2.009211E-5
6.330000E+2	 1.713013E+2	 4.999659E-2	 2.008944E-5
6.340000E+2	 1.716001E+2	 4.999695E-2	 2.009330E-5
6.350000E+2	 1.719014E+2	 4.999739E-2	 2.009281E-5
6.360000E+2	 1.721006E+2	 4.999755E-2	 2.009451E-5
6.370000E+2	 1.722998E+2	 4.999739E-2	 2.009569E-5
6.380000E+2	 1.726016E+2	 4.999740E-2	 2.009769E-5
6.390000E+2	 1.729014E+2	 4.999705E-2	 2.009123E-5
6.400000E+2	 1.732012E+2	 4.999718E-2	 2.009141E-5
6.410000E+2	 1.735010E+2	 4.999766E-2	 2.009275E-5
6.420000E+2	 1.738013E+2	 4.999776E-2	 2.008401E-5
6.430000E+2	 1.741011E+2	 4.999824E-2	 2.019204E-5
6.440000E+2	 1.743999E+2	 4.999743E-2	 2.018984E-5
6.450000E+2	 1.746998E+2	 4.999742E-2	 2.018278E-5
6.460000E+2	 1.750015E+2	 4.999743E-2	 2.018262E-5
6.470000E+2	 1.752012E+2	 4.999680E-2	 2.018398E-5
6.480000E+2	 1.754005E+2	 4.999773E-2	 2.018217E-5
6.490000E+2	 1.757013E+2	 4.999740E-2	 2.018485E-5
6.500000E+2	 1.760011E+2	 4.999718E-2	 2.018742E-5
6.510000E+2	 1.763014E+2	 4.999718E-2	 2.018202E-5
6.520000E+2	 1.766012E+2	 4.999705E-2	 2.018437E-5
6.530000E+2	 1.769010E+2	 4.999696E-2	 2.018250E-5
6.540000E+2	 1.772013E+2	 4.999717E-2	 2.018715E-5
6.550000E+2	 1.775011E+2	 4.999683E-2	 2.018469E-5
6.560000E+2	 1.778009E+2	 4.999708E-2	 2.018520E-5
6.570000E+2	 1.780016E+2	 4.999707E-2	 2.018292E-5
6.580000E+2	 1.781998E+2	 4.999669E-2	 2.018240E-5
6.590000E+2	 1.785016E+2	 4.999708E-2	 2.018161E-5
6.600000E+2	 1.788014E+2	 4.999686E-2	 2.018209E-5
6.610000E+2	 1.791012E+2	 4.999683E-2	 2.018731E-5
6.620000E+2	 1.794010E+2	 4.999716E-2	 2.018282E-5
6.630000E+2	 1.795998E+2	 4.999682E-2	 2.018116E-5
6.640000E+2	 1.798004E+2	 4.999669E-2	 2.018278E-5
6.650000E+2	 1.800998E+2	 4.999669E-2	 2.018195E-5
6.660000E+2	 1.803009E+2	 4.999731E-2	 2.018129E-5
6.670000E+2	 1.805012E+2	 4.999647E-2	 2.017773E-5
6.680000E+2	 1.806999E+2	 4.999718E-2	 2.017803E-5
6.690000E+2	 1.809006E+2	 4.999739E-2	 2.017850E-5
6.700000E+2	 1.812009E+2	 4.999693E-2	 2.018243E-5
6.710000E+2	 1.814016E+2	 4.999707E-2	 2.018195E-5
6.720000E+2	 1.816013E+2	 4.999705E-2	 2.018014E-5
6.730000E+2	 1.819011E+2	 4.999720E-2	 2.017504E-5
6.740000E+2	 1.822014E+2	 4.999773E-2	 2.017705E-5
6.750000E+2	 1.825017E+2	 4.999730E-2	 2.017557E-5
6.760000E+2	 1.828015E+2	 4.999708E-2	 2.017357E-5
6.770000E+2	 1.830998E+2	 4.999693E-2	 2.017606E-5
6.780000E+2	 1.834016E+2	 4.999684E-2	 2.017422E-5
6.790000E+2	 1.836013E+2	 4.999790E-2	 2.016784E-5
6.800000E+2	 1.838015E+2	 4.999649E-2	 2.017484E-5
6.810000E+2	 1.841013E+2	 4.999717E-2	 2.017749E-5
6.820000E+2	 1.843000E+2	 4.999730E-2	 2.017616E-5
6.830000E+2	 1.845007E+2	 4.999698E-2	 2.017715E-5
6.840000E+2	 1.847000E+2	 4.999742E-2	 2.017741E-5
6.850000E+2	 1.849016E+2	 4.999706E-2	 2.017822E-5
6.860000E+2	 1.852014E+2	 4.999742E-2	 2.018078E-5
6.870000E+2	 1.855012E+2	 4.999743E-2	 2.017739E-5
6.880000E+2	 1.858011E+2	 4.999717E-2	 2.017648E-5
6.890000E+2	 1.861009E+2	 4.999765E-2	 2.017508E-5
6.900000E+2	 1.864012E+2	 4.999788E-2	 2.018041E-5
6.910000E+2	 1.865999E+2	 4.999788E-2	 2.017832E-5
6.920000E+2	 1.868015E+2	 4.999729E-2	 2.017700E-5
6.930000E+2	 1.871013E+2	 4.999753E-2	 2.017554E-5
6.940000E+2	 1.874012E+2	 4.999708E-2	 2.017493E-5
6.950000E+2	 1.877015E+2	 4.999686E-2	 2.017683E-5
6.960000E+2	 1.880003E+2	 4.999697E-2	 2.017358E-5
6.970000E+2	 1.883016E+2	 4.999742E-2	 2.016831E-5
6.980000E+2	 1.886014E+2	 4.999753E-2	 2.017365E-5
6.990000E+2	 1.889012E+2	 4.999742E-2	 2.017128E-5
7.000000E+2	 1.892010E+2	 4.999705E-2	 2.005549E-5
7.010000E+2	 1.894998E+2	 4.999695E-2	 2.006163E-5
7.020000E+2	 1.898016E+2	 4.999717E-2	 2.006220E-5
7.030000E+2	 1.901009E+2	 4.999753E-2	 2.005801E-5
7.040000E+2	 1.904012E+2	 4.999762E-2	 2.005887E-5
7.050000E+2	 1.906014E+2	 4.999836E-2	 2.005687E-5
7.060000E+2	 1.908011E+2	 4.999741E-2	 2.006388E-5
7.070000E+2	 1.911014E+2	 4.999775E-2	 2.006222E-5
7.080000E+2	 1.914012E+2	 4.999739E-2	 2.006049E-5
7.090000E+2	 1.917011E+2	 4.999764E-2	 2.005845E-5
7.100000E+2	 1.920014E+2	 4.999777E-2	 2.005771E-5
7.110000E+2	 1.923017E+2	 4.999789E-2	 2.005326E-5
7.120000E+2	 1.926015E+2	 4.999731E-2	 2.005681E-5
7.130000E+2	 1.928017E+2	 4.999800E-2	 2.005795E-5
7.140000E+2	 1.929999E+2	 4.999812E-2	 2.005423E-5
7.150000E+2	 1.933017E+2	 4.999729E-2	 2.005662E-5
7.160000E+2	 1.936015E+2	 4.999764E-2	 2.005463E-5
7.170000E+2	 1.939013E+2	 4.999763E-2	 2.005634E-5
7.180000E+2	 1.942011E+2	 4.999751E-2	 2.006015E-5
7.190000E+2	 1.944999E+2	 4.999708E-2	 2.005521E-5
7.200000E+2	 1.947997E+2	 4.999696E-2	 2.005671E-5
7.210000E+2	 1.951015E+2	 4.999729E-2	 2.005685E-5
7.220000E+2	 1.954013E+2	 4.999742E-2	 2.005466E-5
7.230000E+2	 1.957011E+2	 4.999731E-2	 2.005271E-5
7.240000E+2	 1.960014E+2	 4.999777E-2	 2.004836E-5
7.250000E+2	 1.963012E+2	 4.999777E-2	 2.005400E-5
7.260000E+2	 1.966010E+2	 4.999810E-2	 2.005538E-5
7.270000E+2	 1.968013E+2	 4.999800E-2	 2.005299E-5
7.280000E+2	 1.970014E+2	 4.999783E-2	 2.005600E-5
7.290000E+2	 1.972998E+2	 4.999807E-2	 2.004806E-5
7.300000E+2	 1.976011E+2	 4.999800E-2	 2.004798E-5
7.310000E+2	 1.979014E+2	 4.999823E-2	 2.005705E-5
7.320000E+2	 1.982012E+2	 4.999753E-2	 2.005341E-5
7.330000E+2	 1.985014E+2	 4.999777E-2	 2.004831E-5
7.340000E+2	 1.987998E+2	 4.999801E-2	 2.005626E-5
7.350000E+2	 1.991016E+2	 4.999776E-2	 2.005339E-5
7.360000E+2	 1.994014E+2	 4.999751E-2	 2.005181E-5
7.370000E+2	 1.997012E+2	 4.999788E-2	 2.005341E-5
7.380000E+2	 2.000010E+2	 4.999765E-2	 2.004646E-5
7.390000E+2	 2.002998E+2	 4.999787E-2	 2.004406E-5
7.400000E+2	 2.005015E+2	 4.999741E-2	 2.004778E-5
7.410000E+2	 2.007012E+2	 4.999773E-2	 2.005005E-5
7.420000E+2	 2.010005E+2	 4.999846E-2	 2.004779E-5
7.430000E+2	 2.012999E+2	 4.999847E-2	 2.005108E-5
7.440000E+2	 2.016016E+2	 4.999822E-2	 2.005130E-5
7.450000E+2	 2.018999E+2	 4.999797E-2	 2.005286E-5
7.460000E+2	 2.021998E+2	 4.999822E-2	 2.005015E-5
7.470000E+2	 2.026284E+2	 4.999809E-2	 2.005441E-5
7.480000E+2	 2.027999E+2	 4.999820E-2	 2.004994E-5
7.490000E+2	 2.031016E+2	 4.999802E-2	 2.005239E-5
7.500000E+2	 2.034014E+2	 4.999742E-2	 2.005031E-5
7.510000E+2	 2.037012E+2	 4.999750E-2	 2.004988E-5
7.520000E+2	 2.040011E+2	 4.999799E-2	 2.005004E-5
7.530000E+2	 2.043014E+2	 4.999765E-2	 2.004445E-5
7.540000E+2	 2.046017E+2	 4.999775E-2	 2.004662E-5
7.550000E+2	 2.049010E+2	 4.999788E-2	 2.038060E-5
7.560000E+2	 2.051017E+2	 4.999749E-2	 2.037512E-5
7.570000E+2	 2.054010E+2	 4.999799E-2	 2.038041E-5
7.580000E+2	 2.055997E+2	 4.999739E-2	 2.037854E-5
7.590000E+2	 2.059015E+2	 4.999717E-2	 2.037087E-5
7.600000E+2	 2.061012E+2	 4.999740E-2	 2.037124E-5
7.610000E+2	 2.063014E+2	 4.999797E-2	 2.037159E-5
7.620000E+2	 2.066012E+2	 4.999752E-2	 2.037228E-5
7.630000E+2	 2.069010E+2	 4.999747E-2	 2.036963E-5
7.640000E+2	 2.072013E+2	 4.999729E-2	 2.036415E-5
7.650000E+2	 2.075011E+2	 4.999703E-2	 2.036380E-5
7.660000E+2	 2.078014E+2	 4.999740E-2	 2.036679E-5
7.670000E+2	 2.081012E+2	 4.999718E-2	 2.036491E-5
7.680000E+2	 2.083000E+2	 4.999730E-2	 2.036577E-5
7.690000E+2	 2.085012E+2	 4.999800E-2	 2.036399E-5
7.700000E+2	 2.088014E+2	 4.999714E-2	 2.036041E-5
7.710000E+2	 2.090998E+2	 4.999777E-2	 2.036420E-5
7.720000E+2	 2.093015E+2	 4.999776E-2	 2.036655E-5
7.730000E+2	 2.095017E+2	 4.999722E-2	 2.036547E-5
7.740000E+2	 2.098015E+2	 4.999728E-2	 2.036310E-5
7.750000E+2	 2.101013E+2	 4.999742E-2	 2.036225E-5
7.760000E+2	 2.103010E+2	 4.999727E-2	 2.035967E-5
7.770000E+2	 2.105017E+2	 4.999799E-2	 2.036159E-5
7.780000E+2	 2.108015E+2	 4.999772E-2	 2.035967E-5
7.790000E+2	 2.111013E+2	 4.999787E-2	 2.035845E-5
7.800000E+2	 2.114011E+2	 4.999751E-2	 2.035935E-5
7.810000E+2	 2.117014E+2	 4.999776E-2	 2.035608E-5
7.820000E+2	 2.119011E+2	 4.999788E-2	 2.035743E-5
7.830000E+2	 2.121013E+2	 4.999740E-2	 2.035364E-5
7.840000E+2	 2.124011E+2	 4.999812E-2	 2.035662E-5
7.850000E+2	 2.125999E+2	 4.999755E-2	 2.034968E-5
7.860000E+2	 2.128010E+2	 4.999777E-2	 2.034580E-5
7.870000E+2	 2.131008E+2	 4.999741E-2	 2.034510E-5
7.880000E+2	 2.134011E+2	 4.999763E-2	 2.034420E-5
7.890000E+2	 2.137014E+2	 4.999767E-2	 2.034422E-5
7.900000E+2	 2.140013E+2	 4.999738E-2	 2.034133E-5
7.910000E+2	 2.143011E+2	 4.999739E-2	 2.034441E-5
7.920000E+2	 2.145003E+2	 4.999717E-2	 2.034332E-5
7.930000E+2	 2.147014E+2	 4.999776E-2	 2.034398E-5
7.940000E+2	 2.149998E+2	 4.999730E-2	 2.034553E-5
7.950000E+2	 2.152014E+2	 4.999720E-2	 2.034125E-5
7.960000E+2	 2.155013E+2	 4.999742E-2	 2.034358E-5
7.970000E+2	 2.157000E+2	 4.999776E-2	 2.034374E-5
7.980000E+2	 2.160013E+2	 4.999742E-2	 2.034309E-5
7.990000E+2	 2.163011E+2	 4.999776E-2	 2.033520E-5
8.000000E+2	 2.166014E+2	 4.999729E-2	 2.034074E-5
8.010000E+2	 2.168006E+2	 4.999753E-2	 2.033885E-5
8.020000E+2	 2.169998E+2	 4.999785E-2	 2.033626E-5
8.030000E+2	 2.172010E+2	 4.999764E-2	 2.033836E-5
8.040000E+2	 2.174012E+2	 4.999774E-2	 2.034151E-5
8.050000E+2	 2.177010E+2	 4.999729E-2	 2.033592E-5
8.060000E+2	 2.180013E+2	 4.999797E-2	 2.033601E-5
8.070000E+2	 2.183001E+2	 4.999731E-2	 2.033929E-5
8.080000E+2	 2.186009E+2	 4.999800E-2	 2.033702E-5
8.090000E+2	 2.189012E+2	 4.999834E-2	 2.033784E-5
8.100000E+2	 2.191000E+2	 4.999892E-2	 2.033779E-5
8.110000E+2	 2.193002E+2	 4.999796E-2	 2.033730E-5
8.120000E+2	 2.196009E+2	 4.999800E-2	 1.999894E-5
8.130000E+2	 2.198998E+2	 4.999740E-2	 2.000201E-5
8.140000E+2	 2.202015E+2	 4.999739E-2	 2.000478E-5
8.150000E+2	 2.205014E+2	 4.999753E-2	 2.000578E-5
8.160000E+2	 2.208012E+2	 4.999717E-2	 2.000073E-5
8.170000E+2	 2.209999E+2	 4.999776E-2	 2.000356E-5
8.180000E+2	 2.212015E+2	 4.999729E-2	 2.000580E-5
8.190000E+2	 2.215014E+2	 4.999752E-2	 2.000130E-5
8.200000E+2	 2.218012E+2	 4.999716E-2	 2.000605E-5
8.210000E+2	 2.221010E+2	 4.999754E-2	 2.001041E-5
8.220000E+2	 2.223012E+2	 4.999776E-2	 2.000505E-5
8.230000E+2	 2.226010E+2	 4.999764E-2	 2.000726E-5
8.240000E+2	 2.228998E+2	 4.999762E-2	 2.000716E-5
8.250000E+2	 2.232006E+2	 4.999739E-2	 2.000613E-5
8.260000E+2	 2.234008E+2	 4.999716E-2	 2.000777E-5
8.270000E+2	 2.237011E+2	 4.999728E-2	 2.001213E-5
8.280000E+2	 2.240014E+2	 4.999728E-2	 2.001356E-5
8.290000E+2	 2.242998E+2	 4.999718E-2	 2.001534E-5
8.300000E+2	 2.246015E+2	 4.999739E-2	 2.000926E-5
8.310000E+2	 2.248999E+2	 4.999707E-2	 2.000402E-5
8.320000E+2	 2.252011E+2	 4.999741E-2	 2.000550E-5
8.330000E+2	 2.255014E+2	 4.999729E-2	 2.000815E-5
8.340000E+2	 2.258013E+2	 4.999720E-2	 2.001400E-5
8.350000E+2	 2.260010E+2	 4.999690E-2	 2.001309E-5
8.360000E+2	 2.262016E+2	 4.999750E-2	 2.001289E-5
8.370000E+2	 2.265014E+2	 4.999751E-2	 2.001214E-5
8.380000E+2	 2.267012E+2	 4.999795E-2	 2.000828E-5
8.390000E+2	 2.269014E+2	 4.999740E-2	 2.001319E-5
8.400000E+2	 2.272012E+2	 4.999787E-2	 2.001142E-5
8.410000E+2	 2.275010E+2	 4.999752E-2	 2.001214E-5
8.420000E+2	 2.277017E+2	 4.999764E-2	 2.000756E-5
8.430000E+2	 2.280010E+2	 4.999776E-2	 2.000660E-5
8.440000E+2	 2.281997E+2	 4.999741E-2	 2.001085E-5
8.450000E+2	 2.285010E+2	 4.999776E-2	 2.000571E-5
8.460000E+2	 2.288013E+2	 4.999703E-2	 2.000793E-5
8.470000E+2	 2.291011E+2	 4.999728E-2	 2.001115E-5
8.480000E+2	 2.293999E+2	 4.999684E-2	 2.000699E-5
8.490000E+2	 2.296998E+2	 4.999772E-2	 2.000804E-5
8.500000E+2	 2.300015E+2	 4.999787E-2	 2.000730E-5
8.510000E+2	 2.302999E+2	 4.999755E-2	 2.000646E-5
8.520000E+2	 2.306012E+2	 4.999759E-2	 2.000181E-5
8.530000E+2	 2.309014E+2	 4.999799E-2	 2.000497E-5
8.540000E+2	 2.311016E+2	 4.999750E-2	 2.000429E-5
8.550000E+2	 2.314000E+2	 4.999731E-2	 2.000591E-5
8.560000E+2	 2.317013E+2	 4.999730E-2	 2.000001E-5
8.570000E+2	 2.319000E+2	 4.999729E-2	 1.999459E-5
8.580000E+2	 2.321017E+2	 4.999671E-2	 1.999609E-5
8.590000E+2	 2.324010E+2	 4.999717E-2	 2.000045E-5
8.600000E+2	 2.327013E+2	 4.999669E-2	 1.999848E-5
8.610000E+2	 2.330011E+2	 4.999682E-2	 1.999941E-5
8.620000E+2	 2.333009E+2	 4.999670E-2	 1.999962E-5
8.630000E+2	 2.336007E+2	 4.999752E-2	 2.034515E-5
8.640000E+2	 2.339010E+2	 4.999711E-2	 2.033858E-5
8.650000E+2	 2.342013E+2	 4.999692E-2	 2.033481E-5
8.660000E+2	 2.345011E+2	 4.999670E-2	 2.033914E-5
8.670000E+2	 2.348014E+2	 4.999693E-2	 2.033034E-5
8.680000E+2	 2.351012E+2	 4.999729E-2	 2.033073E-5
8.690000E+2	 2.353004E+2	 4.999727E-2	 2.032733E-5
8.700000E+2	 2.355011E+2	 4.999762E-2	 2.032839E-5
8.710000E+2	 2.357999E+2	 4.999776E-2	 2.032212E-5
8.720000E+2	 2.360011E+2	 4.999707E-2	 2.032416E-5
8.730000E+2	 2.363000E+2	 4.999717E-2	 2.032235E-5
8.740000E+2	 2.365016E+2	 4.999727E-2	 2.032581E-5
8.750000E+2	 2.368014E+2	 4.999737E-2	 2.031865E-5
8.760000E+2	 2.371012E+2	 4.999752E-2	 2.031572E-5
8.770000E+2	 2.373010E+2	 4.999727E-2	 2.031564E-5
8.780000E+2	 2.375017E+2	 4.999810E-2	 2.032070E-5
8.790000E+2	 2.378015E+2	 4.999765E-2	 2.031886E-5
8.800000E+2	 2.380012E+2	 4.999763E-2	 2.031800E-5
8.810000E+2	 2.382014E+2	 4.999739E-2	 2.031668E-5
8.820000E+2	 2.385012E+2	 4.999759E-2	 2.031321E-5
8.830000E+2	 2.388015E+2	 4.999776E-2	 2.030968E-5
8.840000E+2	 2.391018E+2	 4.999687E-2	 2.030968E-5
8.850000E+2	 2.394011E+2	 4.999764E-2	 2.030657E-5
8.860000E+2	 2.397014E+2	 4.999704E-2	 2.030473E-5
8.870000E+2	 2.399011E+2	 4.999752E-2	 2.031312E-5
8.880000E+2	 2.400998E+2	 4.999730E-2	 2.030994E-5
8.890000E+2	 2.404001E+2	 4.999705E-2	 2.030938E-5
8.900000E+2	 2.407014E+2	 4.999751E-2	 2.030746E-5
8.910000E+2	 2.409998E+2	 4.999705E-2	 2.030155E-5
8.920000E+2	 2.413015E+2	 4.999752E-2	 2.030090E-5
8.930000E+2	 2.414998E+2	 4.999764E-2	 2.030163E-5
8.940000E+2	 2.417009E+2	 4.999788E-2	 2.030112E-5
8.950000E+2	 2.419002E+2	 4.999764E-2	 2.030095E-5
8.960000E+2	 2.422010E+2	 4.999739E-2	 2.029961E-5
8.970000E+2	 2.424012E+2	 4.999810E-2	 2.030214E-5
8.980000E+2	 2.427015E+2	 4.999787E-2	 2.029929E-5
8.990000E+2	 2.430013E+2	 4.999744E-2	 2.029864E-5
9.000000E+2	 2.432010E+2	 4.999726E-2	 2.029987E-5
9.010000E+2	 2.434002E+2	 4.999727E-2	 2.030539E-5
9.020000E+2	 2.437010E+2	 4.999809E-2	 2.030310E-5
9.030000E+2	 2.440013E+2	 4.999751E-2	 2.030101E-5
9.040000E+2	 2.443016E+2	 4.999776E-2	 2.030197E-5
9.050000E+2	 2.445999E+2	 4.999776E-2	 2.029934E-5
9.060000E+2	 2.448011E+2	 4.999800E-2	 2.029994E-5
9.070000E+2	 2.449998E+2	 4.999799E-2	 1.995804E-5
9.080000E+2	 2.453001E+2	 4.999751E-2	 1.996545E-5
9.090000E+2	 2.456014E+2	 4.999796E-2	 1.996588E-5
9.100000E+2	 2.458997E+2	 4.999762E-2	 1.997113E-5
9.110000E+2	 2.462015E+2	 4.999809E-2	 1.997653E-5
9.120000E+2	 2.465013E+2	 4.999749E-2	 1.997163E-5
9.130000E+2	 2.468011E+2	 4.999774E-2	 1.997496E-5
9.140000E+2	 2.471014E+2	 4.999820E-2	 1.997816E-5
9.150000E+2	 2.473012E+2	 4.999820E-2	 1.997830E-5
9.160000E+2	 2.474999E+2	 4.999741E-2	 1.997866E-5
9.170000E+2	 2.478016E+2	 4.999740E-2	 1.997452E-5
9.180000E+2	 2.481015E+2	 4.999797E-2	 1.997448E-5
9.190000E+2	 2.484012E+2	 4.999751E-2	 1.997476E-5
9.200000E+2	 2.486010E+2	 4.999701E-2	 1.997276E-5
9.210000E+2	 2.488012E+2	 4.999749E-2	 1.996852E-5
9.220000E+2	 2.491015E+2	 4.999703E-2	 1.996831E-5
9.230000E+2	 2.494013E+2	 4.999730E-2	 1.997360E-5
9.240000E+2	 2.497011E+2	 4.999740E-2	 1.997118E-5
9.250000E+2	 2.500014E+2	 4.999764E-2	 1.996749E-5
9.260000E+2	 2.503012E+2	 4.999704E-2	 1.997033E-5
9.270000E+2	 2.506010E+2	 4.999730E-2	 1.997248E-5
9.280000E+2	 2.509013E+2	 4.999752E-2	 1.997593E-5
9.290000E+2	 2.512016E+2	 4.999682E-2	 1.997173E-5
9.300000E+2	 2.515009E+2	 4.999693E-2	 1.997318E-5
9.310000E+2	 2.517016E+2	 4.999727E-2	 1.997318E-5
9.320000E+2	 2.518998E+2	 4.999703E-2	 1.997461E-5
9.330000E+2	 2.522016E+2	 4.999701E-2	 1.996807E-5
9.340000E+2	 2.525000E+2	 4.999715E-2	 1.996966E-5
9.350000E+2	 2.527998E+2	 4.999764E-2	 1.997497E-5
9.360000E+2	 2.531015E+2	 4.999753E-2	 1.997380E-5
9.370000E+2	 2.532998E+2	 4.999740E-2	 1.997425E-5
9.380000E+2	 2.535009E+2	 4.999737E-2	 1.997110E-5
9.390000E+2	 2.538013E+2	 4.999750E-2	 1.996941E-5
9.400000E+2	 2.540009E+2	 4.999762E-2	 1.996749E-5
9.410000E+2	 2.542012E+2	 4.999785E-2	 1.997021E-5
9.420000E+2	 2.545010E+2	 4.999705E-2	 1.996980E-5
9.430000E+2	 2.548013E+2	 4.999727E-2	 1.996507E-5
9.440000E+2	 2.551011E+2	 4.999776E-2	 1.996286E-5
9.450000E+2	 2.552998E+2	 4.999684E-2	 1.996461E-5
9.460000E+2	 2.555010E+2	 4.999722E-2	 1.996363E-5
9.470000E+2	 2.558013E+2	 4.999749E-2	 1.996826E-5
9.480000E+2	 2.560000E+2	 4.999729E-2	 1.996710E-5
9.490000E+2	 2.562012E+2	 4.999714E-2	 1.996668E-5
9.500000E+2	 2.565010E+2	 4.999660E-2	 1.996637E-5
9.510000E+2	 2.568013E+2	 4.999717E-2	 1.996489E-5
9.520000E+2	 2.570015E+2	 4.999669E-2	 1.996530E-5
9.530000E+2	 2.571997E+2	 4.999728E-2	 1.996013E-5
9.540000E+2	 2.575015E+2	 4.999740E-2	 1.996502E-5
9.550000E+2	 2.578013E+2	 4.999727E-2	 1.996317E-5
9.560000E+2	 2.581016E+2	 4.999742E-2	 1.996627E-5
9.570000E+2	 2.584014E+2	 4.999717E-2	 1.996377E-5
9.580000E+2	 2.586998E+2	 4.999714E-2	 1.996443E-5
9.590000E+2	 2.590016E+2	 4.999719E-2	 1.996359E-5
9.600000E+2	 2.593013E+2	 4.999685E-2	 1.996222E-5
9.610000E+2	 2.596012E+2	 4.999670E-2	 1.996390E-5
9.620000E+2	 2.599010E+2	 4.999667E-2	 1.995902E-5
9.630000E+2	 2.602013E+2	 4.999667E-2	 1.996064E-5
9.640000E+2	 2.605011E+2	 4.999682E-2	 2.076420E-5
9.650000E+2	 2.607999E+2	 4.999658E-2	 2.074963E-5
9.660000E+2	 2.611017E+2	 4.999695E-2	 2.074258E-5
9.670000E+2	 2.614010E+2	 4.999716E-2	 2.073223E-5
9.680000E+2	 2.617013E+2	 4.999715E-2	 2.072575E-5
9.690000E+2	 2.619000E+2	 4.999729E-2	 2.072480E-5
9.700000E+2	 2.621012E+2	 4.999658E-2	 2.071894E-5
9.710000E+2	 2.624010E+2	 4.999671E-2	 2.071854E-5
9.720000E+2	 2.627013E+2	 4.999657E-2	 2.070846E-5
9.730000E+2	 2.629010E+2	 4.999693E-2	 2.070847E-5
9.740000E+2	 2.631012E+2	 4.999659E-2	 2.070843E-5
9.750000E+2	 2.633000E+2	 4.999623E-2	 2.070564E-5
9.760000E+2	 2.635011E+2	 4.999682E-2	 2.070145E-5
9.770000E+2	 2.638014E+2	 4.999705E-2	 2.069603E-5
9.780000E+2	 2.641013E+2	 4.999726E-2	 2.069303E-5
9.790000E+2	 2.643015E+2	 4.999708E-2	 2.068638E-5
9.800000E+2	 2.645998E+2	 4.999635E-2	 2.068724E-5
9.810000E+2	 2.648009E+2	 4.999672E-2	 2.068738E-5
9.820000E+2	 2.651013E+2	 4.999693E-2	 2.068405E-5
9.830000E+2	 2.654016E+2	 4.999772E-2	 2.068012E-5
9.840000E+2	 2.656999E+2	 4.999723E-2	 2.068049E-5
9.850000E+2	 2.659001E+2	 4.999727E-2	 2.067898E-5
9.860000E+2	 2.661003E+2	 4.999655E-2	 2.067480E-5
9.870000E+2	 2.664016E+2	 4.999680E-2	 2.067689E-5
9.880000E+2	 2.667014E+2	 4.999683E-2	 2.067057E-5
9.890000E+2	 2.670012E+2	 4.999717E-2	 2.067067E-5
9.900000E+2	 2.673010E+2	 4.999714E-2	 2.066743E-5
9.910000E+2	 2.676013E+2	 4.999622E-2	 2.066127E-5
9.920000E+2	 2.678015E+2	 4.999673E-2	 2.066269E-5
9.930000E+2	 2.679997E+2	 4.999707E-2	 2.065971E-5
9.940000E+2	 2.683010E+2	 4.999650E-2	 2.065529E-5
9.950000E+2	 2.685999E+2	 4.999694E-2	 2.065143E-5
9.960000E+2	 2.689016E+2	 4.999673E-2	 2.065355E-5
9.970000E+2	 2.690999E+2	 4.999623E-2	 2.065255E-5
9.980000E+2	 2.693010E+2	 4.999672E-2	 2.064613E-5
9.990000E+2	 2.696013E+2	 4.999751E-2	 2.064451E-5
1.000000E+3	 2.698011E+2	 4.999693E-2	 2.064915E-5
1.001000E+3	 2.699998E+2	 4.999717E-2	 2.064541E-5
1.002000E+3	 2.703001E+2	 4.999728E-2	 2.064103E-5
1.003000E+3	 2.706013E+2	 4.999693E-2	 2.064230E-5
1.004000E+3	 2.709012E+2	 4.999715E-2	 2.064045E-5
1.005000E+3	 2.710999E+2	 4.999771E-2	 2.064059E-5
1.006000E+3	 2.713015E+2	 4.999682E-2	 2.063424E-5
1.007000E+3	 2.714998E+2	 4.999658E-2	 2.063394E-5
1.008000E+3	 2.717010E+2	 4.999673E-2	 2.063094E-5
1.009000E+3	 2.720013E+2	 4.999666E-2	 2.062564E-5
1.010000E+3	 2.722010E+2	 4.999729E-2	 2.062297E-5
1.011000E+3	 2.724012E+2	 4.999689E-2	 2.061774E-5
1.012000E+3	 2.727010E+2	 4.999692E-2	 2.061973E-5
1.013000E+3	 2.730013E+2	 4.999695E-2	 2.061799E-5
1.014000E+3	 2.732000E+2	 4.999692E-2	 2.061552E-5
1.015000E+3	 2.734012E+2	 4.999682E-2	 2.061660E-5
1.016000E+3	 2.737010E+2	 4.999717E-2	 2.061688E-5
1.017000E+3	 2.740013E+2	 4.999694E-2	 2.060969E-5
1.018000E+3	 2.743016E+2	 4.999752E-2	 2.060595E-5
1.019000E+3	 2.746014E+2	 4.999728E-2	 2.060532E-5
1.020000E+3	 2.748006E+2	 4.999706E-2	 2.060481E-5
1.021000E+3	 2.751010E+2	 4.999796E-2	 2.060421E-5
1.022000E+3	 2.753011E+2	 4.999683E-2	 2.059753E-5
1.023000E+3	 2.756000E+2	 4.999693E-2	 2.059779E-5
1.024000E+3	 2.759012E+2	 4.999741E-2	 2.059716E-5
1.025000E+3	 2.762015E+2	 4.999717E-2	 2.059254E-5
1.026000E+3	 2.765013E+2	 4.999729E-2	 2.059513E-5
1.027000E+3	 2.767016E+2	 4.999741E-2	 2.059246E-5
1.028000E+3	 2.769008E+2	 4.999707E-2	 2.058672E-5
1.029000E+3	 2.772010E+2	 4.999731E-2	 2.058944E-5
1.030000E+3	 2.775014E+2	 4.999740E-2	 2.058425E-5
1.031000E+3	 2.778012E+2	 4.999729E-2	 2.058026E-5
1.032000E+3	 2.781010E+2	 4.999729E-2	 1.977678E-5
1.033000E+3	 2.783998E+2	 4.999786E-2	 1.979264E-5
1.034000E+3	 2.787011E+2	 4.999750E-2	 1.979834E-5
1.035000E+3	 2.789003E+2	 4.999742E-2	 1.979982E-5
1.036000E+3	 2.791015E+2	 4.999764E-2	 1.980628E-5
1.037000E+3	 2.793012E+2	 4.999810E-2	 1.980458E-5
1.038000E+3	 2.795014E+2	 4.999727E-2	 1.980576E-5
1.039000E+3	 2.798012E+2	 4.999751E-2	 1.980550E-5
1.040000E+3	 2.801015E+2	 4.999751E-2	 1.980286E-5
1.041000E+3	 2.804013E+2	 4.999741E-2	 1.981014E-5
1.042000E+3	 2.807016E+2	 4.999730E-2	 1.980995E-5
1.043000E+3	 2.810014E+2	 4.999728E-2	 1.980851E-5
1.044000E+3	 2.813012E+2	 4.999796E-2	 1.981192E-5
1.045000E+3	 2.816015E+2	 4.999818E-2	 1.981167E-5
1.046000E+3	 2.819014E+2	 4.999761E-2	 1.980905E-5
1.047000E+3	 2.821016E+2	 4.999754E-2	 1.981057E-5
1.048000E+3	 2.822998E+2	 4.999750E-2	 1.981269E-5
1.049000E+3	 2.826011E+2	 4.999773E-2	 1.981681E-5
1.050000E+3	 2.828003E+2	 4.999753E-2	 1.981901E-5
1.051000E+3	 2.831011E+2	 4.999796E-2	 1.981512E-5
1.052000E+3	 2.834014E+2	 4.999783E-2	 1.981381E-5
1.053000E+3	 2.836011E+2	 4.999762E-2	 1.981893E-5
1.054000E+3	 2.839014E+2	 4.999761E-2	 1.982139E-5
1.055000E+3	 2.842012E+2	 4.999753E-2	 1.981938E-5
1.056000E+3	 2.845010E+2	 4.999821E-2	 1.982130E-5
1.057000E+3	 2.848013E+2	 4.999771E-2	 1.982247E-5
1.058000E+3	 2.851011E+2	 4.999821E-2	 1.982158E-5
1.059000E+3	 2.854014E+2	 4.999844E-2	 1.982090E-5
1.060000E+3	 2.857012E+2	 4.999808E-2	 1.982700E-5
1.061000E+3	 2.860010E+2	 4.999810E-2	 1.982746E-5
1.062000E+3	 2.863013E+2	 4.999893E-2	 1.982708E-5
1.063000E+3	 2.866011E+2	 4.999869E-2	 1.982218E-5
1.064000E+3	 2.869000E+2	 4.999858E-2	 1.982576E-5
1.065000E+3	 2.871998E+2	 4.999845E-2	 1.982468E-5
1.066000E+3	 2.875001E+2	 4.999823E-2	 1.982228E-5
1.067000E+3	 2.877999E+2	 4.999774E-2	 2.081655E-5
1.068000E+3	 2.881002E+2	 4.999820E-2	 2.073957E-5
1.069000E+3	 2.882999E+2	 4.999787E-2	 2.072627E-5
1.070000E+3	 2.885011E+2	 4.999766E-2	 2.069575E-5
1.071000E+3	 2.888004E+2	 4.999844E-2	 2.065794E-5
1.072000E+3	 2.891012E+2	 4.999835E-2	 2.062413E-5
1.073000E+3	 2.892999E+2	 4.999844E-2	 2.061644E-5
1.074000E+3	 2.895011E+2	 4.999834E-2	 2.059709E-5
1.075000E+3	 2.898014E+2	 4.999845E-2	 2.056410E-5
1.076000E+3	 2.900011E+2	 4.999819E-2	 2.055717E-5
1.077000E+3	 2.902013E+2	 4.999819E-2	 2.053505E-5
1.078000E+3	 2.904000E+2	 4.999811E-2	 2.052684E-5
1.079000E+3	 2.905997E+2	 4.999753E-2	 2.050847E-5
1.080000E+3	 2.909015E+2	 4.999817E-2	 2.048196E-5
1.081000E+3	 2.912013E+2	 4.999800E-2	 2.046314E-5
1.082000E+3	 2.915011E+2	 4.999777E-2	 2.043688E-5
1.083000E+3	 2.918000E+2	 4.999719E-2	 2.042063E-5
1.084000E+3	 2.920998E+2	 4.999775E-2	 2.040428E-5
1.085000E+3	 2.924011E+2	 4.999740E-2	 2.038647E-5
1.086000E+3	 2.926999E+2	 4.999760E-2	 2.036469E-5
1.087000E+3	 2.930016E+2	 4.999831E-2	 2.034217E-5
1.088000E+3	 2.931999E+2	 4.999740E-2	 2.033237E-5
1.089000E+3	 2.934016E+2	 4.999822E-2	 2.032156E-5
1.090000E+3	 2.937014E+2	 4.999731E-2	 2.030707E-5
1.091000E+3	 2.940012E+2	 4.999773E-2	 2.028718E-5
1.092000E+3	 2.941999E+2	 4.999777E-2	 2.027782E-5
1.093000E+3	 2.944011E+2	 4.999800E-2	 2.026022E-5
1.094000E+3	 2.947014E+2	 4.999796E-2	 2.024485E-5
1.095000E+3	 2.950017E+2	 4.999832E-2	 2.023100E-5
1.096000E+3	 2.953010E+2	 4.999788E-2	 2.021679E-5
1.097000E+3	 2.956013E+2	 4.999856E-2	 2.020500E-5
1.098000E+3	 2.959016E+2	 4.999800E-2	 2.018795E-5
1.099000E+3	 2.962014E+2	 4.999774E-2	 2.017149E-5
1.100000E+3	 2.965012E+2	 4.999776E-2	 2.015409E-5
1.101000E+3	 2.968010E+2	 4.999810E-2	 2.013729E-5
1.102000E+3	 2.970999E+2	 4.999799E-2	 2.012053E-5
1.103000E+3	 2.974001E+2	 4.999809E-2	 2.010024E-5
1.104000E+3	 2.975999E+2	 4.999796E-2	 2.009727E-5
1.105000E+3	 2.978005E+2	 4.999789E-2	 2.009027E-5
1.106000E+3	 2.981013E+2	 4.999823E-2	 2.006708E-5
1.107000E+3	 2.983011E+2	 4.999811E-2	 2.006530E-5
1.108000E+3	 2.985002E+2	 4.999843E-2	 2.005343E-5
1.109000E+3	 2.988015E+2	 4.999809E-2	 2.003996E-5
1.110000E+3	 2.991013E+2	 4.999786E-2	 2.002792E-5
1.111000E+3	 2.994012E+2	 4.999823E-2	 2.001288E-5
1.112000E+3	 2.996013E+2	 4.999951E-2	 2.000493E-5
1.113000E+3	 2.998015E+2	 4.999797E-2	 1.999549E-5
1.114000E+3	 3.001014E+2	 4.999799E-2	 1.998500E-5
1.115000E+3	 3.004012E+2	 4.999774E-2	 1.996523E-5
1.116000E+3	 3.007015E+2	 4.999772E-2	 1.995664E-5
1.117000E+3	 3.010013E+2	 4.999718E-2	 1.993876E-5
1.118000E+3	 3.013011E+2	 4.999719E-2	 1.991741E-5
1.119000E+3	 3.015003E+2	 4.999742E-2	 1.991220E-5
1.120000E+3	 3.018011E+2	 4.999729E-2	 1.990087E-5
1.121000E+3	 3.020013E+2	 4.999764E-2	 1.989509E-5
1.122000E+3	 3.023011E+2	 4.999832E-2	 1.892244E-5
1.123000E+3	 3.025999E+2	 4.999824E-2	 1.894511E-5
1.124000E+3	 3.028997E+2	 4.999764E-2	 1.896222E-5
1.125000E+3	 3.032015E+2	 4.999809E-2	 1.897186E-5
1.126000E+3	 3.034998E+2	 4.999812E-2	 1.897959E-5
1.127000E+3	 3.038011E+2	 4.999775E-2	 1.898983E-5
1.128000E+3	 3.040004E+2	 4.999778E-2	 1.899017E-5
1.129000E+3	 3.042010E+2	 4.999790E-2	 1.899558E-5
1.130000E+3	 3.045009E+2	 4.999835E-2	 1.899770E-5
1.131000E+3	 3.048016E+2	 4.999753E-2	 1.900731E-5
1.132000E+3	 3.051019E+2	 4.999800E-2	 1.901071E-5
1.133000E+3	 3.053998E+2	 4.999778E-2	 1.901459E-5
1.134000E+3	 3.057016E+2	 4.999764E-2	 1.901777E-5
1.135000E+3	 3.059999E+2	 4.999834E-2	 1.902106E-5
1.136000E+3	 3.063012E+2	 4.999755E-2	 1.902779E-5
1.137000E+3	 3.066010E+2	 4.999787E-2	 1.903740E-5
1.138000E+3	 3.069013E+2	 4.999821E-2	 1.904200E-5
1.139000E+3	 3.072011E+2	 4.999796E-2	 1.904287E-5
1.140000E+3	 3.075014E+2	 4.999764E-2	 1.904596E-5
1.141000E+3	 3.078012E+2	 4.999807E-2	 1.904979E-5
1.142000E+3	 3.081010E+2	 4.999822E-2	 1.905001E-5
1.143000E+3	 3.083998E+2	 4.999800E-2	 1.905298E-5
1.144000E+3	 3.086010E+2	 4.999939E-2	 1.905702E-5
1.145000E+3	 3.087997E+2	 4.999774E-2	 1.906022E-5
1.146000E+3	 3.091015E+2	 4.999774E-2	 1.905463E-5
1.147000E+3	 3.094013E+2	 4.999810E-2	 1.905883E-5
1.148000E+3	 3.097011E+2	 4.999834E-2	 1.906023E-5
1.149000E+3	 3.100015E+2	 4.999777E-2	 1.906624E-5
1.150000E+3	 3.102011E+2	 4.999822E-2	 1.906542E-5
1.151000E+3	 3.104014E+2	 4.999812E-2	 1.906896E-5
1.152000E+3	 3.107012E+2	 4.999798E-2	 1.907070E-5
1.153000E+3	 3.110015E+2	 4.999751E-2	 1.907264E-5
1.154000E+3	 3.113003E+2	 4.999797E-2	 1.907370E-5
1.155000E+3	 3.116001E+2	 4.999802E-2	 1.907725E-5
1.156000E+3	 3.119009E+2	 4.999750E-2	 1.908140E-5
1.157000E+3	 3.122017E+2	 4.999811E-2	 1.908693E-5
1.158000E+3	 3.124009E+2	 4.999811E-2	 1.908500E-5
1.159000E+3	 3.126011E+2	 4.999751E-2	 1.908221E-5
1.160000E+3	 3.129014E+2	 4.999752E-2	 1.908655E-5
1.161000E+3	 3.132012E+2	 4.999765E-2	 1.909031E-5
1.162000E+3	 3.135010E+2	 4.999741E-2	 1.909307E-5
1.163000E+3	 3.138013E+2	 4.999715E-2	 1.909870E-5
1.164000E+3	 3.141016E+2	 4.999762E-2	 1.909347E-5
1.165000E+3	 3.144014E+2	 4.999776E-2	 1.909769E-5
1.166000E+3	 3.146998E+2	 4.999737E-2	 1.909225E-5
1.167000E+3	 3.149014E+2	 4.999766E-2	 1.909192E-5
1.168000E+3	 3.151017E+2	 4.999731E-2	 1.907938E-5
1.169000E+3	 3.152999E+2	 4.999763E-2	 1.909317E-5
1.170000E+3	 3.155011E+2	 4.999822E-2	 1.909603E-5
1.171000E+3	 3.158009E+2	 4.999787E-2	 1.909712E-5
1.172000E+3	 3.161017E+2	 4.999742E-2	 1.909570E-5
1.173000E+3	 3.164009E+2	 4.999797E-2	 1.909639E-5
1.174000E+3	 3.167013E+2	 4.999822E-2	 1.909734E-5
1.175000E+3	 3.170011E+2	 4.999765E-2	 1.910164E-5
1.176000E+3	 3.173009E+2	 4.999752E-2	 1.910458E-5
1.177000E+3	 3.176012E+2	 4.999760E-2	 1.910706E-5
1.178000E+3	 3.177999E+2	 4.999789E-2	 1.910787E-5
1.179000E+3	 3.180011E+2	 4.999775E-2	 1.910912E-5
1.180000E+3	 3.182013E+2	 4.999797E-2	 1.911052E-5
1.181000E+3	 3.184010E+2	 4.999735E-2	 1.910926E-5
1.182000E+3	 3.186998E+2	 4.999707E-2	 1.910891E-5
1.183000E+3	 3.190016E+2	 4.999696E-2	 1.911227E-5
1.184000E+3	 3.193014E+2	 4.999753E-2	 1.911038E-5
1.185000E+3	 3.195011E+2	 4.999787E-2	 1.910788E-5
1.186000E+3	 3.196999E+2	 4.999753E-2	 1.911587E-5
1.187000E+3	 3.200016E+2	 4.999731E-2	 1.911357E-5
1.188000E+3	 3.203015E+2	 4.999717E-2	 1.911055E-5
1.189000E+3	 3.205998E+2	 4.999718E-2	 1.911244E-5
1.190000E+3	 3.209016E+2	 4.999707E-2	 1.911207E-5
1.191000E+3	 3.211999E+2	 4.999669E-2	 1.911603E-5
1.192000E+3	 3.215012E+2	 4.999669E-2	 1.911472E-5
1.193000E+3	 3.218015E+2	 4.999706E-2	 1.911906E-5
1.194000E+3	 3.221013E+2	 4.999753E-2	 1.911523E-5
1.195000E+3	 3.224011E+2	 4.999729E-2	 1.911947E-5
1.196000E+3	 3.227014E+2	 4.999673E-2	 1.911601E-5
1.197000E+3	 3.230012E+2	 4.999740E-2	 1.911883E-5
1.198000E+3	 3.233000E+2	 4.999762E-2	 1.911812E-5
1.199000E+3	 3.235998E+2	 4.999788E-2	 1.911713E-5
1.200000E+3	 3.238015E+2	 4.999764E-2	 1.911420E-5
1.201000E+3	 3.240012E+2	 4.999752E-2	 1.911420E-5
1.202000E+3	 3.243015E+2	 4.999702E-2	 1.911787E-5
1.203000E+3	 3.244997E+2	 4.999739E-2	 1.911784E-5
1.204000E+3	 3.247014E+2	 4.999738E-2	 1.912036E-5
1.205000E+3	 3.250012E+2	 4.999693E-2	 1.912033E-5
1.206000E+3	 3.253010E+2	 4.999788E-2	 1.912112E-5
1.207000E+3	 3.256013E+2	 4.999717E-2	 1.911867E-5
1.208000E+3	 3.259016E+2	 4.999729E-2	 1.911766E-5
1.209000E+3	 3.260999E+2	 4.999712E-2	 1.911823E-5
1.210000E+3	 3.263011E+2	 4.999773E-2	 1.911971E-5
1.211000E+3	 3.265999E+2	 4.999813E-2	 1.912021E-5
1.212000E+3	 3.269016E+2	 4.999777E-2	 1.911918E-5
1.213000E+3	 3.271014E+2	 4.999891E-2	 1.912150E-5
1.214000E+3	 3.273016E+2	 4.999765E-2	 1.911928E-5
1.215000E+3	 3.276014E+2	 4.999834E-2	 1.912364E-5
1.216000E+3	 3.279012E+2	 4.999788E-2	 1.912083E-5
1.217000E+3	 3.280999E+2	 4.999835E-2	 1.912074E-5
1.218000E+3	 3.283011E+2	 4.999823E-2	 1.912414E-5
1.219000E+3	 3.286014E+2	 4.999753E-2	 1.911979E-5
1.220000E+3	 3.289012E+2	 4.999788E-2	 1.911572E-5
1.221000E+3	 3.292015E+2	 4.999799E-2	 1.911886E-5
1.222000E+3	 3.295013E+2	 4.999727E-2	 1.912192E-5
1.223000E+3	 3.298011E+2	 4.999800E-2	 1.911950E-5
1.224000E+3	 3.299998E+2	 4.999787E-2	 1.912205E-5
1.225000E+3	 3.302010E+2	 4.999796E-2	 1.912224E-5
1.226000E+3	 3.305013E+2	 4.999719E-2	 1.912378E-5
