-2.500000E+1	 -2.305873E-9	 9.999746E-3	 8.603940E-6
-2.480000E+1	 -2.105544E-9	 9.999726E-3	 8.581780E-6
-2.460000E+1	 -1.952729E-9	 9.999734E-3	 8.559750E-6
-2.440000E+1	 -1.868452E-9	 9.999773E-3	 8.537901E-6
-2.420000E+1	 -1.792952E-9	 9.999799E-3	 8.516889E-6
-2.400000E+1	 -1.722898E-9	 9.999543E-3	 8.495678E-6
-2.380000E+1	 -1.641785E-9	 9.999816E-3	 8.473630E-6
-2.360000E+1	 -1.566624E-9	 9.999854E-3	 8.452721E-6
-2.340000E+1	 -1.523114E-9	 9.999979E-3	 8.430932E-6
-2.320000E+1	 -1.484667E-9	 9.999729E-3	 8.406702E-6
-2.300000E+1	 -1.428327E-9	 9.999856E-3	 8.384261E-6
-2.280000E+1	 -1.387518E-9	 9.999753E-3	 8.363735E-6
-2.260000E+1	 -1.342531E-9	 9.999966E-3	 8.341694E-6
-2.240000E+1	 -1.305858E-9	 9.999722E-3	 8.318842E-6
-2.220000E+1	 -1.259942E-9	 9.999848E-3	 8.294996E-6
-2.200000E+1	 -1.229852E-9	 9.999881E-3	 8.271260E-6
-2.180000E+1	 -1.191828E-9	 9.999843E-3	 8.246321E-6
-2.160000E+1	 -1.153973E-9	 9.999932E-3	 8.222533E-6
-2.140000E+1	 -1.130002E-9	 9.999930E-3	 8.197670E-6
-2.120000E+1	 -1.097886E-9	 9.999689E-3	 8.173777E-6
-2.100000E+1	 -1.069906E-9	 9.999786E-3	 8.147604E-6
-2.080000E+1	 -1.032177E-9	 9.999843E-3	 8.123648E-6
-2.060000E+1	 -1.007025E-9	 9.999678E-3	 8.099111E-6
-2.040000E+1	 -9.841938E-10	 9.999748E-3	 8.072478E-6
-2.020000E+1	 -9.576067E-10	 9.999712E-3	 8.046621E-6
-2.000000E+1	 -9.209746E-10	 9.999788E-3	 8.019746E-6
-1.980000E+1	 -9.030817E-10	 9.999814E-3	 7.991480E-6
-1.960000E+1	 -8.950635E-10	 9.999828E-3	 7.964801E-6
-1.940000E+1	 -8.574188E-10	 9.999736E-3	 7.936518E-6
-1.920000E+1	 -8.488521E-10	 9.999725E-3	 7.907450E-6
-1.900000E+1	 -8.343766E-10	 9.999887E-3	 7.880039E-6
-1.880000E+1	 -7.981671E-10	 9.999875E-3	 7.852113E-6
-1.860000E+1	 -7.504369E-10	 9.999812E-3	 7.822391E-6
-1.840000E+1	 -7.456261E-10	 9.999895E-3	 7.793510E-6
-1.820000E+1	 -7.425871E-10	 9.999856E-3	 7.762749E-6
-1.800000E+1	 -7.297579E-10	 9.999787E-3	 7.735254E-6
-1.780000E+1	 -7.225414E-10	 9.999944E-3	 7.704017E-6
-1.760000E+1	 -6.905522E-10	 9.999848E-3	 7.673707E-6
-1.740000E+1	 -6.650200E-10	 1.000009E-2	 7.643509E-6
-1.720000E+1	 -6.517686E-10	 9.999845E-3	 7.613946E-6
-1.700000E+1	 -6.110858E-10	 9.999941E-3	 7.582854E-6
-1.680000E+1	 -6.215096E-10	 9.999789E-3	 7.550387E-6
-1.660000E+1	 -6.170785E-10	 9.999932E-3	 7.518534E-6
-1.640000E+1	 -5.841607E-10	 9.999728E-3	 7.486560E-6
-1.620000E+1	 -5.745387E-10	 9.999895E-3	 7.453567E-6
-1.600000E+1	 -5.588819E-10	 9.999921E-3	 7.422298E-6
-1.580000E+1	 -6.454803E-10	 9.999895E-3	 7.386893E-6
-1.560000E+1	 -5.263440E-10	 9.999824E-3	 7.356148E-6
-1.540000E+1	 -5.003897E-10	 9.999881E-3	 7.322848E-6
-1.520000E+1	 -4.952412E-10	 9.999681E-3	 7.288335E-6
-1.500000E+1	 -4.850703E-10	 9.999775E-3	 7.254769E-6
-1.480000E+1	 -4.612263E-10	 9.999861E-3	 7.219327E-6
-1.460000E+1	 -4.389859E-10	 1.000004E-2	 7.184474E-6
-1.440000E+1	 -4.472576E-10	 9.999717E-3	 7.149532E-6
-1.420000E+1	 -4.053509E-10	 9.999810E-3	 7.113761E-6
-1.400000E+1	 -4.092334E-10	 9.999843E-3	 7.076570E-6
-1.380000E+1	 -3.987674E-10	 9.999819E-3	 7.040165E-6
-1.360000E+1	 -3.706609E-10	 9.999942E-3	 7.002712E-6
-1.340000E+1	 -3.616718E-10	 9.999741E-3	 6.966291E-6
-1.320000E+1	 -3.517966E-10	 9.999832E-3	 6.928214E-6
-1.300000E+1	 -3.364772E-10	 9.999856E-3	 6.889179E-6
-1.280000E+1	 -3.249561E-10	 9.999812E-3	 6.852033E-6
-1.260000E+1	 -3.041504E-10	 9.999873E-3	 6.811968E-6
-1.240000E+1	 -3.071890E-10	 9.999829E-3	 6.774945E-6
-1.220000E+1	 -2.882825E-10	 9.999810E-3	 6.733796E-6
-1.200000E+1	 -2.535502E-10	 9.999830E-3	 6.692651E-6
-1.180000E+1	 -2.625815E-10	 9.999811E-3	 6.652191E-6
-1.160000E+1	 -2.450254E-10	 9.999867E-3	 6.612257E-6
-1.140000E+1	 -2.329556E-10	 9.999836E-3	 6.570835E-6
-1.120000E+1	 -2.237978E-10	 9.999755E-3	 6.527872E-6
-1.100000E+1	 -2.059885E-10	 9.999849E-3	 6.486036E-6
-1.080000E+1	 -1.946784E-10	 9.999728E-3	 6.443922E-6
-1.060000E+1	 -1.915554E-10	 9.999813E-3	 6.400476E-6
-1.040000E+1	 -1.679237E-10	 9.999788E-3	 6.354887E-6
-1.020000E+1	 -1.520144E-10	 9.999775E-3	 6.311705E-6
-1.000000E+1	 -1.415068E-10	 9.999933E-3	 6.266522E-6
-9.800000E+0	 -1.458955E-10	 9.999628E-3	 6.220161E-6
-9.599999E+0	 -1.346704E-10	 9.999839E-3	 6.172215E-6
-9.400000E+0	 -1.099837E-10	 9.999861E-3	 6.126986E-6
-9.200000E+0	 -9.247091E-11	 9.999894E-3	 6.080371E-6
-9.000000E+0	 -9.183800E-11	 9.999670E-3	 6.030677E-6
-8.800000E+0	 -8.622539E-11	 9.999930E-3	 5.983548E-6
-8.599999E+0	 -6.001948E-11	 9.999909E-3	 5.934324E-6
-8.400000E+0	 -4.946968E-11	 9.999897E-3	 5.884355E-6
-8.200000E+0	 -5.027143E-11	 9.999955E-3	 5.834559E-6
-8.000000E+0	 -2.613328E-11	 9.999773E-3	 5.782433E-6
-7.800000E+0	 -3.305402E-11	 9.999820E-3	 5.730949E-6
-7.600000E+0	 2.414874E-13	 9.999944E-3	 5.677311E-6
-7.400000E+0	 9.651807E-12	 9.999813E-3	 5.624294E-6
-7.200000E+0	 1.918886E-11	 9.999942E-3	 5.571703E-6
-7.000000E+0	 3.982435E-11	 9.999949E-3	 5.518959E-6
-6.800000E+0	 4.028877E-11	 9.999967E-3	 5.462864E-6
-6.600000E+0	 4.868642E-11	 9.999801E-3	 5.405606E-6
-6.400000E+0	 5.986914E-11	 9.999993E-3	 5.349675E-6
-6.200000E+0	 7.037690E-11	 9.999968E-3	 5.292553E-6
-6.000000E+0	 8.253032E-11	 9.999993E-3	 5.234032E-6
-5.800000E+0	 8.886036E-11	 9.999880E-3	 5.176971E-6
-5.600000E+0	 1.018156E-10	 1.000010E-2	 5.117561E-6
-5.400000E+0	 1.211852E-10	 9.999895E-3	 5.057006E-6
-5.200000E+0	 1.716556E-10	 1.000003E-2	 4.995493E-6
-5.000000E+0	 1.529192E-10	 1.000002E-2	 4.933847E-6
-4.800000E+0	 1.514844E-10	 9.999921E-3	 4.869366E-6
-4.600000E+0	 1.725418E-10	 1.000001E-2	 4.807223E-6
-4.400000E+0	 1.687439E-10	 9.999955E-3	 4.742928E-6
-4.200000E+0	 1.853708E-10	 9.999880E-3	 4.676912E-6
-4.000000E+0	 1.920804E-10	 9.999732E-3	 4.612551E-6
-3.800000E+0	 2.052044E-10	 9.999991E-3	 4.545871E-6
-3.600000E+0	 1.163743E-10	 1.000006E-2	 4.476145E-6
-3.400000E+0	 2.256290E-10	 9.999948E-3	 4.411143E-6
-3.200000E+0	 2.547465E-10	 9.999987E-3	 4.340146E-6
-3.000000E+0	 2.384154E-10	 9.999900E-3	 4.271713E-6
-2.800000E+0	 2.615408E-10	 1.000002E-2	 4.199974E-6
-2.600000E+0	 2.682927E-10	 9.999905E-3	 4.129082E-6
-2.400000E+0	 2.821340E-10	 1.000001E-2	 4.058041E-6
-2.200000E+0	 3.010816E-10	 1.000004E-2	 3.984939E-6
-2.000000E+0	 3.125177E-10	 9.999852E-3	 3.912014E-6
-1.800000E+0	 3.145008E-10	 9.999970E-3	 3.838570E-6
-1.600000E+0	 3.373311E-10	 1.000013E-2	 3.763401E-6
-1.400000E+0	 3.320559E-10	 9.999955E-3	 3.689691E-6
-1.200000E+0	 3.507929E-10	 9.999994E-3	 3.614929E-6
-9.999996E-1	 3.630307E-10	 1.000003E-2	 3.541360E-6
-7.999997E-1	 4.080149E-10	 1.000007E-2	 3.467516E-6
-5.999997E-1	 3.785178E-10	 9.999842E-3	 3.393813E-6
-3.999996E-1	 3.868311E-10	 9.999934E-3	 3.322051E-6
-1.999996E-1	 3.867044E-10	 9.999949E-3	 3.249559E-6
3.725290E-7	 4.052301E-10	 1.000005E-2	 3.180559E-6
2.000004E-1	 4.143029E-10	 1.000008E-2	 3.110766E-6
4.000004E-1	 3.159784E-10	 9.999880E-3	 3.042151E-6
6.000004E-1	 4.343478E-10	 1.000002E-2	 2.977247E-6
8.000004E-1	 4.390320E-10	 9.999849E-3	 2.913729E-6
1.000000E+0	 4.613978E-10	 9.999881E-3	 2.851626E-6
1.200000E+0	 4.673057E-10	 9.999880E-3	 2.793068E-6
1.400000E+0	 4.691625E-10	 9.999959E-3	 2.737925E-6
1.600000E+0	 4.833833E-10	 1.000004E-2	 2.685224E-6
1.800000E+0	 4.975205E-10	 1.000000E-2	 2.637013E-6
2.000000E+0	 4.991664E-10	 9.999909E-3	 2.591105E-6
2.200000E+0	 5.117415E-10	 9.999980E-3	 2.549791E-6
2.400000E+0	 5.348675E-10	 1.000001E-2	 2.512340E-6
2.600000E+0	 5.406908E-10	 1.000013E-2	 2.478398E-6
2.800000E+0	 5.391715E-10	 9.999982E-3	 2.450013E-6
3.000000E+0	 5.674453E-10	 9.999968E-3	 2.424093E-6
3.200001E+0	 5.666014E-10	 9.999844E-3	 2.402279E-6
3.400000E+0	 5.820037E-10	 1.000002E-2	 2.386586E-6
3.600000E+0	 6.008252E-10	 1.000006E-2	 2.373772E-6
3.800000E+0	 6.022601E-10	 9.999944E-3	 2.364400E-6
4.000000E+0	 6.174092E-10	 9.999837E-3	 2.359450E-6
4.200000E+0	 6.192239E-10	 9.999968E-3	 2.357735E-6
4.400001E+0	 6.360620E-10	 9.999922E-3	 2.359272E-6
4.600000E+0	 6.513801E-10	 9.999759E-3	 2.364450E-6
4.800001E+0	 6.542921E-10	 9.999792E-3	 2.372989E-6
5.000000E+0	 6.694411E-10	 9.999793E-3	 2.384310E-6
5.200000E+0	 6.906681E-10	 9.999890E-3	 2.398777E-6
5.400001E+0	 6.945087E-10	 9.999763E-3	 2.416059E-6
5.600000E+0	 7.085184E-10	 9.999897E-3	 2.436195E-6
5.800001E+0	 7.096150E-10	 9.999886E-3	 2.457788E-6
6.000000E+0	 7.250181E-10	 1.000005E-2	 2.480380E-6
6.200000E+0	 7.253138E-10	 9.999873E-3	 2.505813E-6
6.400001E+0	 7.378047E-10	 9.999786E-3	 2.531563E-6
6.600000E+0	 7.584401E-10	 9.999968E-3	 2.559009E-6
6.800001E+0	 7.576809E-10	 9.999810E-3	 2.588355E-6
7.000000E+0	 7.769663E-10	 9.999872E-3	 2.618058E-6
7.200000E+0	 7.821562E-10	 9.999788E-3	 2.649834E-6
7.400001E+0	 7.916513E-10	 9.999867E-3	 2.683200E-6
7.600000E+0	 8.069281E-10	 9.999874E-3	 2.717468E-6
7.800001E+0	 8.128775E-10	 9.999754E-3	 2.754064E-6
8.000001E+0	 8.234698E-10	 1.000003E-2	 2.791046E-6
8.200001E+0	 8.384504E-10	 9.999958E-3	 2.831103E-6
8.400001E+0	 8.472704E-10	 9.999780E-3	 2.870530E-6
8.600000E+0	 8.725479E-10	 9.999856E-3	 2.912713E-6
8.800000E+0	 8.779074E-10	 9.999971E-3	 2.955083E-6
9.000001E+0	 8.796378E-10	 9.999901E-3	 2.998695E-6
9.200001E+0	 8.971509E-10	 9.999899E-3	 3.044380E-6
9.400001E+0	 8.993443E-10	 9.999954E-3	 3.088802E-6
9.600000E+0	 9.055906E-10	 9.999773E-3	 3.135002E-6
9.800000E+0	 9.124260E-10	 9.999830E-3	 3.180616E-6
1.000000E+1	 9.352559E-10	 9.999944E-3	 3.227585E-6
1.020000E+1	 9.450465E-10	 9.999861E-3	 3.273367E-6
1.040000E+1	 9.393918E-10	 9.999744E-3	 3.325483E-6
1.060000E+1	 9.699023E-10	 9.999835E-3	 3.370513E-6
1.080000E+1	 9.845876E-10	 1.000007E-2	 3.417500E-6
1.100000E+1	 9.871201E-10	 9.999837E-3	 3.462808E-6
1.120000E+1	 1.005645E-9	 9.999984E-3	 3.508514E-6
1.140000E+1	 1.016997E-9	 9.999932E-3	 3.555567E-6
1.160000E+1	 1.020542E-9	 9.999898E-3	 3.599085E-6
1.180000E+1	 1.031851E-9	 9.999877E-3	 3.645205E-6
1.200000E+1	 1.030543E-9	 9.999976E-3	 3.687557E-6
1.220000E+1	 1.053288E-9	 9.999799E-3	 3.732196E-6
1.240000E+1	 1.057255E-9	 9.999881E-3	 3.775262E-6
1.260000E+1	 1.063416E-9	 9.999875E-3	 3.816535E-6
1.280000E+1	 1.068059E-9	 9.999874E-3	 3.865242E-6
1.300000E+1	 1.076541E-9	 9.999894E-3	 3.904915E-6
1.320000E+1	 1.118191E-9	 9.999759E-3	 3.945513E-6
1.340000E+1	 1.121440E-9	 9.999893E-3	 3.986474E-6
1.360000E+1	 1.123424E-9	 9.999886E-3	 4.027102E-6
1.380000E+1	 1.135409E-9	 9.999918E-3	 4.065668E-6
1.400000E+1	 1.151782E-9	 9.999709E-3	 4.104643E-6
1.420000E+1	 1.171785E-9	 9.999931E-3	 4.143715E-6
1.440000E+1	 1.175667E-9	 9.999755E-3	 4.182549E-6
1.460000E+1	 1.177355E-9	 9.999737E-3	 4.220656E-6
1.480000E+1	 1.191492E-9	 9.999813E-3	 4.258106E-6
1.500000E+1	 1.201324E-9	 9.999982E-3	 4.294985E-6
1.520000E+1	 1.201746E-9	 9.999932E-3	 4.330550E-6
1.540000E+1	 1.219766E-9	 9.999755E-3	 4.366877E-6
1.560000E+1	 1.228205E-9	 9.999837E-3	 4.401887E-6
1.580000E+1	 1.242469E-9	 9.999735E-3	 4.437167E-6
1.600000E+1	 1.249010E-9	 9.999992E-3	 4.472745E-6
1.620000E+1	 1.261206E-9	 9.999745E-3	 4.506976E-6
1.640000E+1	 1.270363E-9	 9.999872E-3	 4.540110E-6
1.660000E+1	 1.275428E-9	 9.999698E-3	 4.573386E-6
1.680000E+1	 1.291842E-9	 9.999920E-3	 4.606754E-6
1.700000E+1	 1.301084E-9	 9.999764E-3	 4.640477E-6
1.720000E+1	 1.309313E-9	 9.999875E-3	 4.671386E-6
1.740000E+1	 1.321679E-9	 9.999737E-3	 4.703613E-6
1.760000E+1	 1.335772E-9	 9.999909E-3	 4.735299E-6
1.780000E+1	 1.334591E-9	 9.999943E-3	 4.766125E-6
1.800000E+1	 1.360881E-9	 9.999832E-3	 4.797733E-6
1.820000E+1	 1.362696E-9	 9.999921E-3	 4.826884E-6
1.840000E+1	 1.370967E-9	 9.999990E-3	 4.857767E-6
1.860000E+1	 1.391519E-9	 9.999881E-3	 4.885937E-6
1.880000E+1	 1.385062E-9	 9.999886E-3	 4.915938E-6
1.900000E+1	 1.399155E-9	 9.999898E-3	 4.945078E-6
1.920000E+1	 1.402320E-9	 9.999731E-3	 4.973504E-6
1.940000E+1	 1.422871E-9	 9.999811E-3	 5.000396E-6
1.960000E+1	 1.434856E-9	 9.999910E-3	 5.029727E-6
1.980000E+1	 1.454142E-9	 9.999785E-3	 5.056651E-6
2.000000E+1	 1.446715E-9	 9.999812E-3	 5.084421E-6
2.020000E+1	 1.474735E-9	 1.000000E-2	 5.110369E-6
2.040000E+1	 1.471360E-9	 9.999883E-3	 5.137240E-6
2.060000E+1	 1.489927E-9	 9.999877E-3	 5.164157E-6
2.080000E+1	 1.505878E-9	 9.999828E-3	 5.191176E-6
2.100000E+1	 1.512165E-9	 9.999713E-3	 5.217506E-6
2.120000E+1	 1.520564E-9	 9.999776E-3	 5.241935E-6
2.140000E+1	 1.540778E-9	 9.999775E-3	 5.267518E-6
2.160000E+1	 1.537486E-9	 9.999747E-3	 5.292219E-6
2.180000E+1	 1.545674E-9	 9.999944E-3	 5.317086E-6
2.200000E+1	 1.543352E-9	 9.999881E-3	 5.341532E-6
2.220000E+1	 1.566055E-9	 9.999979E-3	 5.364216E-6
2.240000E+1	 1.583146E-9	 9.999830E-3	 5.389181E-6
2.260000E+1	 1.581670E-9	 9.999906E-3	 5.412033E-6
2.280000E+1	 1.606314E-9	 9.999860E-3	 5.435830E-6
2.300000E+1	 1.621210E-9	 9.999904E-3	 5.457793E-6
2.320000E+1	 1.611504E-9	 9.999949E-3	 5.480537E-6
2.340000E+1	 1.636698E-9	 9.999999E-3	 5.502190E-6
2.360000E+1	 1.636149E-9	 9.999872E-3	 5.525373E-6
2.380000E+1	 1.661342E-9	 9.999932E-3	 5.547316E-6
2.400000E+1	 1.663326E-9	 9.999902E-3	 5.568580E-6
2.420000E+1	 1.678812E-9	 9.999856E-3	 5.589209E-6
2.440000E+1	 1.667503E-9	 9.999889E-3	 5.614689E-6
2.460000E+1	 1.686577E-9	 9.999881E-3	 5.635277E-6
2.480000E+1	 1.719872E-9	 1.000001E-2	 5.654979E-6
2.500000E+1	 1.728735E-9	 9.999845E-3	 5.676306E-6
2.480000E+1	 1.420931E-9	 9.999943E-3	 5.639151E-6
2.460000E+1	 1.337376E-9	 9.999849E-3	 5.605052E-6
2.440000E+1	 1.269478E-9	 9.999797E-3	 5.571123E-6
2.420000E+1	 1.218837E-9	 9.999937E-3	 5.537852E-6
2.400000E+1	 1.181365E-9	 9.999860E-3	 5.505442E-6
2.380000E+1	 1.123888E-9	 9.999886E-3	 5.472995E-6
2.360000E+1	 1.088736E-9	 9.999804E-3	 5.442041E-6
2.340000E+1	 1.055356E-9	 1.000002E-2	 5.410113E-6
2.320000E+1	 1.015942E-9	 9.999895E-3	 5.378447E-6
2.300000E+1	 9.961082E-10	 9.999957E-3	 5.346586E-6
2.280000E+1	 9.494353E-10	 9.999868E-3	 5.314271E-6
2.260000E+1	 9.449630E-10	 9.999842E-3	 5.282461E-6
2.240000E+1	 9.103586E-10	 9.999753E-3	 5.249057E-6
2.220000E+1	 8.793425E-10	 9.999703E-3	 5.216928E-6
2.200000E+1	 8.674002E-10	 9.999837E-3	 5.182409E-6
2.180000E+1	 8.438099E-10	 1.000004E-2	 5.151320E-6
2.160000E+1	 8.057041E-10	 1.000000E-2	 5.115426E-6
2.140000E+1	 7.765437E-10	 9.999992E-3	 5.083711E-6
2.120000E+1	 7.789920E-10	 9.999949E-3	 5.049272E-6
2.100000E+1	 7.529124E-10	 1.000002E-2	 5.015188E-6
2.080000E+1	 7.337948E-10	 9.999980E-3	 4.981584E-6
2.060000E+1	 7.228664E-10	 9.999934E-3	 4.943046E-6
2.040000E+1	 7.027368E-10	 9.999942E-3	 4.909910E-6
2.020000E+1	 6.705393E-10	 9.999946E-3	 4.873647E-6
2.000000E+1	 6.488906E-10	 9.999908E-3	 4.838719E-6
1.980000E+1	 6.381717E-10	 9.999807E-3	 4.802693E-6
1.960000E+1	 6.229374E-10	 1.000002E-2	 4.765764E-6
1.940000E+1	 6.027242E-10	 9.999977E-3	 4.729360E-6
1.920000E+1	 6.033572E-10	 1.000005E-2	 4.691062E-6
1.900000E+1	 5.771507E-10	 9.999773E-3	 4.654647E-6
1.880000E+1	 5.592163E-10	 9.999907E-3	 4.615951E-6
1.860000E+1	 5.504810E-10	 1.000004E-2	 4.577039E-6
1.840000E+1	 5.456704E-10	 9.999933E-3	 4.538738E-6
1.820000E+1	 5.102644E-10	 9.999820E-3	 4.500442E-6
1.800000E+1	 5.075220E-10	 1.000015E-2	 4.455591E-6
1.780000E+1	 4.921192E-10	 9.999801E-3	 4.417053E-6
1.760000E+1	 4.638456E-10	 9.999826E-3	 4.376679E-6
1.740000E+1	 4.494558E-10	 9.999801E-3	 4.335659E-6
1.720000E+1	 4.365427E-10	 9.999825E-3	 4.294504E-6
1.700000E+1	 4.223216E-10	 9.999946E-3	 4.252396E-6
1.680000E+1	 4.013059E-10	 9.999933E-3	 4.209544E-6
1.660000E+1	 3.966211E-10	 9.999722E-3	 4.165181E-6
1.640000E+1	 3.911778E-10	 9.999831E-3	 4.122292E-6
1.620000E+1	 3.606677E-10	 9.999991E-3	 4.078756E-6
1.600000E+1	 3.584732E-10	 9.999938E-3	 4.034234E-6
1.580000E+1	 3.467843E-10	 9.999799E-3	 3.989882E-6
1.560000E+1	 3.306637E-10	 9.999812E-3	 3.944886E-6
1.540000E+1	 3.281743E-10	 9.999954E-3	 3.899097E-6
1.520000E+1	 3.017148E-10	 9.999814E-3	 3.853651E-6
1.500000E+1	 3.013775E-10	 9.999872E-3	 3.806920E-6
1.480000E+1	 2.874939E-10	 9.999837E-3	 3.760508E-6
1.460000E+1	 2.701919E-10	 9.999755E-3	 3.713368E-6
1.440000E+1	 2.568147E-10	 1.000000E-2	 3.667066E-6
1.420000E+1	 2.336471E-10	 9.999855E-3	 3.618314E-6
1.400000E+1	 2.387109E-10	 9.999763E-3	 3.569088E-6
1.380000E+1	 2.242789E-10	 9.999907E-3	 3.522603E-6
1.360000E+1	 2.055000E-10	 9.999763E-3	 3.474358E-6
1.340000E+1	 1.942748E-10	 9.999860E-3	 3.426971E-6
1.320000E+1	 1.716557E-10	 9.999822E-3	 3.378945E-6
1.300000E+1	 1.723733E-10	 9.999921E-3	 3.329737E-6
1.280000E+1	 1.606418E-10	 9.999904E-3	 3.281806E-6
1.260000E+1	 1.470537E-10	 9.999908E-3	 3.233770E-6
1.240000E+1	 1.540587E-10	 9.999659E-3	 3.187114E-6
1.220000E+1	 1.242237E-10	 9.999898E-3	 3.139260E-6
1.200000E+1	 1.108041E-10	 9.999860E-3	 3.091780E-6
1.180000E+1	 1.175560E-10	 9.999728E-3	 3.045357E-6
1.160000E+1	 8.818518E-11	 9.999801E-3	 3.000185E-6
1.140000E+1	 8.679274E-11	 9.999908E-3	 2.956282E-6
1.120000E+1	 7.050363E-11	 1.000003E-2	 2.911376E-6
1.100000E+1	 6.383619E-11	 9.999855E-3	 2.868075E-6
1.080000E+1	 5.632469E-11	 9.999902E-3	 2.829256E-6
1.060000E+1	 3.779907E-11	 1.000008E-2	 2.788316E-6
1.040000E+1	 1.931572E-11	 9.999936E-3	 2.749386E-6
1.020000E+1	 1.868274E-11	 9.999976E-3	 2.713219E-6
1.000000E+1	 -3.261030E-12	 9.999885E-3	 2.677210E-6
9.800000E+0	 -1.235512E-12	 9.999920E-3	 2.644913E-6
9.600000E+0	 -2.735709E-11	 9.999971E-3	 2.614029E-6
9.400001E+0	 -4.010124E-11	 9.999929E-3	 2.584413E-6
9.200001E+0	 -5.883782E-11	 9.999958E-3	 2.557334E-6
9.000001E+0	 -5.432256E-11	 9.999889E-3	 2.532410E-6
8.800000E+0	 -6.364870E-11	 9.999789E-3	 2.510072E-6
8.600000E+0	 -8.069723E-11	 9.999756E-3	 2.490183E-6
8.400001E+0	 -9.137373E-11	 9.999934E-3	 2.472384E-6
8.200001E+0	 -9.964479E-11	 9.999989E-3	 2.455993E-6
8.000001E+0	 -1.147945E-10	 9.999973E-3	 2.442424E-6
7.800001E+0	 -1.187190E-10	 9.999700E-3	 2.430058E-6
7.600000E+0	 -1.309569E-10	 9.999854E-3	 2.420321E-6
7.400001E+0	 -1.522676E-10	 1.000003E-2	 2.412702E-6
7.200000E+0	 -1.605387E-10	 9.999921E-3	 2.406373E-6
7.000000E+0	 -1.682191E-10	 1.000005E-2	 2.402634E-6
6.800001E+0	 -1.823137E-10	 9.999980E-3	 2.399795E-6
6.600000E+0	 -1.815119E-10	 9.999826E-3	 2.398087E-6
6.400001E+0	 -2.090271E-10	 9.999944E-3	 2.399242E-6
6.200000E+0	 -2.213079E-10	 9.999918E-3	 2.400956E-6
6.000000E+0	 -2.270474E-10	 1.000007E-2	 2.404747E-6
5.800001E+0	 -2.298749E-10	 9.999825E-3	 2.410193E-6
5.600000E+0	 -2.536768E-10	 1.000006E-2	 2.417195E-6
5.400001E+0	 -2.675191E-10	 9.999944E-3	 2.425159E-6
5.200000E+0	 -2.614421E-10	 9.999900E-3	 2.433314E-6
5.000000E+0	 -2.758329E-10	 9.999936E-3	 2.443415E-6
4.800001E+0	 -2.809816E-10	 9.999851E-3	 2.455779E-6
4.600000E+0	 -3.012386E-10	 9.999836E-3	 2.467096E-6
4.400001E+0	 -3.152074E-10	 9.999882E-3	 2.480211E-6
4.200000E+0	 -3.259268E-10	 9.999907E-3	 2.493905E-6
4.000000E+0	 -3.428498E-10	 9.999921E-3	 2.509040E-6
3.800000E+0	 -3.479563E-10	 9.999873E-3	 2.525226E-6
3.600000E+0	 -3.577471E-10	 9.999753E-3	 2.541386E-6
3.400000E+0	 -3.624736E-10	 9.999818E-3	 2.559268E-6
3.200001E+0	 -3.849674E-10	 9.999785E-3	 2.576562E-6
3.000000E+0	 -3.842922E-10	 9.999882E-3	 2.594395E-6
2.800000E+0	 -3.979234E-10	 1.000003E-2	 2.613642E-6
2.600000E+0	 -4.058575E-10	 9.999987E-3	 2.633385E-6
2.400000E+0	 -4.200373E-10	 9.999719E-3	 2.652723E-6
2.200000E+0	 -4.287310E-10	 9.999923E-3	 2.672888E-6
2.000000E+0	 -4.491145E-10	 9.999919E-3	 2.693343E-6
1.800000E+0	 -4.551494E-10	 9.999920E-3	 2.713406E-6
1.600000E+0	 -4.640119E-10	 9.999857E-3	 2.735057E-6
1.400000E+0	 -4.899239E-10	 9.999921E-3	 2.757273E-6
1.200000E+0	 -4.885734E-10	 9.999856E-3	 2.779607E-6
1.000000E+0	 -5.087459E-10	 9.999847E-3	 2.804600E-6
8.000004E-1	 -5.347425E-10	 9.999847E-3	 2.835788E-6
6.000004E-1	 -5.487535E-10	 9.999868E-3	 2.885894E-6
4.000004E-1	 -5.893520E-10	 9.999718E-3	 3.027122E-6
2.000004E-1	 -5.796454E-10	 9.999692E-3	 3.642627E-6
3.725290E-7	 -5.608657E-10	 9.999769E-3	 3.715533E-6
-1.999996E-1	 -5.492176E-10	 9.999644E-3	 3.734015E-6
-3.999996E-1	 -6.328620E-10	 9.999956E-3	 3.750208E-6
-5.999997E-1	 -5.359239E-10	 9.999767E-3	 3.768419E-6
-7.999997E-1	 -5.728931E-10	 9.999656E-3	 3.804417E-6
-9.999996E-1	 -7.029174E-10	 9.999820E-3	 3.931685E-6
-1.200000E+0	 -1.004789E-9	 9.999980E-3	 4.106613E-6
-1.400000E+0	 -6.480550E-10	 1.000002E-2	 4.163863E-6
-1.600000E+0	 -6.414714E-10	 9.999788E-3	 4.222374E-6
-1.800000E+0	 -6.408381E-10	 9.999542E-3	 4.282313E-6
-2.000000E+0	 -6.682271E-10	 9.999773E-3	 4.341303E-6
-2.200000E+0	 -7.160001E-10	 9.999630E-3	 4.399809E-6
-2.400000E+0	 -7.798092E-10	 9.999725E-3	 4.460067E-6
-2.600000E+0	 -8.395675E-10	 9.999757E-3	 4.519459E-6
-2.800000E+0	 -8.380903E-10	 9.999813E-3	 4.578112E-6
-3.000000E+0	 -8.414245E-10	 9.999930E-3	 4.635844E-6
-3.200000E+0	 -8.612598E-10	 9.999612E-3	 4.692818E-6
-3.400000E+0	 -8.716411E-10	 9.999936E-3	 4.750666E-6
-3.600000E+0	 -8.959075E-10	 9.999755E-3	 4.811988E-6
-3.800000E+0	 -8.987347E-10	 1.000000E-2	 4.865459E-6
-4.000000E+0	 -9.180209E-10	 9.999936E-3	 4.921974E-6
-4.200000E+0	 -9.236756E-10	 9.999908E-3	 4.976569E-6
-4.400000E+0	 -9.252795E-10	 9.999678E-3	 5.031744E-6
-4.600000E+0	 -9.619110E-10	 9.999835E-3	 5.085570E-6
-4.800000E+0	 -9.669331E-10	 9.999901E-3	 5.139811E-6
-5.000000E+0	 -1.020150E-9	 9.999856E-3	 5.192475E-6
-5.200000E+0	 -9.114797E-10	 9.999747E-3	 5.244224E-6
-5.400000E+0	 -8.731602E-10	 9.999785E-3	 5.296187E-6
-5.600000E+0	 -8.556463E-10	 9.999786E-3	 5.349280E-6
-5.800000E+0	 -8.650997E-10	 9.999890E-3	 5.399867E-6
-6.000000E+0	 -8.761143E-10	 9.999886E-3	 5.450581E-6
-6.200000E+0	 -8.834579E-10	 9.999822E-3	 5.500835E-6
-6.400000E+0	 -8.953586E-10	 9.999936E-3	 5.549583E-6
-6.600000E+0	 -9.152358E-10	 9.999801E-3	 5.599310E-6
-6.800000E+0	 -9.204264E-10	 9.999782E-3	 5.647699E-6
-7.000000E+0	 -9.313990E-10	 9.999595E-3	 5.695831E-6
-7.200000E+0	 -9.492085E-10	 9.999730E-3	 5.743644E-6
-7.400000E+0	 -9.530489E-10	 9.999825E-3	 5.790837E-6
-7.600000E+0	 -9.602654E-10	 9.999819E-3	 5.838669E-6
-7.800000E+0	 -9.730524E-10	 9.999938E-3	 5.883554E-6
-8.000000E+0	 -9.612784E-10	 9.999861E-3	 5.932781E-6
-8.200000E+0	 -9.790452E-10	 9.999651E-3	 5.977114E-6
-8.400000E+0	 -1.003945E-9	 9.999676E-3	 6.021828E-6
-8.599999E+0	 -1.026733E-9	 9.999964E-3	 6.066572E-6
-8.800000E+0	 -1.033613E-9	 9.999847E-3	 6.110930E-6
-9.000000E+0	 -1.034878E-9	 9.999842E-3	 6.153978E-6
-9.200000E+0	 -1.047286E-9	 9.999762E-3	 6.198622E-6
-9.400000E+0	 -1.053701E-9	 9.999976E-3	 6.240866E-6
-9.599999E+0	 -1.071720E-9	 9.999899E-3	 6.282204E-6
-9.800000E+0	 -1.064673E-9	 9.999869E-3	 6.326567E-6
-1.000000E+1	 -1.078726E-9	 9.999669E-3	 6.368565E-6
-1.020000E+1	 -1.111180E-9	 9.999904E-3	 6.409253E-6
-1.040000E+1	 -1.130761E-9	 9.999747E-3	 6.450257E-6
-1.060000E+1	 -1.131437E-9	 9.999879E-3	 6.491251E-6
-1.080000E+1	 -1.129369E-9	 9.999823E-3	 6.532027E-6
-1.100000E+1	 -1.158066E-9	 9.999879E-3	 6.570823E-6
-1.120000E+1	 -1.153677E-9	 9.999857E-3	 6.611191E-6
-1.140000E+1	 -1.159374E-9	 9.999726E-3	 6.651925E-6
-1.160000E+1	 -1.176424E-9	 9.999787E-3	 6.691776E-6
-1.180000E+1	 -1.198665E-9	 9.999798E-3	 6.729589E-6
-1.200000E+1	 -1.194149E-9	 9.999830E-3	 6.767583E-6
-1.220000E+1	 -1.211578E-9	 9.999755E-3	 6.808054E-6
-1.240000E+1	 -1.220905E-9	 9.999769E-3	 6.845596E-6
-1.260000E+1	 -1.232342E-9	 9.999701E-3	 6.884696E-6
-1.280000E+1	 -1.240360E-9	 9.999763E-3	 6.921200E-6
-1.300000E+1	 -1.243272E-9	 9.999775E-3	 6.958894E-6
-1.320000E+1	 -1.238588E-9	 9.999741E-3	 6.994908E-6
-1.340000E+1	 -1.291298E-9	 9.999688E-3	 7.032409E-6
-1.360000E+1	 -1.286065E-9	 9.999585E-3	 7.067857E-6
-1.380000E+1	 -1.293662E-9	 9.999830E-3	 7.106210E-6
-1.400000E+1	 -1.296911E-9	 9.999762E-3	 7.140660E-6
-1.420000E+1	 -1.327760E-9	 9.999812E-3	 7.175705E-6
-1.440000E+1	 -1.341054E-9	 9.999860E-3	 7.211122E-6
-1.460000E+1	 -1.340674E-9	 9.999919E-3	 7.245735E-6
-1.480000E+1	 -1.347848E-9	 9.999755E-3	 7.281124E-6
-1.500000E+1	 -1.375660E-9	 9.999750E-3	 7.314145E-6
-1.520000E+1	 -1.364603E-9	 9.999686E-3	 7.348117E-6
-1.540000E+1	 -1.386463E-9	 9.999759E-3	 7.381661E-6
-1.560000E+1	 -1.389460E-9	 9.999869E-3	 7.417078E-6
-1.580000E+1	 -1.410307E-9	 9.999880E-3	 7.450334E-6
-1.600000E+1	 -1.408831E-9	 9.999994E-3	 7.483941E-6
-1.620000E+1	 -1.412376E-9	 9.999881E-3	 7.517659E-6
-1.640000E+1	 -1.439385E-9	 9.999910E-3	 7.549487E-6
-1.660000E+1	 -1.436135E-9	 9.999862E-3	 7.582044E-6
-1.680000E+1	 -1.451834E-9	 9.999791E-3	 7.615146E-6
-1.700000E+1	 -1.451665E-9	 9.999676E-3	 7.648471E-6
-1.720000E+1	 -1.472683E-9	 9.999914E-3	 7.677445E-6
-1.740000E+1	 -1.482346E-9	 9.999755E-3	 7.711532E-6
-1.760000E+1	 -1.492348E-9	 9.999895E-3	 7.741701E-6
-1.780000E+1	 -1.509525E-9	 9.999786E-3	 7.773298E-6
-1.800000E+1	 -1.510706E-9	 9.999713E-3	 7.804236E-6
-1.820000E+1	 -1.523620E-9	 9.999930E-3	 7.834944E-6
-1.840000E+1	 -1.541514E-9	 9.999726E-3	 7.866648E-6
-1.860000E+1	 -1.552697E-9	 9.999734E-3	 7.896957E-6
-1.880000E+1	 -1.553709E-9	 9.999635E-3	 7.927266E-6
-1.900000E+1	 -1.567889E-9	 9.999771E-3	 7.956248E-6
-1.920000E+1	 -1.578820E-9	 9.999860E-3	 7.986581E-6
-1.940000E+1	 -1.582280E-9	 9.999929E-3	 8.016263E-6
-1.960000E+1	 -1.598613E-9	 9.999847E-3	 8.046618E-6
-1.980000E+1	 -1.611991E-9	 9.999911E-3	 8.073684E-6
-2.000000E+1	 -1.606716E-9	 9.999858E-3	 8.103821E-6
-2.020000E+1	 -1.622330E-9	 9.999728E-3	 8.132153E-6
-2.040000E+1	 -1.628914E-9	 1.000002E-2	 8.161389E-6
-2.060000E+1	 -1.612919E-9	 9.999842E-3	 8.187986E-6
-2.080000E+1	 -1.672594E-9	 9.999756E-3	 8.216076E-6
-2.100000E+1	 -1.659720E-9	 9.999895E-3	 8.243733E-6
-2.120000E+1	 -1.668456E-9	 9.999745E-3	 8.273808E-6
-2.140000E+1	 -1.676518E-9	 9.999814E-3	 8.301083E-6
-2.160000E+1	 -1.735305E-9	 9.999833E-3	 8.326945E-6
-2.180000E+1	 -1.729186E-9	 9.999811E-3	 8.352082E-6
-2.200000E+1	 -1.736317E-9	 9.999893E-3	 8.378945E-6
-2.220000E+1	 -1.732562E-9	 9.999874E-3	 8.406351E-6
-2.240000E+1	 -1.747375E-9	 9.999800E-3	 8.431562E-6
-2.260000E+1	 -1.758052E-9	 9.999860E-3	 8.458742E-6
-2.280000E+1	 -1.757841E-9	 1.000002E-2	 8.483685E-6
-2.300000E+1	 -1.786666E-9	 9.999692E-3	 8.510353E-6
-2.320000E+1	 -1.766957E-9	 9.999882E-3	 8.538525E-6
-2.340000E+1	 -1.785695E-9	 9.999944E-3	 8.561478E-6
-2.360000E+1	 -1.829204E-9	 9.999798E-3	 8.586927E-6
-2.380000E+1	 -1.827602E-9	 9.999783E-3	 8.612018E-6
-2.400000E+1	 -1.838362E-9	 9.999926E-3	 8.636267E-6
-2.420000E+1	 -1.838953E-9	 9.999904E-3	 8.662132E-6
-2.440000E+1	 -1.851698E-9	 9.999771E-3	 8.685879E-6
-2.460000E+1	 -1.867313E-9	 9.999833E-3	 8.710450E-6
-2.480000E+1	 -1.874024E-9	 9.999812E-3	 8.735211E-6
-2.500000E+1	 -1.887485E-9	 9.999661E-3	 8.759124E-6
-2.480000E+1	 -1.562361E-9	 9.999787E-3	 8.726852E-6
-2.460000E+1	 -1.482684E-9	 9.999786E-3	 8.697169E-6
-2.440000E+1	 -1.414148E-9	 9.999717E-3	 8.667826E-6
-2.420000E+1	 -1.361564E-9	 9.999656E-3	 8.640335E-6
-2.400000E+1	 -1.415498E-9	 9.999800E-3	 8.610851E-6
-2.380000E+1	 -1.269901E-9	 9.999767E-3	 8.583633E-6
-2.360000E+1	 -1.245002E-9	 9.999976E-3	 8.555253E-6
-2.340000E+1	 -1.207527E-9	 9.999844E-3	 8.529369E-6
-2.320000E+1	 -1.186510E-9	 9.999753E-3	 8.501721E-6
-2.300000E+1	 -1.141607E-9	 9.999964E-3	 8.473973E-6
-2.280000E+1	 -1.092062E-9	 9.999687E-3	 8.444599E-6
-2.260000E+1	 -1.071931E-9	 9.999956E-3	 8.415956E-6
-2.240000E+1	 -1.052266E-9	 9.999915E-3	 8.386252E-6
-2.220000E+1	 -1.026395E-9	 9.999757E-3	 8.359296E-6
-2.200000E+1	 -9.952087E-10	 9.999971E-3	 8.331284E-6
-2.180000E+1	 -9.756267E-10	 9.999952E-3	 8.302227E-6
-2.160000E+1	 -9.541038E-10	 9.999664E-3	 8.275193E-6
-2.140000E+1	 -9.339314E-10	 9.999917E-3	 8.245526E-6
-2.120000E+1	 -8.708813E-10	 9.999698E-3	 8.217035E-6
-2.100000E+1	 -8.948102E-10	 9.999692E-3	 8.187368E-6
-2.080000E+1	 -8.741727E-10	 9.999703E-3	 8.157616E-6
-2.060000E+1	 -8.693619E-10	 9.999855E-3	 8.127888E-6
-2.040000E+1	 -8.362333E-10	 9.999814E-3	 8.096836E-6
-2.020000E+1	 -8.197746E-10	 9.999776E-3	 8.068747E-6
-2.000000E+1	 -7.960571E-10	 9.999931E-3	 8.038256E-6
-1.980000E+1	 -7.843671E-10	 9.999704E-3	 8.006193E-6
-1.960000E+1	 -7.637302E-10	 9.999754E-3	 7.976151E-6
-1.940000E+1	 -7.600588E-10	 9.999713E-3	 7.945057E-6
-1.920000E+1	 -7.296312E-10	 9.999615E-3	 7.913816E-6
-1.900000E+1	 -7.200089E-10	 9.999829E-3	 7.883077E-6
-1.880000E+1	 -7.099649E-10	 9.999868E-3	 7.850427E-6
-1.860000E+1	 -6.898347E-10	 9.999722E-3	 7.819537E-6
-1.840000E+1	 -6.779335E-10	 9.999795E-3	 7.785685E-6
-1.820000E+1	 -6.469998E-10	 9.999863E-3	 7.754409E-6
-1.800000E+1	 -6.412179E-10	 9.999926E-3	 7.722218E-6
-1.780000E+1	 -6.195684E-10	 9.999841E-3	 7.690614E-6
-1.760000E+1	 -6.068234E-10	 9.999881E-3	 7.658125E-6
-1.740000E+1	 -5.898578E-10	 9.999787E-3	 7.623130E-6
-1.720000E+1	 -5.897737E-10	 9.999895E-3	 7.589656E-6
-1.700000E+1	 -5.856799E-10	 9.999700E-3	 7.557188E-6
-1.680000E+1	 -5.401442E-10	 9.999735E-3	 7.522231E-6
-1.660000E+1	 -5.593882E-10	 9.999687E-3	 7.489323E-6
-1.640000E+1	 -5.339403E-10	 9.999849E-3	 7.455902E-6
-1.620000E+1	 -5.092523E-10	 9.999787E-3	 7.421597E-6
-1.600000E+1	 -5.044412E-10	 9.999760E-3	 7.385634E-6
-1.580000E+1	 -4.834668E-10	 9.999710E-3	 7.350761E-6
-1.560000E+1	 -4.915273E-10	 9.999710E-3	 7.314747E-6
-1.540000E+1	 -4.774320E-10	 9.999872E-3	 7.276162E-6
-1.520000E+1	 -4.564574E-10	 9.999954E-3	 7.241268E-6
-1.500000E+1	 -4.195730E-10	 9.999689E-3	 7.205908E-6
-1.480000E+1	 -4.116389E-10	 9.999734E-3	 7.167178E-6
-1.460000E+1	 -3.934922E-10	 9.999603E-3	 7.132029E-6
-1.440000E+1	 -3.837435E-10	 9.999756E-3	 7.094959E-6
-1.420000E+1	 -3.707874E-10	 9.999778E-3	 7.058061E-6
-1.400000E+1	 -3.631065E-10	 9.999775E-3	 7.020350E-6
-1.380000E+1	 -3.587599E-10	 9.999856E-3	 6.982285E-6
-1.360000E+1	 -3.356753E-10	 9.999868E-3	 6.943350E-6
-1.340000E+1	 -3.344094E-10	 9.999881E-3	 6.905209E-6
-1.320000E+1	 -3.223817E-10	 9.999822E-3	 6.864067E-6
-1.300000E+1	 -3.201028E-10	 9.999876E-3	 6.824132E-6
-1.280000E+1	 -2.761705E-10	 1.000000E-2	 6.784333E-6
-1.260000E+1	 -2.747778E-10	 9.999806E-3	 6.745426E-6
-1.240000E+1	 -2.527484E-10	 9.999923E-3	 6.704252E-6
-1.220000E+1	 -2.561245E-10	 9.999858E-3	 6.663021E-6
-1.200000E+1	 -2.380621E-10	 9.999915E-3	 6.622020E-6
-1.180000E+1	 -2.364584E-10	 9.999800E-3	 6.579391E-6
-1.160000E+1	 -2.162436E-10	 9.999837E-3	 6.537871E-6
-1.140000E+1	 -2.074234E-10	 9.999856E-3	 6.496214E-6
-1.120000E+1	 -1.913022E-10	 9.999810E-3	 6.452110E-6
-1.100000E+1	 -1.942986E-10	 1.000016E-2	 6.406850E-6
-1.080000E+1	 -1.677126E-10	 9.999845E-3	 6.363393E-6
-1.060000E+1	 -1.600324E-10	 9.999906E-3	 6.318837E-6
-1.040000E+1	 -1.461909E-10	 1.000015E-2	 6.275204E-6
-1.020000E+1	 -2.608090E-10	 9.999920E-3	 6.228235E-6
-1.000000E+1	 -1.289735E-10	 1.000003E-2	 6.182554E-6
-9.800000E+0	 -1.280451E-10	 9.999800E-3	 6.136092E-6
-9.599999E+0	 -1.095196E-10	 9.999748E-3	 6.089243E-6
-9.400000E+0	 -9.099400E-11	 9.999865E-3	 6.041253E-6
-9.200000E+0	 -9.061414E-11	 9.999824E-3	 5.995268E-6
-9.000000E+0	 -7.698377E-11	 9.999842E-3	 5.947206E-6
-8.800000E+0	 -6.753106E-11	 9.999787E-3	 5.898895E-6
-8.599999E+0	 -3.811799E-11	 9.999905E-3	 5.849708E-6
-8.400000E+0	 -3.972155E-11	 9.999811E-3	 5.798816E-6
-8.200000E+0	 -1.203859E-11	 9.999679E-3	 5.749375E-6
-8.000000E+0	 -2.786348E-11	 9.999725E-3	 5.697722E-6
-7.800000E+0	 -4.738113E-12	 9.999816E-3	 5.646288E-6
-7.600000E+0	 1.864041E-11	 9.999789E-3	 5.594458E-6
-7.400000E+0	 2.509688E-11	 9.999814E-3	 5.540436E-6
-7.200000E+0	 2.488589E-11	 9.999879E-3	 5.489623E-6
-7.000000E+0	 3.674382E-11	 9.999905E-3	 5.436116E-6
-6.800000E+0	 5.687317E-11	 9.999778E-3	 5.380761E-6
-6.600000E+0	 6.214798E-11	 9.999944E-3	 5.326107E-6
-6.400000E+0	 8.620168E-11	 9.999921E-3	 5.270543E-6
-6.200000E+0	 9.907247E-11	 9.999885E-3	 5.214379E-6
-6.000000E+0	 9.611850E-11	 1.000006E-2	 5.159097E-6
-5.800000E+0	 1.036300E-10	 9.999771E-3	 5.101981E-6
-5.600000E+0	 1.238857E-10	 9.999751E-3	 5.045192E-6
-5.400000E+0	 1.318195E-10	 9.999832E-3	 4.987125E-6
-5.200000E+0	 1.454500E-10	 9.999766E-3	 4.926942E-6
-5.000000E+0	 1.557464E-10	 9.999991E-3	 4.869254E-6
-4.800000E+0	 1.580250E-10	 9.999835E-3	 4.809100E-6
-4.600000E+0	 1.656214E-10	 9.999861E-3	 4.749625E-6
-4.400000E+0	 1.840623E-10	 9.999917E-3	 4.688012E-6
-4.200000E+0	 1.884509E-10	 9.999927E-3	 4.625428E-6
-4.000000E+0	 2.141506E-10	 9.999808E-3	 4.563373E-6
-3.800000E+0	 2.207757E-10	 9.999668E-3	 4.499460E-6
-3.600000E+0	 2.249955E-10	 9.999830E-3	 4.436124E-6
-3.400000E+0	 2.606965E-10	 9.999921E-3	 4.371002E-6
-3.200000E+0	 2.592196E-10	 9.999832E-3	 4.305975E-6
-3.000000E+0	 2.590929E-10	 9.999838E-3	 4.240907E-6
-2.800000E+0	 2.639883E-10	 9.999798E-3	 4.170050E-6
-2.600000E+0	 2.728081E-10	 9.999769E-3	 4.105730E-6
-2.400000E+0	 3.068628E-10	 9.999930E-3	 4.038427E-6
-2.200000E+0	 3.137834E-10	 9.999933E-3	 3.971181E-6
-2.000000E+0	 3.218438E-10	 9.999942E-3	 3.904131E-6
-1.800000E+0	 3.265702E-10	 9.999851E-3	 3.834515E-6
-1.600000E+0	 3.418884E-10	 1.000009E-2	 3.765812E-6
-1.400000E+0	 3.517204E-10	 1.000000E-2	 3.698604E-6
-1.200000E+0	 3.634525E-10	 1.000007E-2	 3.629919E-6
-9.999996E-1	 3.520585E-10	 9.999951E-3	 3.561963E-6
-7.999997E-1	 3.846788E-10	 9.999988E-3	 3.492250E-6
-5.999997E-1	 3.901222E-10	 9.999867E-3	 3.425032E-6
-3.999996E-1	 3.989001E-10	 9.999906E-3	 3.356679E-6
-1.999996E-1	 4.131633E-10	 9.999845E-3	 3.290076E-6
3.725290E-7	 4.208862E-10	 9.999847E-3	 3.224772E-6
2.000004E-1	 4.250220E-10	 9.999894E-3	 3.158254E-6
4.000004E-1	 4.346436E-10	 9.999835E-3	 3.095347E-6
6.000004E-1	 4.632967E-10	 9.999895E-3	 3.031829E-6
8.000004E-1	 4.567561E-10	 9.999956E-3	 2.971578E-6
1.000000E+0	 4.794594E-10	 9.999946E-3	 2.911308E-6
1.200000E+0	 4.779400E-10	 9.999908E-3	 2.854242E-6
1.400000E+0	 4.826243E-10	 9.999811E-3	 2.800752E-6
1.600000E+0	 4.947777E-10	 9.999785E-3	 2.748108E-6
1.800000E+0	 5.047367E-10	 9.999901E-3	 2.698885E-6
2.000000E+0	 5.158772E-10	 9.999886E-3	 2.652285E-6
2.200000E+0	 5.341500E-10	 9.999921E-3	 2.607688E-6
2.400000E+0	 5.333902E-10	 9.999892E-3	 2.568543E-6
2.600000E+0	 5.416193E-10	 9.999921E-3	 2.531036E-6
2.800000E+0	 5.625081E-10	 9.999951E-3	 2.497770E-6
3.000000E+0	 5.693866E-10	 9.999762E-3	 2.467317E-6
3.200001E+0	 5.882915E-10	 9.999751E-3	 2.441579E-6
3.400000E+0	 5.890519E-10	 9.999956E-3	 2.418934E-6
3.600000E+0	 6.103202E-10	 9.999883E-3	 2.399829E-6
3.800000E+0	 6.220515E-10	 9.999930E-3	 2.383752E-6
4.000000E+0	 6.414206E-10	 1.000000E-2	 2.371371E-6
4.200000E+0	 6.404506E-10	 9.999994E-3	 2.362402E-6
4.400001E+0	 6.599042E-10	 9.999908E-3	 2.356490E-6
4.600000E+0	 6.608333E-10	 9.999875E-3	 2.354228E-6
4.800001E+0	 6.776283E-10	 9.999882E-3	 2.354592E-6
5.000000E+0	 6.886002E-10	 9.999931E-3	 2.357733E-6
5.200000E+0	 6.046654E-10	 1.000008E-2	 2.364970E-6
5.400001E+0	 7.059437E-10	 9.999907E-3	 2.373095E-6
5.600000E+0	 7.189839E-10	 9.999981E-3	 2.384436E-6
5.800001E+0	 7.248069E-10	 9.999980E-3	 2.398529E-6
6.000000E+0	 7.366649E-10	 9.999823E-3	 2.414067E-6
6.200000E+0	 7.448095E-10	 9.999854E-3	 2.432017E-6
6.400001E+0	 7.733370E-10	 9.999827E-3	 2.451070E-6
6.600000E+0	 7.836334E-10	 9.999941E-3	 2.473000E-6
6.800001E+0	 7.818186E-10	 9.999827E-3	 2.496727E-6
7.000000E+0	 7.952381E-10	 1.000003E-2	 2.520256E-6
7.200000E+0	 8.105564E-10	 1.000003E-2	 2.546949E-6
7.400001E+0	 8.152409E-10	 9.999824E-3	 2.574003E-6
7.600000E+0	 8.192079E-10	 1.000002E-2	 2.603603E-6
7.800001E+0	 8.325005E-10	 1.000010E-2	 2.634657E-6
8.000001E+0	 8.530940E-10	 9.999855E-3	 2.666668E-6
8.200001E+0	 8.639386E-10	 1.000009E-2	 2.701765E-6
8.400001E+0	 8.641504E-10	 9.999954E-3	 2.737056E-6
8.600000E+0	 8.720832E-10	 9.999876E-3	 2.776269E-6
8.800000E+0	 8.925076E-10	 9.999980E-3	 2.815710E-6
9.000001E+0	 9.019182E-10	 9.999948E-3	 2.855142E-6
9.200001E+0	 9.131014E-10	 9.999848E-3	 2.897191E-6
9.400001E+0	 9.132706E-10	 9.999914E-3	 2.939707E-6
9.600000E+0	 9.202754E-10	 9.999951E-3	 2.984787E-6
9.800000E+0	 9.427680E-10	 9.999835E-3	 3.028565E-6
1.000000E+1	 9.532337E-10	 9.999996E-3	 3.078653E-6
1.020000E+1	 9.543726E-10	 9.999854E-3	 3.121901E-6
1.040000E+1	 9.846718E-10	 9.999948E-3	 3.167195E-6
1.060000E+1	 9.863178E-10	 9.999857E-3	 3.213614E-6
1.080000E+1	 1.003155E-9	 9.999845E-3	 3.259475E-6
1.100000E+1	 1.011469E-9	 9.999889E-3	 3.304817E-6
1.120000E+1	 1.007332E-9	 9.999841E-3	 3.351370E-6
1.140000E+1	 1.043287E-9	 9.999892E-3	 3.397799E-6
1.160000E+1	 1.035733E-9	 9.999847E-3	 3.443184E-6
1.180000E+1	 1.039574E-9	 9.999845E-3	 3.489038E-6
1.200000E+1	 1.051052E-9	 9.999976E-3	 3.533124E-6
1.220000E+1	 1.078693E-9	 9.999954E-3	 3.579052E-6
1.240000E+1	 1.082786E-9	 9.999852E-3	 3.624164E-6
1.260000E+1	 1.081773E-9	 9.999862E-3	 3.667128E-6
1.280000E+1	 1.106333E-9	 9.999731E-3	 3.711593E-6
1.300000E+1	 1.109498E-9	 9.999783E-3	 3.754641E-6
1.320000E+1	 1.132623E-9	 9.999848E-3	 3.798171E-6
1.340000E+1	 1.129543E-9	 1.000003E-2	 3.840907E-6
1.360000E+1	 1.146043E-9	 9.999739E-3	 3.883090E-6
1.380000E+1	 1.150642E-9	 9.999970E-3	 3.923926E-6
1.400000E+1	 1.166004E-9	 9.999798E-3	 3.964371E-6
1.420000E+1	 1.174232E-9	 9.999820E-3	 4.005777E-6
1.440000E+1	 1.182081E-9	 9.999734E-3	 4.046461E-6
1.460000E+1	 1.193096E-9	 9.999737E-3	 4.086262E-6
1.480000E+1	 1.216263E-9	 9.999775E-3	 4.125670E-6
1.500000E+1	 1.223352E-9	 9.999729E-3	 4.165814E-6
1.520000E+1	 1.230568E-9	 9.999813E-3	 4.204339E-6
1.540000E+1	 1.227235E-9	 9.999644E-3	 4.242761E-6
1.560000E+1	 1.248672E-9	 9.999885E-3	 4.280557E-6
1.580000E+1	 1.263907E-9	 9.999832E-3	 4.317409E-6
1.600000E+1	 1.264582E-9	 9.999811E-3	 4.354858E-6
1.620000E+1	 1.286441E-9	 9.999789E-3	 4.390696E-6
1.640000E+1	 1.288593E-9	 9.999912E-3	 4.427746E-6
1.660000E+1	 1.308806E-9	 9.999816E-3	 4.463365E-6
1.680000E+1	 1.314039E-9	 9.999949E-3	 4.498248E-6
1.700000E+1	 1.326319E-9	 9.999970E-3	 4.533353E-6
1.720000E+1	 1.326277E-9	 9.999932E-3	 4.566495E-6
1.740000E+1	 1.343705E-9	 1.000004E-2	 4.601840E-6
1.760000E+1	 1.343157E-9	 9.999911E-3	 4.635222E-6
1.780000E+1	 1.372105E-9	 9.999844E-3	 4.669795E-6
1.800000E+1	 1.382655E-9	 9.999989E-3	 4.702261E-6
1.820000E+1	 1.382572E-9	 9.999932E-3	 4.732270E-6
1.840000E+1	 1.401434E-9	 9.999881E-3	 4.766533E-6
1.860000E+1	 1.398185E-9	 9.999822E-3	 4.797061E-6
1.880000E+1	 1.423463E-9	 9.999954E-3	 4.828789E-6
1.900000E+1	 1.424476E-9	 9.999836E-3	 4.860061E-6
1.920000E+1	 1.429371E-9	 9.999938E-3	 4.890799E-6
1.940000E+1	 1.460471E-9	 9.999952E-3	 4.920118E-6
1.960000E+1	 1.462370E-9	 9.999936E-3	 4.950165E-6
1.980000E+1	 1.477352E-9	 9.999818E-3	 4.979617E-6
2.000000E+1	 1.481866E-9	 9.999795E-3	 5.009826E-6
2.020000E+1	 1.487860E-9	 9.999877E-3	 5.038047E-6
2.040000E+1	 1.444605E-9	 9.999817E-3	 5.064418E-6
2.060000E+1	 1.514614E-9	 9.999819E-3	 5.092659E-6
2.080000E+1	 1.535038E-9	 9.999848E-3	 5.121218E-6
2.100000E+1	 1.532759E-9	 9.999775E-3	 5.149654E-6
2.120000E+1	 1.544660E-9	 9.999697E-3	 5.175452E-6
2.140000E+1	 1.553859E-9	 9.999818E-3	 5.202486E-6
2.160000E+1	 1.561666E-9	 9.999852E-3	 5.228191E-6
2.180000E+1	 1.586901E-9	 9.999865E-3	 5.255409E-6
2.200000E+1	 1.569009E-9	 9.999962E-3	 5.282163E-6
2.220000E+1	 1.601797E-9	 9.999773E-3	 5.306454E-6
2.240000E+1	 1.603781E-9	 9.999850E-3	 5.332365E-6
2.260000E+1	 1.612221E-9	 9.999718E-3	 5.357130E-6
2.280000E+1	 1.624037E-9	 9.999773E-3	 5.382424E-6
2.300000E+1	 1.643322E-9	 9.999842E-3	 5.407911E-6
2.320000E+1	 1.651383E-9	 9.999656E-3	 5.430691E-6
2.340000E+1	 1.655645E-9	 9.999804E-3	 5.455216E-6
2.360000E+1	 1.662481E-9	 9.999917E-3	 5.478440E-6
2.380000E+1	 1.672989E-9	 9.999728E-3	 5.500730E-6
2.400000E+1	 1.688053E-9	 9.999892E-3	 5.525314E-6
2.420000E+1	 1.696704E-9	 9.999855E-3	 5.546240E-6
2.440000E+1	 1.713119E-9	 9.999952E-3	 5.568869E-6
2.460000E+1	 1.720674E-9	 9.999907E-3	 5.592311E-6
2.480000E+1	 1.734557E-9	 9.999908E-3	 5.612636E-6
2.500000E+1	 1.741774E-9	 9.999858E-3	 5.634766E-6
2.480000E+1	 1.447642E-9	 9.999917E-3	 5.597195E-6
2.460000E+1	 1.352315E-9	 9.999868E-3	 5.561908E-6
2.440000E+1	 1.291927E-9	 9.999939E-3	 5.528320E-6
2.420000E+1	 1.245424E-9	 9.999734E-3	 5.495348E-6
2.400000E+1	 1.206684E-9	 9.999703E-3	 5.463988E-6
2.380000E+1	 1.147139E-9	 9.999824E-3	 5.431627E-6
2.360000E+1	 1.113929E-9	 9.999731E-3	 5.399268E-6
2.340000E+1	 1.087344E-9	 9.999874E-3	 5.366792E-6
2.320000E+1	 1.040713E-9	 9.999930E-3	 5.335754E-6
2.300000E+1	 1.008514E-9	 9.999945E-3	 5.303876E-6
2.280000E+1	 9.835323E-10	 9.999780E-3	 5.271523E-6
2.260000E+1	 9.468608E-10	 1.000004E-2	 5.239227E-6
2.240000E+1	 9.320907E-10	 9.999904E-3	 5.206431E-6
2.220000E+1	 8.928882E-10	 9.999868E-3	 5.173485E-6
2.200000E+1	 8.762197E-10	 9.999905E-3	 5.140884E-6
2.180000E+1	 8.597191E-10	 9.999938E-3	 5.107004E-6
2.160000E+1	 8.279003E-10	 9.999731E-3	 5.072538E-6
2.140000E+1	 8.145654E-10	 1.000006E-2	 5.037987E-6
2.120000E+1	 7.913140E-10	 9.999876E-3	 5.003994E-6
2.100000E+1	 7.779786E-10	 1.000003E-2	 4.969446E-6
2.080000E+1	 7.439659E-10	 9.999885E-3	 4.934685E-6
2.060000E+1	 7.218954E-10	 9.999838E-3	 4.899537E-6
2.040000E+1	 7.132448E-10	 9.999887E-3	 4.863557E-6
2.020000E+1	 6.941701E-10	 9.999888E-3	 4.827783E-6
2.000000E+1	 6.807089E-10	 9.999929E-3	 4.791626E-6
1.980000E+1	 6.618034E-10	 9.999868E-3	 4.754677E-6
1.960000E+1	 6.375807E-10	 9.999870E-3	 4.717761E-6
1.940000E+1	 6.303649E-10	 9.999858E-3	 4.680095E-6
1.920000E+1	 6.101512E-10	 9.999926E-3	 4.641713E-6
1.900000E+1	 6.014161E-10	 9.999904E-3	 4.604326E-6
1.880000E+1	 5.794300E-10	 9.999822E-3	 4.565963E-6
1.860000E+1	 5.506499E-10	 1.000002E-2	 4.526658E-6
1.840000E+1	 5.585411E-10	 9.999952E-3	 4.488113E-6
1.820000E+1	 5.323776E-10	 9.999885E-3	 4.446543E-6
1.800000E+1	 5.141470E-10	 9.999824E-3	 4.406522E-6
1.780000E+1	 5.148646E-10	 9.999844E-3	 4.364951E-6
1.760000E+1	 4.919080E-10	 1.000000E-2	 4.322957E-6
1.740000E+1	 4.820759E-10	 9.999855E-3	 4.282359E-6
1.720000E+1	 4.544770E-10	 9.999870E-3	 4.239044E-6
1.700000E+1	 4.470500E-10	 9.999902E-3	 4.197662E-6
1.680000E+1	 4.273848E-10	 9.999822E-3	 4.153204E-6
1.660000E+1	 4.201266E-10	 9.999954E-3	 4.109872E-6
1.640000E+1	 4.059895E-10	 9.999876E-3	 4.065495E-6
1.620000E+1	 3.992376E-10	 9.999980E-3	 4.022025E-6
1.600000E+1	 3.817673E-10	 9.999898E-3	 3.977192E-6
1.580000E+1	 3.636215E-10	 9.999748E-3	 3.932027E-6
1.560000E+1	 3.490622E-10	 1.000015E-2	 3.885521E-6
1.540000E+1	 3.378800E-10	 9.999921E-3	 3.840407E-6
1.520000E+1	 3.177504E-10	 1.000005E-2	 3.794611E-6
1.500000E+1	 3.109565E-10	 9.999991E-3	 3.747311E-6
1.480000E+1	 2.942032E-10	 1.000002E-2	 3.699933E-6
1.460000E+1	 2.785898E-10	 9.999939E-3	 3.652280E-6
1.440000E+1	 2.779567E-10	 9.999952E-3	 3.605451E-6
1.420000E+1	 2.512019E-10	 1.000001E-2	 3.558019E-6
1.400000E+1	 2.474460E-10	 9.999855E-3	 3.510223E-6
1.380000E+1	 2.403988E-10	 1.000000E-2	 3.463571E-6
1.360000E+1	 2.226748E-10	 1.000006E-2	 3.414782E-6
1.340000E+1	 2.058374E-10	 9.999949E-3	 3.368003E-6
1.320000E+1	 1.862569E-10	 9.999915E-3	 3.318748E-6
1.300000E+1	 1.862146E-10	 9.999848E-3	 3.270405E-6
1.280000E+1	 1.675204E-10	 9.999954E-3	 3.224003E-6
1.260000E+1	 1.636801E-10	 9.999820E-3	 3.176741E-6
1.240000E+1	 1.496277E-10	 9.999963E-3	 3.130472E-6
1.220000E+1	 1.359551E-10	 9.999882E-3	 3.083561E-6
1.200000E+1	 1.281059E-10	 9.999828E-3	 3.038216E-6
1.180000E+1	 1.165433E-10	 1.000000E-2	 2.993484E-6
1.160000E+1	 9.168774E-11	 9.999904E-3	 2.948756E-6
1.140000E+1	 1.046851E-10	 9.999962E-3	 2.906353E-6
1.120000E+1	 7.354192E-11	 9.999822E-3	 2.864149E-6
1.100000E+1	 5.311745E-11	 9.999957E-3	 2.823615E-6
1.080000E+1	 6.505979E-11	 1.000000E-2	 2.784946E-6
1.060000E+1	 4.075280E-11	 9.999929E-3	 2.746460E-6
1.040000E+1	 1.703690E-11	 9.999963E-3	 2.709460E-6
1.020000E+1	 1.733230E-11	 9.999988E-3	 2.675792E-6
1.000000E+1	 4.756778E-12	 9.999988E-3	 2.642726E-6
9.800000E+0	 -2.417122E-12	 9.999894E-3	 2.612653E-6
9.600000E+0	 -2.001437E-11	 1.000012E-2	 2.583945E-6
9.400001E+0	 -2.592226E-11	 9.999956E-3	 2.557053E-6
9.200001E+0	 -4.073429E-11	 9.999976E-3	 2.533590E-6
9.000001E+0	 -5.276123E-11	 9.999967E-3	 2.510902E-6
8.800000E+0	 -6.499909E-11	 9.999842E-3	 2.491720E-6
8.600000E+0	 -8.238527E-11	 9.999915E-3	 2.474128E-6
8.400001E+0	 -8.706937E-11	 1.000003E-2	 2.458245E-6
8.200001E+0	 -9.956040E-11	 9.999852E-3	 2.444661E-6
8.000001E+0	 -1.121781E-10	 1.000001E-2	 2.433798E-6
7.800001E+0	 -1.253022E-10	 9.999865E-3	 2.424268E-6
7.600000E+0	 -1.228546E-10	 9.999908E-3	 2.417076E-6
7.400001E+0	 -1.524364E-10	 9.999968E-3	 2.411125E-6
7.200000E+0	 -1.482165E-10	 9.999905E-3	 2.407503E-6
7.000000E+0	 -1.703290E-10	 9.999970E-3	 2.404743E-6
6.800001E+0	 -1.744646E-10	 9.999830E-3	 2.404629E-6
6.600000E+0	 -1.867446E-10	 1.000007E-2	 2.405941E-6
6.400001E+0	 -1.963665E-10	 1.000009E-2	 2.408280E-6
6.200000E+0	 -2.081408E-10	 1.000003E-2	 2.412058E-6
6.000000E+0	 -2.221519E-10	 9.999926E-3	 2.416783E-6
5.800001E+0	 -2.283978E-10	 9.999995E-3	 2.423507E-6
5.600000E+0	 -2.473887E-10	 9.999854E-3	 2.431458E-6
5.400001E+0	 -2.565466E-10	 9.999905E-3	 2.440951E-6
5.200000E+0	 -2.622439E-10	 9.999963E-3	 2.450714E-6
5.000000E+0	 -2.782806E-10	 9.999958E-3	 2.462273E-6
4.800001E+0	 -2.856238E-10	 9.999992E-3	 2.473902E-6
4.600000E+0	 -3.009430E-10	 9.999857E-3	 2.487093E-6
4.400001E+0	 -3.038973E-10	 9.999942E-3	 2.500926E-6
4.200000E+0	 -3.300625E-10	 9.999703E-3	 2.515621E-6
4.000000E+0	 -3.308222E-10	 1.000003E-2	 2.531208E-6
3.800000E+0	 -3.432718E-10	 9.999949E-3	 2.547789E-6
3.600000E+0	 -3.503195E-10	 9.999865E-3	 2.564375E-6
3.400000E+0	 -3.632334E-10	 9.999970E-3	 2.581274E-6
3.200001E+0	 -3.823087E-10	 9.999970E-3	 2.599068E-6
3.000000E+0	 -2.766770E-10	 9.999867E-3	 2.616243E-6
2.800000E+0	 -3.914663E-10	 9.999868E-3	 2.636855E-6
2.600000E+0	 -4.176740E-10	 9.999578E-3	 2.656391E-6
2.400000E+0	 -4.182647E-10	 9.999957E-3	 2.675758E-6
2.200000E+0	 -4.252281E-10	 9.999882E-3	 2.695055E-6
2.000000E+0	 -4.318117E-10	 9.999990E-3	 2.715399E-6
1.800000E+0	 -4.513513E-10	 9.999854E-3	 2.736133E-6
1.600000E+0	 -4.683163E-10	 9.999952E-3	 2.757016E-6
1.400000E+0	 -4.693714E-10	 9.999773E-3	 2.778853E-6
1.200000E+0	 -4.816945E-10	 1.000007E-2	 2.801195E-6
1.000000E+0	 -5.164690E-10	 9.999810E-3	 2.825935E-6
8.000004E-1	 -5.284121E-10	 9.999863E-3	 2.855680E-6
6.000004E-1	 -5.444908E-10	 1.000006E-2	 2.904148E-6
4.000004E-1	 -5.789279E-10	 9.999746E-3	 3.043963E-6
2.000004E-1	 -5.719225E-10	 1.000007E-2	 3.654780E-6
3.725290E-7	 -6.015480E-10	 9.999962E-3	 3.712293E-6
-1.999996E-1	 -5.476138E-10	 1.000016E-2	 3.730531E-6
-3.999996E-1	 -5.685459E-10	 1.000005E-2	 3.746543E-6
-5.999997E-1	 -5.851737E-10	 1.000002E-2	 3.763536E-6
-7.999997E-1	 -6.012526E-10	 9.999992E-3	 3.809557E-6
-9.999996E-1	 -8.077469E-10	 9.999854E-3	 3.998275E-6
-1.200000E+0	 -6.464930E-10	 9.999877E-3	 4.088773E-6
-1.400000E+0	 -6.258989E-10	 9.999768E-3	 4.144924E-6
-1.600000E+0	 -6.490675E-10	 1.000001E-2	 4.201177E-6
-1.800000E+0	 -6.440455E-10	 9.999793E-3	 4.258700E-6
-2.000000E+0	 -6.716878E-10	 9.999856E-3	 4.317078E-6
-2.200000E+0	 -6.585628E-10	 9.999755E-3	 4.373730E-6
-2.400000E+0	 -6.760346E-10	 9.999963E-3	 4.431360E-6
-2.600000E+0	 -6.921556E-10	 9.999841E-3	 4.488717E-6
-2.800000E+0	 -7.012293E-10	 1.000015E-2	 4.545981E-6
-3.000000E+0	 -7.257487E-10	 9.999786E-3	 4.603567E-6
-3.200000E+0	 -7.127079E-10	 9.999954E-3	 4.660092E-6
-3.400000E+0	 -7.322477E-10	 9.999936E-3	 4.715656E-6
-3.600000E+0	 -7.540239E-10	 1.000006E-2	 4.772719E-6
-3.800000E+0	 -7.623374E-10	 1.000001E-2	 4.827124E-6
-4.000000E+0	 -7.875323E-10	 9.999828E-3	 4.881970E-6
-4.200000E+0	 -7.816662E-10	 9.999766E-3	 4.935916E-6
-4.400000E+0	 -7.901905E-10	 9.999795E-3	 4.989006E-6
-4.600000E+0	 -8.091821E-10	 9.999830E-3	 5.043400E-6
-4.800000E+0	 -7.996440E-10	 9.999852E-3	 5.095183E-6
-5.000000E+0	 -8.207031E-10	 9.999925E-3	 5.148132E-6
-5.200000E+0	 -8.283416E-10	 9.999897E-3	 5.198590E-6
-5.400000E+0	 -8.548442E-10	 9.999800E-3	 5.250702E-6
-5.600000E+0	 -8.498221E-10	 9.999980E-3	 5.303989E-6
-5.800000E+0	 -8.745525E-10	 9.999976E-3	 5.354838E-6
-6.000000E+0	 -8.684336E-10	 1.000002E-2	 5.404643E-6
-6.200000E+0	 -8.770430E-10	 9.999926E-3	 5.454760E-6
-6.400000E+0	 -8.901678E-10	 9.999804E-3	 5.502472E-6
-6.600000E+0	 -9.016041E-10	 9.999832E-3	 5.552015E-6
-6.800000E+0	 -9.184849E-10	 9.999757E-3	 5.599612E-6
-7.000000E+0	 -9.327074E-10	 9.999808E-3	 5.647875E-6
-7.200000E+0	 -9.400507E-10	 9.999731E-3	 5.696244E-6
-7.400000E+0	 -9.524576E-10	 9.999876E-3	 5.743733E-6
-7.600000E+0	 -9.556651E-10	 9.999774E-3	 5.790495E-6
-7.800000E+0	 -9.707732E-10	 9.999974E-3	 5.836016E-6
-8.000000E+0	 -1.002046E-9	 9.999819E-3	 5.881051E-6
-8.200000E+0	 -9.937308E-10	 1.000001E-2	 5.925898E-6
-8.400000E+0	 -1.012553E-9	 9.999839E-3	 5.971652E-6
-8.599999E+0	 -1.017744E-9	 9.999895E-3	 6.017188E-6
-8.800000E+0	 -1.029392E-9	 9.999734E-3	 6.061294E-6
-9.000000E+0	 -1.041335E-9	 9.999863E-3	 6.103937E-6
-9.200000E+0	 -1.049522E-9	 9.999636E-3	 6.146205E-6
-9.400000E+0	 -1.057119E-9	 9.999723E-3	 6.190341E-6
-9.599999E+0	 -1.068133E-9	 9.999756E-3	 6.234383E-6
-9.800000E+0	 -1.081427E-9	 9.999734E-3	 6.276776E-6
-1.000000E+1	 -1.082989E-9	 9.999984E-3	 6.319482E-6
-1.020000E+1	 -1.085015E-9	 9.999840E-3	 6.361387E-6
-1.040000E+1	 -1.111939E-9	 9.999694E-3	 6.401847E-6
-1.060000E+1	 -1.117720E-9	 9.999769E-3	 6.443026E-6
-1.080000E+1	 -1.127216E-9	 9.999805E-3	 6.485101E-6
-1.100000E+1	 -1.128609E-9	 9.999883E-3	 6.524277E-6
-1.120000E+1	 -1.154817E-9	 9.999867E-3	 6.563555E-6
-1.140000E+1	 -1.173090E-9	 9.999888E-3	 6.605930E-6
-1.160000E+1	 -1.172035E-9	 9.999839E-3	 6.645240E-6
-1.180000E+1	 -1.187861E-9	 9.999638E-3	 6.683938E-6
-1.200000E+1	 -1.193811E-9	 9.999860E-3	 6.723569E-6
-1.220000E+1	 -1.196259E-9	 9.999787E-3	 6.761822E-6
-1.240000E+1	 -1.214448E-9	 9.999837E-3	 6.801380E-6
-1.260000E+1	 -1.237406E-9	 9.999848E-3	 6.838594E-6
-1.280000E+1	 -1.241205E-9	 9.999746E-3	 6.876858E-6
-1.300000E+1	 -1.243652E-9	 9.999814E-3	 6.914211E-6
-1.320000E+1	 -1.266693E-9	 9.999841E-3	 6.951401E-6
-1.340000E+1	 -1.277414E-9	 9.999962E-3	 6.988385E-6
-1.360000E+1	 -1.272476E-9	 9.999999E-3	 7.026465E-6
-1.380000E+1	 -1.296151E-9	 9.999806E-3	 7.063403E-6
-1.400000E+1	 -1.301300E-9	 9.999961E-3	 7.099329E-6
-1.420000E+1	 -1.315859E-9	 9.999926E-3	 7.136180E-6
-1.440000E+1	 -1.330461E-9	 9.999745E-3	 7.171368E-6
-1.460000E+1	 -1.330208E-9	 9.999854E-3	 7.206151E-6
-1.480000E+1	 -1.337593E-9	 9.999847E-3	 7.241643E-6
-1.500000E+1	 -1.360551E-9	 9.999800E-3	 7.278558E-6
-1.520000E+1	 -1.370848E-9	 9.999883E-3	 7.312353E-6
-1.540000E+1	 -1.373549E-9	 9.999775E-3	 7.347538E-6
-1.560000E+1	 -1.386505E-9	 9.999990E-3	 7.379918E-6
-1.580000E+1	 -1.395832E-9	 9.999926E-3	 7.414425E-6
-1.600000E+1	 -1.408071E-9	 9.999964E-3	 7.448285E-6
-1.620000E+1	 -1.395410E-9	 9.999748E-3	 7.482788E-6
-1.640000E+1	 -1.410097E-9	 9.999806E-3	 7.515835E-6
-1.660000E+1	 -1.449049E-9	 9.999760E-3	 7.549091E-6
-1.680000E+1	 -1.463482E-9	 9.999827E-3	 7.580832E-6
-1.700000E+1	 -1.472387E-9	 1.000000E-2	 7.613290E-6
-1.720000E+1	 -1.466225E-9	 9.999712E-3	 7.645091E-6
-1.740000E+1	 -1.473991E-9	 9.999888E-3	 7.679327E-6
-1.760000E+1	 -1.490871E-9	 1.000000E-2	 7.711050E-6
-1.780000E+1	 -1.500282E-9	 9.999806E-3	 7.743142E-6
-1.800000E+1	 -1.509314E-9	 9.999743E-3	 7.774310E-6
-1.820000E+1	 -1.522523E-9	 9.999697E-3	 7.805620E-6
-1.840000E+1	 -1.536069E-9	 9.999599E-3	 7.836645E-6
-1.860000E+1	 -1.541092E-9	 9.999820E-3	 7.868135E-6
-1.880000E+1	 -1.552866E-9	 9.999827E-3	 7.898378E-6
-1.900000E+1	 -1.560672E-9	 9.999909E-3	 7.929776E-6
-1.920000E+1	 -1.567594E-9	 9.999839E-3	 7.958848E-6
-1.940000E+1	 -1.584306E-9	 9.999826E-3	 7.989310E-6
-1.960000E+1	 -1.592958E-9	 9.999939E-3	 8.019470E-6
-1.980000E+1	 -1.606295E-9	 9.999922E-3	 8.048145E-6
-2.000000E+1	 -1.613510E-9	 9.999987E-3	 8.077614E-6
-2.020000E+1	 -1.622500E-9	 9.999794E-3	 8.107710E-6
-2.040000E+1	 -1.641659E-9	 9.999745E-3	 8.136837E-6
-2.060000E+1	 -1.646387E-9	 9.999865E-3	 8.165539E-6
-2.080000E+1	 -1.655164E-9	 9.999838E-3	 8.192946E-6
-2.100000E+1	 -1.663857E-9	 9.999988E-3	 8.222166E-6
-2.120000E+1	 -1.683228E-9	 9.999746E-3	 8.252129E-6
-2.140000E+1	 -1.682384E-9	 9.999864E-3	 8.279484E-6
-2.160000E+1	 -1.701712E-9	 9.999803E-3	 8.306643E-6
-2.180000E+1	 -1.695677E-9	 9.999902E-3	 8.335956E-6
-2.200000E+1	 -1.710870E-9	 9.999803E-3	 8.364052E-6
-2.220000E+1	 -1.740327E-9	 9.999835E-3	 8.391984E-6
-2.240000E+1	 -1.739780E-9	 9.999669E-3	 8.417602E-6
-2.260000E+1	 -1.758684E-9	 9.999773E-3	 8.445191E-6
-2.280000E+1	 -1.752650E-9	 9.999836E-3	 8.470462E-6
-2.300000E+1	 -1.777802E-9	 9.999682E-3	 8.497024E-6
-2.320000E+1	 -1.775144E-9	 9.999848E-3	 8.523759E-6
-2.340000E+1	 -1.779448E-9	 9.999830E-3	 8.549167E-6
-2.360000E+1	 -1.805698E-9	 9.999911E-3	 8.576035E-6
-2.380000E+1	 -1.805994E-9	 9.999793E-3	 8.601550E-6
-2.400000E+1	 -1.825448E-9	 9.999974E-3	 8.626743E-6
-2.420000E+1	 -1.821988E-9	 9.999828E-3	 8.652311E-6
-2.440000E+1	 -1.843849E-9	 9.999731E-3	 8.676468E-6
-2.460000E+1	 -1.850517E-9	 9.999792E-3	 8.701706E-6
-2.480000E+1	 -1.863050E-9	 9.999913E-3	 8.725978E-6
-2.500000E+1	 -1.875628E-9	 1.000006E-2	 8.751383E-6
