1.000000E+0	 3.101614E+0	 4.999778E-2	 2.351306E-5
2.000000E+0	 3.401425E+0	 4.999788E-2	 2.352082E-5
3.000000E+0	 3.601625E+0	 4.999777E-2	 2.351594E-5
4.000000E+0	 3.900949E+0	 4.999775E-2	 2.351701E-5
5.000000E+0	 4.100169E+0	 4.999777E-2	 2.350682E-5
6.000000E+0	 4.399981E+0	 4.999764E-2	 2.350824E-5
7.000000E+0	 4.699794E+0	 4.999813E-2	 2.351517E-5
8.000000E+0	 5.001553E+0	 4.999760E-2	 2.351809E-5
9.000000E+0	 5.300387E+0	 4.999727E-2	 2.351356E-5
1.000000E+1	 5.600201E+0	 4.999788E-2	 2.351827E-5
1.100000E+1	 5.900009E+0	 4.999755E-2	 2.352405E-5
1.200000E+1	 6.199820E+0	 4.999797E-2	 2.351886E-5
1.300000E+1	 6.501585E+0	 4.999775E-2	 2.351298E-5
1.400000E+1	 6.699825E+0	 4.999752E-2	 2.351473E-5
1.500000E+1	 6.901001E+0	 4.999727E-2	 2.350460E-5
1.600000E+1	 7.199837E+0	 4.999776E-2	 2.351862E-5
1.700000E+1	 7.501596E+0	 4.999743E-2	 2.352272E-5
1.800000E+1	 7.801410E+0	 4.999790E-2	 2.351933E-5
1.900000E+1	 8.100246E+0	 4.999811E-2	 2.351580E-5
2.000000E+1	 8.400051E+0	 4.999790E-2	 2.351695E-5
2.100000E+1	 8.699859E+0	 4.999706E-2	 2.352658E-5
2.200000E+1	 9.001633E+0	 4.999727E-2	 2.351814E-5
2.300000E+1	 9.301432E+0	 4.999812E-2	 2.352295E-5
2.400000E+1	 9.600270E+0	 4.999806E-2	 2.352157E-5
2.500000E+1	 9.901539E+0	 4.999811E-2	 2.351784E-5
2.600000E+1	 1.009979E+1	 4.999799E-2	 2.351656E-5
2.700000E+1	 1.030097E+1	 4.999745E-2	 2.351619E-5
2.800000E+1	 1.059980E+1	 4.999707E-2	 2.352229E-5
2.900000E+1	 1.090155E+1	 4.999729E-2	 2.352893E-5
3.000000E+1	 1.120137E+1	 4.999767E-2	 2.351463E-5
3.100000E+1	 1.140157E+1	 4.999683E-2	 2.351823E-5
3.200000E+1	 1.159981E+1	 4.999755E-2	 2.352715E-5
3.300000E+1	 1.190158E+1	 4.999752E-2	 2.351351E-5
3.400000E+1	 1.220139E+1	 4.999783E-2	 2.351967E-5
3.500000E+1	 1.250022E+1	 4.999753E-2	 2.351233E-5
3.600000E+1	 1.280003E+1	 4.999767E-2	 2.352003E-5
3.700000E+1	 1.309984E+1	 4.999740E-2	 2.351535E-5
3.800000E+1	 1.340161E+1	 4.999777E-2	 2.351401E-5
3.900000E+1	 1.370141E+1	 4.999765E-2	 2.350923E-5
4.000000E+1	 1.400025E+1	 4.999764E-2	 2.352101E-5
4.100000E+1	 1.430006E+1	 4.999742E-2	 2.351329E-5
4.200000E+1	 1.450025E+1	 4.999731E-2	 2.351736E-5
4.300000E+1	 1.469997E+1	 4.999754E-2	 2.350493E-5
4.400000E+1	 1.499978E+1	 4.999705E-2	 2.352056E-5
4.500000E+1	 1.530154E+1	 4.999708E-2	 2.351608E-5
4.600000E+1	 1.560037E+1	 4.999781E-2	 2.351439E-5
4.700000E+1	 1.590018E+1	 4.999750E-2	 2.350511E-5
4.800000E+1	 1.619999E+1	 4.999755E-2	 2.351710E-5
4.900000E+1	 1.649980E+1	 4.999730E-2	 2.351592E-5
5.000000E+1	 1.680156E+1	 4.999720E-2	 2.352062E-5
5.100000E+1	 1.710137E+1	 4.999787E-2	 2.351073E-5
5.200000E+1	 1.730157E+1	 4.999707E-2	 2.351649E-5
5.300000E+1	 1.749982E+1	 4.999732E-2	 2.351983E-5
5.400000E+1	 1.780158E+1	 4.999752E-2	 2.351475E-5
5.500000E+1	 1.810139E+1	 4.999718E-2	 2.352081E-5
5.600000E+1	 1.840022E+1	 4.999730E-2	 2.350765E-5
5.700000E+1	 1.870003E+1	 4.999707E-2	 2.351164E-5
5.800000E+1	 1.899984E+1	 4.999732E-2	 2.351895E-5
5.900000E+1	 1.930161E+1	 4.999705E-2	 2.351619E-5
6.000000E+1	 1.949986E+1	 4.999692E-2	 2.352275E-5
6.100000E+1	 1.980161E+1	 4.999705E-2	 2.351672E-5
6.200000E+1	 2.010143E+1	 4.999707E-2	 2.352374E-5
6.300000E+1	 2.040026E+1	 4.999717E-2	 2.351070E-5
6.400000E+1	 2.060046E+1	 4.999731E-2	 2.350943E-5
6.500000E+1	 2.090027E+1	 4.999721E-2	 2.350461E-5
6.600000E+1	 2.120008E+1	 4.999673E-2	 2.349926E-5
6.700000E+1	 2.140027E+1	 4.999639E-2	 2.350495E-5
6.800000E+1	 2.160048E+1	 4.999697E-2	 2.355223E-5
6.900000E+1	 2.180165E+1	 4.999717E-2	 2.355366E-5
7.000000E+1	 2.210146E+1	 4.999755E-2	 2.355869E-5
7.100000E+1	 2.230166E+1	 4.999673E-2	 2.354707E-5
7.200000E+1	 2.260147E+1	 4.999672E-2	 2.356249E-5
7.300000E+1	 2.290030E+1	 4.999719E-2	 2.355720E-5
7.400000E+1	 2.320011E+1	 4.999708E-2	 2.356107E-5
7.500000E+1	 2.349992E+1	 4.999679E-2	 2.356658E-5
7.600000E+1	 2.370012E+1	 4.999750E-2	 2.355289E-5
7.700000E+1	 2.390130E+1	 4.999708E-2	 2.356110E-5
7.800000E+1	 2.420013E+1	 4.999766E-2	 2.356953E-5
7.900000E+1	 2.449994E+1	 4.999695E-2	 2.356864E-5
8.000000E+1	 2.479974E+1	 4.999726E-2	 2.356642E-5
8.100000E+1	 2.510005E+1	 4.999729E-2	 2.357445E-5
8.200000E+1	 2.540135E+1	 4.999727E-2	 2.357493E-5
8.300000E+1	 2.560006E+1	 4.999720E-2	 2.356911E-5
8.400000E+1	 2.580124E+1	 4.999715E-2	 2.358028E-5
8.500000E+1	 2.610105E+1	 4.999730E-2	 2.358327E-5
8.600000E+1	 2.640036E+1	 4.999740E-2	 2.358238E-5
8.700000E+1	 2.670118E+1	 4.999732E-2	 2.358039E-5
8.800000E+1	 2.689989E+1	 4.999766E-2	 2.359551E-5
8.900000E+1	 2.710155E+1	 4.999777E-2	 2.358882E-5
9.000000E+1	 2.740038E+1	 4.999743E-2	 2.359761E-5
9.100000E+1	 2.760010E+1	 4.999717E-2	 2.359202E-5
9.200000E+1	 2.780130E+1	 4.999742E-2	 2.358787E-5
9.300000E+1	 2.810111E+1	 4.999752E-2	 2.359562E-5
9.400000E+1	 2.840138E+1	 4.999766E-2	 2.360912E-5
9.500000E+1	 2.870119E+1	 4.999777E-2	 2.360543E-5
9.600000E+1	 2.890139E+1	 4.999798E-2	 2.360240E-5
9.700000E+1	 2.920122E+1	 4.999776E-2	 2.359485E-5
9.800000E+1	 2.940143E+1	 4.999764E-2	 2.360473E-5
9.900000E+1	 2.960111E+1	 4.999720E-2	 2.360050E-5
1.000000E+2	 2.980034E+1	 4.999752E-2	 2.360778E-5
1.010000E+2	 3.000005E+1	 4.999766E-2	 2.360184E-5
1.020000E+2	 3.019976E+1	 4.999775E-2	 2.360035E-5
1.030000E+2	 3.050103E+1	 4.999774E-2	 2.360628E-5
1.040000E+2	 3.080133E+1	 4.999787E-2	 2.361432E-5
1.050000E+2	 3.110114E+1	 4.999692E-2	 2.360823E-5
1.060000E+2	 3.140145E+1	 4.999760E-2	 2.362838E-5
1.070000E+2	 3.170124E+1	 4.999765E-2	 2.358044E-5
1.080000E+2	 3.200105E+1	 4.999761E-2	 2.357961E-5
1.090000E+2	 3.230135E+1	 4.999739E-2	 2.358102E-5
1.100000E+2	 3.260116E+1	 4.999758E-2	 2.358076E-5
1.110000E+2	 3.290145E+1	 4.999760E-2	 2.358668E-5
1.120000E+2	 3.320127E+1	 4.999718E-2	 2.358710E-5
1.130000E+2	 3.350110E+1	 4.999766E-2	 2.359138E-5
1.140000E+2	 3.380188E+1	 4.999727E-2	 2.359371E-5
1.150000E+2	 3.410022E+1	 4.999742E-2	 2.359994E-5
1.160000E+2	 3.440100E+1	 4.999779E-2	 2.360229E-5
1.170000E+2	 3.469983E+1	 4.999729E-2	 2.359590E-5
1.180000E+2	 3.500013E+1	 4.999727E-2	 2.359699E-5
1.190000E+2	 3.530092E+1	 4.999753E-2	 2.359637E-5
1.200000E+2	 3.560124E+1	 4.999731E-2	 2.360216E-5
1.210000E+2	 3.580044E+1	 4.999717E-2	 2.359581E-5
1.220000E+2	 3.600113E+1	 4.999731E-2	 2.360077E-5
1.230000E+2	 3.630144E+1	 4.999753E-2	 2.359512E-5
1.240000E+2	 3.660123E+1	 4.999743E-2	 2.359424E-5
1.250000E+2	 3.690104E+1	 4.999778E-2	 2.360087E-5
1.260000E+2	 3.720136E+1	 4.999751E-2	 2.359195E-5
1.270000E+2	 3.750115E+1	 4.999739E-2	 2.360098E-5
1.280000E+2	 3.780145E+1	 4.999685E-2	 2.360278E-5
1.290000E+2	 3.800116E+1	 4.999716E-2	 2.359853E-5
1.300000E+2	 3.830148E+1	 4.999732E-2	 2.360155E-5
1.310000E+2	 3.850116E+1	 4.999694E-2	 2.360259E-5
1.320000E+2	 3.880096E+1	 4.999696E-2	 2.361414E-5
1.330000E+2	 3.910128E+1	 4.999707E-2	 2.361187E-5
1.340000E+2	 3.940111E+1	 4.999730E-2	 2.360710E-5
1.350000E+2	 3.969992E+1	 4.999705E-2	 2.361005E-5
1.360000E+2	 3.999973E+1	 4.999751E-2	 2.359908E-5
1.370000E+2	 4.030149E+1	 4.999628E-2	 2.360695E-5
1.380000E+2	 4.049974E+1	 4.999692E-2	 2.360916E-5
1.390000E+2	 4.070090E+1	 4.999731E-2	 2.360561E-5
1.400000E+2	 4.100121E+1	 4.999765E-2	 2.361850E-5
1.410000E+2	 4.130102E+1	 4.999753E-2	 2.362141E-5
1.420000E+2	 4.160131E+1	 4.999740E-2	 2.360847E-5
1.430000E+2	 4.190113E+1	 4.999727E-2	 2.366584E-5
1.440000E+2	 4.220142E+1	 4.999717E-2	 2.365845E-5
1.450000E+2	 4.249977E+1	 4.999727E-2	 2.366409E-5
1.460000E+2	 4.280154E+1	 4.999636E-2	 2.367261E-5
1.470000E+2	 4.300125E+1	 4.999751E-2	 2.367968E-5
1.480000E+2	 4.320144E+1	 4.999702E-2	 2.367094E-5
1.490000E+2	 4.350126E+1	 4.999774E-2	 2.366308E-5
1.500000E+2	 4.380106E+1	 4.999707E-2	 2.368429E-5
1.510000E+2	 4.410136E+1	 4.999707E-2	 2.366699E-5
1.520000E+2	 4.430107E+1	 4.999708E-2	 2.367748E-5
1.530000E+2	 4.450029E+1	 4.999708E-2	 2.368150E-5
1.540000E+2	 4.480110E+1	 4.999683E-2	 2.369430E-5
1.550000E+2	 4.510140E+1	 4.999681E-2	 2.368040E-5
1.560000E+2	 4.530112E+1	 4.999672E-2	 2.369023E-5
1.570000E+2	 4.550031E+1	 4.999697E-2	 2.368489E-5
1.580000E+2	 4.580112E+1	 4.999720E-2	 2.368823E-5
1.590000E+2	 4.610138E+1	 4.999719E-2	 2.369258E-5
1.600000E+2	 4.639974E+1	 4.999737E-2	 2.368428E-5
1.610000E+2	 4.660141E+1	 4.999640E-2	 2.369468E-5
1.620000E+2	 4.680112E+1	 4.999651E-2	 2.369115E-5
1.630000E+2	 4.710144E+1	 4.999661E-2	 2.370528E-5
1.640000E+2	 4.740122E+1	 4.999639E-2	 2.369850E-5
1.650000E+2	 4.759996E+1	 4.999639E-2	 2.369695E-5
1.660000E+2	 4.780113E+1	 4.999708E-2	 2.370085E-5
1.670000E+2	 4.810143E+1	 4.999686E-2	 2.371156E-5
1.680000E+2	 4.830117E+1	 4.999693E-2	 2.370662E-5
1.690000E+2	 4.849988E+1	 4.999696E-2	 2.370482E-5
1.700000E+2	 4.880164E+1	 4.999696E-2	 2.370842E-5
1.710000E+2	 4.900135E+1	 4.999695E-2	 2.370495E-5
1.720000E+2	 4.920155E+1	 4.999673E-2	 2.371297E-5
1.730000E+2	 4.950138E+1	 4.999730E-2	 2.370781E-5
1.740000E+2	 4.980168E+1	 4.999727E-2	 2.371977E-5
1.750000E+2	 5.000090E+1	 4.999694E-2	 2.372123E-5
1.760000E+2	 5.020156E+1	 4.999660E-2	 2.371861E-5
1.770000E+2	 5.050137E+1	 4.999696E-2	 2.372657E-5
1.780000E+2	 5.080119E+1	 4.999692E-2	 2.372519E-5
1.790000E+2	 5.099992E+1	 4.999764E-2	 2.372005E-5
1.800000E+2	 5.120061E+1	 4.999756E-2	 2.367137E-5
1.810000E+2	 5.150092E+1	 4.999717E-2	 2.368279E-5
1.820000E+2	 5.180168E+1	 4.999706E-2	 2.368125E-5
1.830000E+2	 5.210101E+1	 4.999767E-2	 2.367859E-5
1.840000E+2	 5.240131E+1	 4.999761E-2	 2.369295E-5
1.850000E+2	 5.270161E+1	 4.999741E-2	 2.368363E-5
1.860000E+2	 5.300093E+1	 4.999750E-2	 2.367651E-5
1.870000E+2	 5.330125E+1	 4.999708E-2	 2.368182E-5
1.880000E+2	 5.349997E+1	 4.999693E-2	 2.367989E-5
1.890000E+2	 5.370116E+1	 4.999740E-2	 2.368127E-5
1.900000E+2	 5.400146E+1	 4.999697E-2	 2.368581E-5
1.910000E+2	 5.430125E+1	 4.999674E-2	 2.368470E-5
1.920000E+2	 5.460107E+1	 4.999684E-2	 2.368783E-5
1.930000E+2	 5.489989E+1	 4.999754E-2	 2.368818E-5
1.940000E+2	 5.520019E+1	 4.999731E-2	 2.369595E-5
1.950000E+2	 5.550148E+1	 4.999777E-2	 2.370243E-5
1.960000E+2	 5.580028E+1	 4.999708E-2	 2.369614E-5
1.970000E+2	 5.610110E+1	 4.999685E-2	 2.370553E-5
1.980000E+2	 5.629982E+1	 4.999720E-2	 2.370558E-5
1.990000E+2	 5.650099E+1	 4.999718E-2	 2.370300E-5
2.000000E+2	 5.679982E+1	 4.999693E-2	 2.370284E-5
2.010000E+2	 5.700151E+1	 4.999719E-2	 2.369863E-5
2.020000E+2	 5.719973E+1	 4.999729E-2	 2.370265E-5
2.030000E+2	 5.750150E+1	 4.999729E-2	 2.370593E-5
2.040000E+2	 5.780032E+1	 4.999732E-2	 2.370706E-5
2.050000E+2	 5.810112E+1	 4.999717E-2	 2.370709E-5
2.060000E+2	 5.840092E+1	 4.999752E-2	 2.370440E-5
2.070000E+2	 5.870124E+1	 4.999753E-2	 2.370689E-5
2.080000E+2	 5.900105E+1	 4.999743E-2	 2.369928E-5
2.090000E+2	 5.930133E+1	 4.999789E-2	 2.370310E-5
2.100000E+2	 5.960114E+1	 4.999749E-2	 2.371453E-5
2.110000E+2	 5.990144E+1	 4.999717E-2	 2.370933E-5
2.120000E+2	 6.020125E+1	 4.999660E-2	 2.370699E-5
2.130000E+2	 6.050108E+1	 4.999742E-2	 2.371098E-5
2.140000E+2	 6.080138E+1	 4.999740E-2	 2.372013E-5
2.150000E+2	 6.110166E+1	 4.999708E-2	 2.371981E-5
2.160000E+2	 6.140147E+1	 4.999692E-2	 2.376020E-5
2.170000E+2	 6.160120E+1	 4.999661E-2	 2.376694E-5
2.180000E+2	 6.179991E+1	 4.999697E-2	 2.376378E-5
2.190000E+2	 6.210118E+1	 4.999663E-2	 2.376780E-5
2.200000E+2	 6.240100E+1	 4.999742E-2	 2.375382E-5
2.210000E+2	 6.269983E+1	 4.999673E-2	 2.375833E-5
2.220000E+2	 6.300161E+1	 4.999657E-2	 2.375957E-5
2.230000E+2	 6.330140E+1	 4.999682E-2	 2.377045E-5
2.240000E+2	 6.359974E+1	 4.999706E-2	 2.376509E-5
2.250000E+2	 6.390151E+1	 4.999684E-2	 2.377233E-5
2.260000E+2	 6.419985E+1	 4.999718E-2	 2.377804E-5
2.270000E+2	 6.450162E+1	 4.999697E-2	 2.377216E-5
2.280000E+2	 6.479995E+1	 4.999692E-2	 2.378292E-5
2.290000E+2	 6.510126E+1	 4.999739E-2	 2.377513E-5
2.300000E+2	 6.529997E+1	 4.999654E-2	 2.377134E-5
2.310000E+2	 6.550117E+1	 4.999672E-2	 2.377442E-5
2.320000E+2	 6.580145E+1	 4.999613E-2	 2.378192E-5
2.330000E+2	 6.600117E+1	 4.999726E-2	 2.377807E-5
2.340000E+2	 6.620135E+1	 4.999741E-2	 2.377831E-5
2.350000E+2	 6.650165E+1	 4.999702E-2	 2.377705E-5
2.360000E+2	 6.680146E+1	 4.999693E-2	 2.377876E-5
2.370000E+2	 6.709980E+1	 4.999708E-2	 2.378410E-5
2.380000E+2	 6.740111E+1	 4.999743E-2	 2.378005E-5
2.390000E+2	 6.770140E+1	 4.999740E-2	 2.378525E-5
2.400000E+2	 6.800119E+1	 4.999738E-2	 2.379814E-5
2.410000E+2	 6.830151E+1	 4.999740E-2	 2.379087E-5
2.420000E+2	 6.860031E+1	 4.999766E-2	 2.378791E-5
2.430000E+2	 6.890012E+1	 4.999719E-2	 2.379667E-5
2.440000E+2	 6.919993E+1	 4.999714E-2	 2.380493E-5
2.450000E+2	 6.949975E+1	 4.999753E-2	 2.380749E-5
2.460000E+2	 6.980151E+1	 4.999738E-2	 2.380433E-5
2.470000E+2	 7.010132E+1	 4.999718E-2	 2.380771E-5
2.480000E+2	 7.040114E+1	 4.999727E-2	 2.380757E-5
2.490000E+2	 7.070143E+1	 4.999707E-2	 2.380455E-5
2.500000E+2	 7.100124E+1	 4.999752E-2	 2.380090E-5
2.510000E+2	 7.119998E+1	 4.999764E-2	 2.381254E-5
2.520000E+2	 7.140018E+1	 4.999753E-2	 2.375793E-5
2.530000E+2	 7.170098E+1	 4.999775E-2	 2.374928E-5
2.540000E+2	 7.200126E+1	 4.999776E-2	 2.375871E-5
2.550000E+2	 7.230107E+1	 4.999834E-2	 2.376530E-5
2.560000E+2	 7.250127E+1	 4.999753E-2	 2.376538E-5
2.570000E+2	 7.270049E+1	 4.999741E-2	 2.376815E-5
2.580000E+2	 7.300130E+1	 4.999707E-2	 2.375818E-5
2.590000E+2	 7.330109E+1	 4.999707E-2	 2.376247E-5
2.600000E+2	 7.360139E+1	 4.999707E-2	 2.376965E-5
2.610000E+2	 7.390119E+1	 4.999695E-2	 2.377411E-5
2.620000E+2	 7.420099E+1	 4.999660E-2	 2.376962E-5
2.630000E+2	 7.440121E+1	 4.999671E-2	 2.376925E-5
2.640000E+2	 7.460143E+1	 4.999649E-2	 2.376671E-5
2.650000E+2	 7.490124E+1	 4.999650E-2	 2.376854E-5
2.660000E+2	 7.520104E+1	 4.999649E-2	 2.376818E-5
2.670000E+2	 7.549986E+1	 4.999645E-2	 2.377293E-5
2.680000E+2	 7.580164E+1	 4.999660E-2	 2.377370E-5
2.690000E+2	 7.610143E+1	 4.999708E-2	 2.377077E-5
2.700000E+2	 7.630114E+1	 4.999716E-2	 2.377799E-5
2.710000E+2	 7.660143E+1	 4.999704E-2	 2.377659E-5
2.720000E+2	 7.690125E+1	 4.999692E-2	 2.377299E-5
2.730000E+2	 7.710145E+1	 4.999706E-2	 2.378303E-5
2.740000E+2	 7.739980E+1	 4.999729E-2	 2.378670E-5
2.750000E+2	 7.770155E+1	 4.999747E-2	 2.378640E-5
2.760000E+2	 7.800137E+1	 4.999740E-2	 2.377641E-5
2.770000E+2	 7.820107E+1	 4.999719E-2	 2.378111E-5
2.780000E+2	 7.840128E+1	 4.999714E-2	 2.378415E-5
2.790000E+2	 7.860098E+1	 4.999708E-2	 2.378147E-5
2.800000E+2	 7.880167E+1	 4.999705E-2	 2.378115E-5
2.810000E+2	 7.910100E+1	 4.999681E-2	 2.378288E-5
2.820000E+2	 7.939983E+1	 4.999706E-2	 2.378584E-5
2.830000E+2	 7.970159E+1	 4.999743E-2	 2.379317E-5
2.840000E+2	 8.000140E+1	 4.999687E-2	 2.379045E-5
2.850000E+2	 8.030123E+1	 4.999705E-2	 2.378978E-5
2.860000E+2	 8.060102E+1	 4.999693E-2	 2.378376E-5
2.870000E+2	 8.079975E+1	 4.999624E-2	 2.378278E-5
2.880000E+2	 8.099995E+1	 4.999683E-2	 2.392723E-5
2.890000E+2	 8.120161E+1	 4.999695E-2	 2.391946E-5
2.900000E+2	 8.150145E+1	 4.999672E-2	 2.392887E-5
2.910000E+2	 8.170113E+1	 4.999740E-2	 2.392933E-5
2.920000E+2	 8.200095E+1	 4.999707E-2	 2.394077E-5
2.930000E+2	 8.229977E+1	 4.999708E-2	 2.393068E-5
2.940000E+2	 8.260104E+1	 4.999661E-2	 2.393334E-5
2.950000E+2	 8.290134E+1	 4.999762E-2	 2.394209E-5
2.960000E+2	 8.320118E+1	 4.999738E-2	 2.394590E-5
2.970000E+2	 8.340138E+1	 4.999751E-2	 2.393571E-5
2.980000E+2	 8.360110E+1	 4.999764E-2	 2.393205E-5
2.990000E+2	 8.390137E+1	 4.999785E-2	 2.394796E-5
3.000000E+2	 8.420117E+1	 4.999727E-2	 2.395293E-5
3.010000E+2	 8.450098E+1	 4.999742E-2	 2.395171E-5
3.020000E+2	 8.480130E+1	 4.999742E-2	 2.395956E-5
3.030000E+2	 8.510110E+1	 4.999753E-2	 2.396390E-5
3.040000E+2	 8.540141E+1	 4.999731E-2	 2.395359E-5
3.050000E+2	 8.560113E+1	 4.999718E-2	 2.395241E-5
3.060000E+2	 8.580130E+1	 4.999705E-2	 2.396080E-5
3.070000E+2	 8.610114E+1	 4.999739E-2	 2.396905E-5
3.080000E+2	 8.640144E+1	 4.999746E-2	 2.397101E-5
3.090000E+2	 8.670123E+1	 4.999714E-2	 2.396828E-5
3.100000E+2	 8.689996E+1	 4.999740E-2	 2.397628E-5
3.110000E+2	 8.720026E+1	 4.999832E-2	 2.396883E-5
3.120000E+2	 8.739996E+1	 4.999741E-2	 2.396915E-5
3.130000E+2	 8.760163E+1	 4.999717E-2	 2.397560E-5
3.140000E+2	 8.779987E+1	 4.999717E-2	 2.398125E-5
3.150000E+2	 8.810165E+1	 4.999751E-2	 2.398109E-5
3.160000E+2	 8.840144E+1	 4.999786E-2	 2.398647E-5
3.170000E+2	 8.870126E+1	 4.999715E-2	 2.399893E-5
3.180000E+2	 8.900108E+1	 4.999742E-2	 2.399706E-5
3.190000E+2	 8.930138E+1	 4.999727E-2	 2.400687E-5
3.200000E+2	 8.960119E+1	 4.999696E-2	 2.400646E-5
3.210000E+2	 8.990150E+1	 4.999672E-2	 2.400735E-5
3.220000E+2	 9.020128E+1	 4.999682E-2	 2.400135E-5
3.230000E+2	 9.050158E+1	 4.999692E-2	 2.400812E-5
3.240000E+2	 9.080139E+1	 4.999720E-2	 2.400845E-5
3.250000E+2	 9.110120E+1	 4.999672E-2	 2.399660E-5
3.260000E+2	 9.140152E+1	 4.999730E-2	 2.400810E-5
3.270000E+2	 9.170133E+1	 4.999717E-2	 2.400830E-5
3.280000E+2	 9.200111E+1	 4.999729E-2	 2.386261E-5
3.290000E+2	 9.230140E+1	 4.999696E-2	 2.387783E-5
3.300000E+2	 9.260124E+1	 4.999699E-2	 2.388257E-5
3.310000E+2	 9.290104E+1	 4.999703E-2	 2.388610E-5
3.320000E+2	 9.320135E+1	 4.999730E-2	 2.388676E-5
3.330000E+2	 9.350166E+1	 4.999732E-2	 2.388981E-5
3.340000E+2	 9.380146E+1	 4.999708E-2	 2.388548E-5
3.350000E+2	 9.409978E+1	 4.999696E-2	 2.389278E-5
3.360000E+2	 9.440108E+1	 4.999761E-2	 2.390625E-5
3.370000E+2	 9.470136E+1	 4.999729E-2	 2.389601E-5
3.380000E+2	 9.500117E+1	 4.999752E-2	 2.390303E-5
3.390000E+2	 9.530000E+1	 4.999741E-2	 2.390270E-5
3.400000E+2	 9.560030E+1	 4.999718E-2	 2.390137E-5
3.410000E+2	 9.580150E+1	 4.999730E-2	 2.390652E-5
3.420000E+2	 9.610130E+1	 4.999635E-2	 2.390907E-5
3.430000E+2	 9.640112E+1	 4.999693E-2	 2.390673E-5
3.440000E+2	 9.670139E+1	 4.999717E-2	 2.391465E-5
3.450000E+2	 9.700121E+1	 4.999692E-2	 2.391497E-5
3.460000E+2	 9.719994E+1	 4.999703E-2	 2.392257E-5
3.470000E+2	 9.750022E+1	 4.999695E-2	 2.392022E-5
3.480000E+2	 9.780103E+1	 4.999695E-2	 2.392699E-5
3.490000E+2	 9.810132E+1	 4.999705E-2	 2.391734E-5
3.500000E+2	 9.840164E+1	 4.999697E-2	 2.393118E-5
3.510000E+2	 9.870145E+1	 4.999705E-2	 2.392491E-5
3.520000E+2	 9.900124E+1	 4.999718E-2	 2.393070E-5
3.530000E+2	 9.930107E+1	 4.999730E-2	 2.393276E-5
3.540000E+2	 9.960135E+1	 4.999717E-2	 2.392727E-5
3.550000E+2	 9.990118E+1	 4.999682E-2	 2.392857E-5
3.560000E+2	 1.002000E+2	 4.999656E-2	 2.392719E-5
3.570000E+2	 1.004998E+2	 4.999683E-2	 2.392850E-5
3.580000E+2	 1.008001E+2	 4.999718E-2	 2.393927E-5
3.590000E+2	 1.009998E+2	 4.999671E-2	 2.393863E-5
3.600000E+2	 1.012015E+2	 4.999661E-2	 2.394635E-5
3.610000E+2	 1.015013E+2	 4.999695E-2	 2.393750E-5
3.620000E+2	 1.018011E+2	 4.999637E-2	 2.394596E-5
3.630000E+2	 1.021014E+2	 4.999680E-2	 2.394141E-5
3.640000E+2	 1.024012E+2	 4.999671E-2	 2.409119E-5
3.650000E+2	 1.027015E+2	 4.999741E-2	 2.408696E-5
3.660000E+2	 1.028997E+2	 4.999660E-2	 2.408439E-5
3.670000E+2	 1.031009E+2	 4.999681E-2	 2.408619E-5
3.680000E+2	 1.034012E+2	 4.999659E-2	 2.408079E-5
3.690000E+2	 1.037010E+2	 4.999675E-2	 2.408507E-5
3.700000E+2	 1.040013E+2	 4.999704E-2	 2.407771E-5
3.710000E+2	 1.043011E+2	 4.999761E-2	 2.408597E-5
3.720000E+2	 1.046014E+2	 4.999707E-2	 2.408112E-5
3.730000E+2	 1.049012E+2	 4.999775E-2	 2.409255E-5
3.740000E+2	 1.052010E+2	 4.999705E-2	 2.409245E-5
3.750000E+2	 1.055014E+2	 4.999788E-2	 2.408935E-5
3.760000E+2	 1.058012E+2	 4.999705E-2	 2.409389E-5
3.770000E+2	 1.059999E+2	 4.999695E-2	 2.410917E-5
3.780000E+2	 1.062006E+2	 4.999716E-2	 2.409424E-5
3.790000E+2	 1.065014E+2	 4.999729E-2	 2.409882E-5
3.800000E+2	 1.068017E+2	 4.999717E-2	 2.411027E-5
3.810000E+2	 1.071010E+2	 4.999695E-2	 2.410532E-5
3.820000E+2	 1.074013E+2	 4.999682E-2	 2.411113E-5
3.830000E+2	 1.076010E+2	 4.999683E-2	 2.410950E-5
3.840000E+2	 1.078012E+2	 4.999645E-2	 2.410450E-5
3.850000E+2	 1.081010E+2	 4.999658E-2	 2.411075E-5
3.860000E+2	 1.082997E+2	 4.999635E-2	 2.410301E-5
3.870000E+2	 1.085009E+2	 4.999596E-2	 2.411657E-5
3.880000E+2	 1.088012E+2	 4.999672E-2	 2.410175E-5
3.890000E+2	 1.091010E+2	 4.999612E-2	 2.411224E-5
3.900000E+2	 1.093999E+2	 4.999661E-2	 2.411795E-5
3.910000E+2	 1.097016E+2	 4.999660E-2	 2.411516E-5
3.920000E+2	 1.100014E+2	 4.999648E-2	 2.411300E-5
3.930000E+2	 1.103012E+2	 4.999717E-2	 2.411615E-5
3.940000E+2	 1.106011E+2	 4.999660E-2	 2.411328E-5
3.950000E+2	 1.109013E+2	 4.999613E-2	 2.411349E-5
3.960000E+2	 1.112012E+2	 4.999685E-2	 2.412670E-5
3.970000E+2	 1.115015E+2	 4.999683E-2	 2.412992E-5
3.980000E+2	 1.118013E+2	 4.999672E-2	 2.412392E-5
3.990000E+2	 1.121011E+2	 4.999648E-2	 2.413159E-5
4.000000E+2	 1.124014E+2	 4.999672E-2	 2.397629E-5
4.010000E+2	 1.127012E+2	 4.999625E-2	 2.398748E-5
4.020000E+2	 1.130010E+2	 4.999707E-2	 2.397619E-5
4.030000E+2	 1.133013E+2	 4.999656E-2	 2.398931E-5
4.040000E+2	 1.136011E+2	 4.999715E-2	 2.399109E-5
4.050000E+2	 1.139014E+2	 4.999659E-2	 2.400536E-5
4.060000E+2	 1.142012E+2	 4.999667E-2	 2.398712E-5
4.070000E+2	 1.145010E+2	 4.999707E-2	 2.399865E-5
4.080000E+2	 1.148013E+2	 4.999672E-2	 2.401493E-5
4.090000E+2	 1.151011E+2	 4.999669E-2	 2.401079E-5
4.100000E+2	 1.154015E+2	 4.999726E-2	 2.400823E-5
4.110000E+2	 1.157012E+2	 4.999717E-2	 2.401042E-5
4.120000E+2	 1.159009E+2	 4.999634E-2	 2.401269E-5
4.130000E+2	 1.161016E+2	 4.999707E-2	 2.400164E-5
4.140000E+2	 1.164000E+2	 4.999623E-2	 2.399099E-5
4.150000E+2	 1.167003E+2	 4.999671E-2	 2.400737E-5
4.160000E+2	 1.169010E+2	 4.999683E-2	 2.400577E-5
4.170000E+2	 1.171012E+2	 4.999682E-2	 2.400932E-5
4.180000E+2	 1.173009E+2	 4.999697E-2	 2.400853E-5
4.190000E+2	 1.175016E+2	 4.999707E-2	 2.401558E-5
4.200000E+2	 1.178014E+2	 4.999717E-2	 2.401380E-5
4.210000E+2	 1.181012E+2	 4.999713E-2	 2.402075E-5
4.220000E+2	 1.184010E+2	 4.999695E-2	 2.401240E-5
4.230000E+2	 1.187013E+2	 4.999694E-2	 2.401587E-5
4.240000E+2	 1.190011E+2	 4.999717E-2	 2.401484E-5
4.250000E+2	 1.193014E+2	 4.999707E-2	 2.402677E-5
4.260000E+2	 1.196012E+2	 4.999717E-2	 2.402804E-5
4.270000E+2	 1.199010E+2	 4.999683E-2	 2.402894E-5
4.280000E+2	 1.202013E+2	 4.999749E-2	 2.401973E-5
4.290000E+2	 1.205011E+2	 4.999695E-2	 2.402452E-5
4.300000E+2	 1.208014E+2	 4.999729E-2	 2.402480E-5
4.310000E+2	 1.211012E+2	 4.999707E-2	 2.403590E-5
4.320000E+2	 1.214011E+2	 4.999707E-2	 2.402920E-5
4.330000E+2	 1.217013E+2	 4.999705E-2	 2.403317E-5
4.340000E+2	 1.220012E+2	 4.999729E-2	 2.403545E-5
4.350000E+2	 1.222004E+2	 4.999738E-2	 2.402867E-5
4.360000E+2	 1.224016E+2	 4.999681E-2	 2.403808E-5
4.370000E+2	 1.226008E+2	 4.999693E-2	 2.403432E-5
4.380000E+2	 1.228015E+2	 4.999657E-2	 2.403230E-5
4.390000E+2	 1.230998E+2	 4.999672E-2	 2.433055E-5
4.400000E+2	 1.233015E+2	 4.999671E-2	 2.433280E-5
4.410000E+2	 1.235017E+2	 4.999657E-2	 2.432380E-5
4.420000E+2	 1.238015E+2	 4.999626E-2	 2.431109E-5
4.430000E+2	 1.241018E+2	 4.999696E-2	 2.431069E-5
4.440000E+2	 1.243010E+2	 4.999691E-2	 2.430717E-5
4.450000E+2	 1.246013E+2	 4.999659E-2	 2.428696E-5
4.460000E+2	 1.249016E+2	 4.999679E-2	 2.428538E-5
4.470000E+2	 1.251013E+2	 4.999707E-2	 2.427525E-5
4.480000E+2	 1.254016E+2	 4.999658E-2	 2.427028E-5
4.490000E+2	 1.257014E+2	 4.999695E-2	 2.426263E-5
4.500000E+2	 1.260012E+2	 4.999705E-2	 2.426134E-5
4.510000E+2	 1.263010E+2	 4.999680E-2	 2.426062E-5
4.520000E+2	 1.266013E+2	 4.999613E-2	 2.424748E-5
4.530000E+2	 1.269011E+2	 4.999682E-2	 2.424376E-5
4.540000E+2	 1.272014E+2	 4.999717E-2	 2.423288E-5
4.550000E+2	 1.275013E+2	 4.999739E-2	 2.423066E-5
4.560000E+2	 1.278011E+2	 4.999698E-2	 2.422418E-5
4.570000E+2	 1.281014E+2	 4.999703E-2	 2.420701E-5
4.580000E+2	 1.284012E+2	 4.999717E-2	 2.420932E-5
4.590000E+2	 1.287015E+2	 4.999693E-2	 2.420152E-5
4.600000E+2	 1.290013E+2	 4.999692E-2	 2.419017E-5
4.610000E+2	 1.292000E+2	 4.999714E-2	 2.420128E-5
4.620000E+2	 1.294012E+2	 4.999658E-2	 2.419420E-5
4.630000E+2	 1.295999E+2	 4.999671E-2	 2.419331E-5
4.640000E+2	 1.298011E+2	 4.999717E-2	 2.417172E-5
4.650000E+2	 1.300999E+2	 4.999682E-2	 2.417500E-5
4.660000E+2	 1.303997E+2	 4.999716E-2	 2.417577E-5
4.670000E+2	 1.307015E+2	 4.999682E-2	 2.416745E-5
4.680000E+2	 1.309998E+2	 4.999738E-2	 2.414965E-5
4.690000E+2	 1.313016E+2	 4.999764E-2	 2.415585E-5
4.700000E+2	 1.316019E+2	 4.999693E-2	 2.414822E-5
4.710000E+2	 1.319012E+2	 4.999729E-2	 2.413710E-5
4.720000E+2	 1.322010E+2	 4.999715E-2	 2.381638E-5
4.730000E+2	 1.325013E+2	 4.999717E-2	 2.382409E-5
4.740000E+2	 1.327010E+2	 4.999820E-2	 2.381790E-5
4.750000E+2	 1.329012E+2	 4.999751E-2	 2.383034E-5
4.760000E+2	 1.332011E+2	 4.999726E-2	 2.383155E-5
4.770000E+2	 1.335014E+2	 4.999738E-2	 2.383689E-5
4.780000E+2	 1.338017E+2	 4.999776E-2	 2.385157E-5
4.790000E+2	 1.341000E+2	 4.999718E-2	 2.385649E-5
4.800000E+2	 1.344003E+2	 4.999715E-2	 2.385717E-5
4.810000E+2	 1.347011E+2	 4.999775E-2	 2.387077E-5
4.820000E+2	 1.349013E+2	 4.999707E-2	 2.387538E-5
4.830000E+2	 1.351015E+2	 4.999692E-2	 2.387997E-5
4.840000E+2	 1.353998E+2	 4.999737E-2	 2.388192E-5
4.850000E+2	 1.357016E+2	 4.999705E-2	 2.387943E-5
4.860000E+2	 1.360014E+2	 4.999715E-2	 2.389737E-5
4.870000E+2	 1.363012E+2	 4.999688E-2	 2.389235E-5
4.880000E+2	 1.366010E+2	 4.999735E-2	 2.390014E-5
4.890000E+2	 1.368012E+2	 4.999784E-2	 2.390491E-5
4.900000E+2	 1.369999E+2	 4.999775E-2	 2.391117E-5
4.910000E+2	 1.372016E+2	 4.999776E-2	 2.390815E-5
4.920000E+2	 1.374008E+2	 4.999692E-2	 2.390572E-5
4.930000E+2	 1.377011E+2	 4.999724E-2	 2.391262E-5
4.940000E+2	 1.380014E+2	 4.999715E-2	 2.391185E-5
4.950000E+2	 1.382016E+2	 4.999692E-2	 2.391249E-5
4.960000E+2	 1.383999E+2	 4.999707E-2	 2.391404E-5
4.970000E+2	 1.387012E+2	 4.999705E-2	 2.391844E-5
4.980000E+2	 1.390019E+2	 4.999705E-2	 2.393003E-5
4.990000E+2	 1.392012E+2	 4.999717E-2	 2.393350E-5
5.000000E+2	 1.394014E+2	 4.999692E-2	 2.393234E-5
5.010000E+2	 1.397012E+2	 4.999702E-2	 2.393664E-5
5.020000E+2	 1.400015E+2	 4.999654E-2	 2.393646E-5
5.030000E+2	 1.403013E+2	 4.999742E-2	 2.393085E-5
5.040000E+2	 1.406011E+2	 4.999707E-2	 2.393418E-5
5.050000E+2	 1.409014E+2	 4.999764E-2	 2.393562E-5
5.060000E+2	 1.411997E+2	 4.999680E-2	 2.394670E-5
5.070000E+2	 1.415015E+2	 4.999635E-2	 2.394102E-5
5.080000E+2	 1.418013E+2	 4.999669E-2	 2.394270E-5
5.090000E+2	 1.421016E+2	 4.999672E-2	 2.394012E-5
5.100000E+2	 1.424014E+2	 4.999717E-2	 2.393958E-5
5.110000E+2	 1.426998E+2	 4.999716E-2	 2.429714E-5
5.120000E+2	 1.429014E+2	 4.999737E-2	 2.428575E-5
5.130000E+2	 1.431001E+2	 4.999716E-2	 2.425475E-5
5.140000E+2	 1.434014E+2	 4.999693E-2	 2.419919E-5
5.150000E+2	 1.437012E+2	 4.999717E-2	 2.415185E-5
5.160000E+2	 1.440011E+2	 4.999697E-2	 2.411039E-5
5.170000E+2	 1.443013E+2	 4.999716E-2	 2.407657E-5
5.180000E+2	 1.446016E+2	 4.999693E-2	 2.402918E-5
5.190000E+2	 1.449014E+2	 4.999647E-2	 2.399257E-5
5.200000E+2	 1.452013E+2	 4.999670E-2	 2.396409E-5
5.210000E+2	 1.455016E+2	 4.999688E-2	 2.392311E-5
5.220000E+2	 1.458014E+2	 4.999671E-2	 2.388758E-5
5.230000E+2	 1.461012E+2	 4.999683E-2	 2.383622E-5
5.240000E+2	 1.463004E+2	 4.999685E-2	 2.383813E-5
5.250000E+2	 1.465011E+2	 4.999694E-2	 2.379891E-5
5.260000E+2	 1.466998E+2	 4.999739E-2	 2.379226E-5
5.270000E+2	 1.469010E+2	 4.999702E-2	 2.375617E-5
5.280000E+2	 1.472013E+2	 4.999657E-2	 2.372426E-5
5.290000E+2	 1.475011E+2	 4.999648E-2	 2.369220E-5
5.300000E+2	 1.478014E+2	 4.999659E-2	 2.364968E-5
5.310000E+2	 1.481012E+2	 4.999677E-2	 2.363158E-5
5.320000E+2	 1.484015E+2	 4.999703E-2	 2.359885E-5
5.330000E+2	 1.486012E+2	 4.999678E-2	 2.358205E-5
5.340000E+2	 1.488014E+2	 4.999693E-2	 2.356123E-5
5.350000E+2	 1.491012E+2	 4.999695E-2	 2.353456E-5
5.360000E+2	 1.494010E+2	 4.999671E-2	 2.350650E-5
5.370000E+2	 1.496999E+2	 4.999678E-2	 2.347713E-5
5.380000E+2	 1.499016E+2	 4.999716E-2	 2.345761E-5
5.390000E+2	 1.501999E+2	 4.999696E-2	 2.342783E-5
5.400000E+2	 1.505017E+2	 4.999714E-2	 2.340968E-5
5.410000E+2	 1.507009E+2	 4.999703E-2	 2.339018E-5
5.420000E+2	 1.510016E+2	 4.999717E-2	 2.336785E-5
5.430000E+2	 1.513015E+2	 4.999760E-2	 2.295453E-5
5.440000E+2	 1.515012E+2	 4.999699E-2	 2.296262E-5
5.450000E+2	 1.517014E+2	 4.999729E-2	 2.298615E-5
5.460000E+2	 1.520012E+2	 4.999708E-2	 2.299763E-5
5.470000E+2	 1.523010E+2	 4.999729E-2	 2.300364E-5
5.480000E+2	 1.526013E+2	 4.999683E-2	 2.301485E-5
5.490000E+2	 1.529011E+2	 4.999695E-2	 2.302080E-5
5.500000E+2	 1.530998E+2	 4.999707E-2	 2.302564E-5
5.510000E+2	 1.533010E+2	 4.999691E-2	 2.303063E-5
5.520000E+2	 1.536013E+2	 4.999704E-2	 2.304309E-5
5.530000E+2	 1.539011E+2	 4.999723E-2	 2.304393E-5
5.540000E+2	 1.542014E+2	 4.999737E-2	 2.304888E-5
5.550000E+2	 1.545013E+2	 4.999694E-2	 2.306146E-5
5.560000E+2	 1.548015E+2	 4.999751E-2	 2.307183E-5
5.570000E+2	 1.549998E+2	 4.999706E-2	 2.308010E-5
5.580000E+2	 1.552009E+2	 4.999751E-2	 2.307667E-5
5.590000E+2	 1.554998E+2	 4.999742E-2	 2.307594E-5
5.600000E+2	 1.558015E+2	 4.999707E-2	 2.308254E-5
5.610000E+2	 1.561014E+2	 4.999684E-2	 2.309215E-5
5.620000E+2	 1.564017E+2	 4.999679E-2	 2.309334E-5
5.630000E+2	 1.567015E+2	 4.999639E-2	 2.311070E-5
5.640000E+2	 1.570013E+2	 4.999717E-2	 2.310941E-5
5.650000E+2	 1.573011E+2	 4.999742E-2	 2.311444E-5
5.660000E+2	 1.576014E+2	 4.999683E-2	 2.312485E-5
5.670000E+2	 1.579012E+2	 4.999684E-2	 2.312277E-5
5.680000E+2	 1.582010E+2	 4.999705E-2	 2.312350E-5
5.690000E+2	 1.584998E+2	 4.999692E-2	 2.313182E-5
5.700000E+2	 1.588016E+2	 4.999660E-2	 2.313108E-5
5.710000E+2	 1.591014E+2	 4.999671E-2	 2.313122E-5
5.720000E+2	 1.593997E+2	 4.999623E-2	 2.313714E-5
5.730000E+2	 1.597000E+2	 4.999646E-2	 2.313482E-5
5.740000E+2	 1.600013E+2	 4.999683E-2	 2.314208E-5
5.750000E+2	 1.602011E+2	 4.999741E-2	 2.315316E-5
5.760000E+2	 1.603998E+2	 4.999658E-2	 2.314845E-5
5.770000E+2	 1.607015E+2	 4.999637E-2	 2.314874E-5
5.780000E+2	 1.610004E+2	 4.999670E-2	 2.314238E-5
5.790000E+2	 1.613012E+2	 4.999658E-2	 2.315589E-5
5.800000E+2	 1.614999E+2	 4.999717E-2	 2.314831E-5
5.810000E+2	 1.618011E+2	 4.999693E-2	 2.314529E-5
5.820000E+2	 1.620004E+2	 4.999647E-2	 2.314651E-5
5.830000E+2	 1.623017E+2	 4.999659E-2	 2.315416E-5
5.840000E+2	 1.626010E+2	 4.999684E-2	 2.315751E-5
5.850000E+2	 1.629013E+2	 4.999658E-2	 2.316444E-5
5.860000E+2	 1.632011E+2	 4.999797E-2	 2.316559E-5
5.870000E+2	 1.635014E+2	 4.999704E-2	 2.314924E-5
5.880000E+2	 1.638012E+2	 4.999691E-2	 2.315690E-5
5.890000E+2	 1.641010E+2	 4.999730E-2	 2.315839E-5
5.900000E+2	 1.644013E+2	 4.999695E-2	 2.316681E-5
5.910000E+2	 1.646010E+2	 4.999635E-2	 2.316415E-5
5.920000E+2	 1.648012E+2	 4.999670E-2	 2.316009E-5
5.930000E+2	 1.651010E+2	 4.999621E-2	 2.316063E-5
5.940000E+2	 1.654013E+2	 4.999715E-2	 2.316459E-5
5.950000E+2	 1.656011E+2	 4.999685E-2	 2.317524E-5
5.960000E+2	 1.658013E+2	 4.999719E-2	 2.316293E-5
5.970000E+2	 1.661011E+2	 4.999730E-2	 2.315758E-5
5.980000E+2	 1.664013E+2	 4.999683E-2	 2.316373E-5
5.990000E+2	 1.667012E+2	 4.999730E-2	 2.317269E-5
6.000000E+2	 1.670010E+2	 4.999711E-2	 2.316373E-5
6.010000E+2	 1.673013E+2	 4.999741E-2	 2.316188E-5
6.020000E+2	 1.676011E+2	 4.999707E-2	 2.316447E-5
6.030000E+2	 1.679014E+2	 4.999717E-2	 2.316333E-5
6.040000E+2	 1.682017E+2	 4.999740E-2	 2.316715E-5
6.050000E+2	 1.683999E+2	 4.999786E-2	 2.317215E-5
6.060000E+2	 1.686011E+2	 4.999707E-2	 2.317499E-5
6.070000E+2	 1.689014E+2	 4.999740E-2	 2.317370E-5
6.080000E+2	 1.692012E+2	 4.999705E-2	 2.318137E-5
6.090000E+2	 1.695000E+2	 4.999717E-2	 2.316659E-5
6.100000E+2	 1.698013E+2	 4.999741E-2	 2.317505E-5
6.110000E+2	 1.701011E+2	 4.999705E-2	 2.317003E-5
6.120000E+2	 1.704014E+2	 4.999659E-2	 2.317455E-5
6.130000E+2	 1.707012E+2	 4.999638E-2	 2.317963E-5
6.140000E+2	 1.710010E+2	 4.999682E-2	 2.318099E-5
6.150000E+2	 1.712999E+2	 4.999737E-2	 2.318216E-5
6.160000E+2	 1.716012E+2	 4.999723E-2	 2.318409E-5
6.170000E+2	 1.717999E+2	 4.999749E-2	 2.318146E-5
6.180000E+2	 1.721012E+2	 4.999718E-2	 2.318595E-5
6.190000E+2	 1.723013E+2	 4.999742E-2	 2.319612E-5
6.200000E+2	 1.725001E+2	 4.999731E-2	 2.318276E-5
6.210000E+2	 1.726998E+2	 4.999729E-2	 2.318753E-5
6.220000E+2	 1.729015E+2	 4.999718E-2	 2.318831E-5
