-1.000000E+1	 -9.736862E-10	 9.999743E-3	 6.160784E-6
-9.800000E+0	 -8.211675E-10	 9.999990E-3	 6.134776E-6
-9.600000E+0	 -7.102187E-10	 9.999808E-3	 6.106961E-6
-9.400000E+0	 -6.540902E-10	 9.999773E-3	 6.081425E-6
-9.200000E+0	 -5.911669E-10	 9.999785E-3	 6.053645E-6
-9.000000E+0	 -5.534382E-10	 9.999769E-3	 6.026915E-6
-8.800000E+0	 -5.084931E-10	 9.999734E-3	 5.997859E-6
-8.600000E+0	 -4.716927E-10	 9.999984E-3	 5.970271E-6
-8.400000E+0	 -4.294487E-10	 9.999722E-3	 5.945891E-6
-8.200000E+0	 -3.992740E-10	 9.999613E-3	 5.917723E-6
-8.000000E+0	 -3.664408E-10	 9.999856E-3	 5.890296E-6
-7.800000E+0	 -3.353379E-10	 9.999875E-3	 5.861761E-6
-7.600000E+0	 -3.005633E-10	 9.999776E-3	 5.833766E-6
-7.400000E+0	 -2.818257E-10	 9.999843E-3	 5.805575E-6
-7.200000E+0	 -2.422401E-10	 9.999803E-3	 5.778315E-6
-7.000000E+0	 -2.268786E-10	 9.999769E-3	 5.748460E-6
-6.800000E+0	 -1.996160E-10	 9.999719E-3	 5.718632E-6
-6.600000E+0	 -1.890656E-10	 9.999789E-3	 5.689737E-6
-6.400000E+0	 -1.504530E-10	 9.999963E-3	 5.660288E-6
-6.200000E+0	 -1.331512E-10	 9.999697E-3	 5.630861E-6
-6.000000E+0	 -1.188878E-10	 9.999920E-3	 5.601424E-6
-5.800000E+0	 -1.042023E-10	 9.999743E-3	 5.571785E-6
-5.600000E+0	 -8.491712E-11	 9.999944E-3	 5.541151E-6
-5.400000E+0	 -4.554494E-11	 9.999685E-3	 5.511532E-6
-5.200000E+0	 -2.836982E-11	 9.999936E-3	 5.478108E-6
-5.000000E+0	 -1.199628E-11	 9.999889E-3	 5.448939E-6
-4.800000E+0	 3.364267E-12	 9.999875E-3	 5.417576E-6
-4.600000E+0	 2.876860E-11	 9.999881E-3	 5.384527E-6
-4.400000E+0	 4.923517E-11	 9.999863E-3	 5.354649E-6
-4.200000E+0	 5.915218E-11	 9.999912E-3	 5.323203E-6
-4.000000E+0	 6.510212E-11	 1.000000E-2	 5.291885E-6
-3.800000E+0	 7.615852E-11	 1.000001E-2	 5.259440E-6
-3.600000E+0	 9.692067E-11	 9.999843E-3	 5.225045E-6
-3.400000E+0	 1.232953E-10	 9.999793E-3	 5.193083E-6
-3.200000E+0	 1.316510E-10	 9.999919E-3	 5.159017E-6
-3.000000E+0	 1.515271E-10	 9.999969E-3	 5.125472E-6
-2.800000E+0	 1.495858E-10	 9.999913E-3	 5.093664E-6
-2.600000E+0	 1.756650E-10	 9.999831E-3	 5.056969E-6
-2.400000E+0	 1.868478E-10	 9.999959E-3	 5.024227E-6
-2.200000E+0	 1.954565E-10	 9.999914E-3	 4.988623E-6
-2.000000E+0	 2.340270E-10	 9.999766E-3	 4.955401E-6
-1.800000E+0	 2.403569E-10	 9.999749E-3	 4.921085E-6
-1.600000E+0	 2.650437E-10	 9.999936E-3	 4.886356E-6
-1.400000E+0	 2.694324E-10	 9.999905E-3	 4.851783E-6
-1.200000E+0	 2.804465E-10	 9.999773E-3	 4.812963E-6
-9.999999E-1	 2.858060E-10	 9.999924E-3	 4.777476E-6
-7.999998E-1	 2.987191E-10	 9.999771E-3	 4.740585E-6
-5.999998E-1	 3.150503E-10	 9.999695E-3	 4.704120E-6
-3.999999E-1	 3.410030E-10	 9.999794E-3	 4.668246E-6
-1.999999E-1	 3.435348E-10	 9.999751E-3	 4.633937E-6
1.490116E-7	 3.531563E-10	 9.999773E-3	 4.596835E-6
2.000002E-1	 3.525661E-10	 9.999624E-3	 4.558514E-6
4.000002E-1	 3.736235E-10	 9.999670E-3	 4.523419E-6
6.000001E-1	 3.834139E-10	 9.999753E-3	 4.486128E-6
8.000002E-1	 4.020658E-10	 9.999794E-3	 4.447627E-6
1.000000E+0	 3.979724E-10	 9.999880E-3	 4.409712E-6
1.200000E+0	 4.183130E-10	 9.999787E-3	 4.372080E-6
1.400000E+0	 4.317323E-10	 9.999839E-3	 4.337453E-6
1.600000E+0	 4.448564E-10	 9.999863E-3	 4.300685E-6
1.800000E+0	 4.438859E-10	 9.999835E-3	 4.263486E-6
2.000000E+0	 4.631708E-10	 9.999865E-3	 4.226391E-6
2.200000E+0	 4.486965E-10	 9.999948E-3	 4.191046E-6
2.400000E+0	 4.835111E-10	 9.999805E-3	 4.157621E-6
2.600000E+0	 4.979011E-10	 9.999797E-3	 4.123481E-6
2.800000E+0	 5.147816E-10	 9.999873E-3	 4.091763E-6
3.000000E+0	 5.365987E-10	 9.999837E-3	 4.054594E-6
3.200000E+0	 5.432655E-10	 9.999933E-3	 4.023493E-6
3.400000E+0	 5.474434E-10	 1.000003E-2	 3.990305E-6
3.600000E+0	 5.641124E-10	 9.999719E-3	 3.959222E-6
3.800000E+0	 5.674460E-10	 9.999855E-3	 3.927504E-6
4.000000E+0	 5.872799E-10	 9.999950E-3	 3.894305E-6
4.200000E+0	 5.933141E-10	 9.999758E-3	 3.857127E-6
4.400000E+0	 6.119671E-10	 9.999855E-3	 3.823665E-6
4.600000E+0	 6.240775E-10	 9.999980E-3	 3.790086E-6
4.800000E+0	 6.299859E-10	 9.999874E-3	 3.756870E-6
5.000000E+0	 6.407894E-10	 9.999830E-3	 3.724721E-6
5.200000E+0	 6.465284E-10	 9.999793E-3	 3.692730E-6
5.400000E+0	 6.623950E-10	 9.999914E-3	 3.661028E-6
5.600000E+0	 6.740002E-10	 1.000002E-2	 3.630433E-6
5.800000E+0	 7.020205E-10	 9.999848E-3	 3.598837E-6
6.000000E+0	 6.957754E-10	 9.999839E-3	 3.567591E-6
6.200000E+0	 7.095320E-10	 9.999948E-3	 3.534288E-6
6.400000E+0	 7.088988E-10	 9.999763E-3	 3.502409E-6
6.600000E+0	 7.414351E-10	 9.999827E-3	 3.466813E-6
6.800000E+0	 7.495374E-10	 9.999785E-3	 3.432626E-6
7.000000E+0	 7.464144E-10	 9.999860E-3	 3.397795E-6
7.200000E+0	 7.639279E-10	 9.999929E-3	 3.359830E-6
7.400000E+0	 7.844787E-10	 9.999868E-3	 3.323724E-6
7.600000E+0	 7.956193E-10	 9.999699E-3	 3.286962E-6
7.800000E+0	 8.043970E-10	 9.999875E-3	 3.249635E-6
8.000000E+0	 8.187028E-10	 9.999924E-3	 3.209925E-6
8.200000E+0	 8.237662E-10	 9.999950E-3	 3.173016E-6
8.400001E+0	 8.341046E-10	 9.999867E-3	 3.133958E-6
8.600000E+0	 8.479465E-10	 9.999917E-3	 3.094427E-6
8.800000E+0	 8.683287E-10	 1.000001E-2	 3.056499E-6
9.000000E+0	 8.690466E-10	 9.999959E-3	 3.018502E-6
9.200001E+0	 8.871078E-10	 9.999944E-3	 2.979034E-6
9.400001E+0	 8.957169E-10	 9.999854E-3	 2.941307E-6
9.600000E+0	 9.020884E-10	 9.999942E-3	 2.903618E-6
9.800000E+0	 9.102755E-10	 9.999982E-3	 2.863476E-6
1.000000E+1	 9.176175E-10	 9.999915E-3	 2.824793E-6
1.020000E+1	 9.312484E-10	 9.999886E-3	 2.787940E-6
1.040000E+1	 9.547539E-10	 9.999936E-3	 2.750827E-6
1.060000E+1	 9.707478E-10	 9.999773E-3	 2.711383E-6
1.080000E+1	 9.745881E-10	 9.999881E-3	 2.675120E-6
1.100000E+1	 9.769511E-10	 9.999905E-3	 2.639264E-6
1.120000E+1	 9.823941E-10	 9.999892E-3	 2.602220E-6
1.140000E+1	 9.966159E-10	 9.999785E-3	 2.564057E-6
1.160000E+1	 1.004296E-9	 9.999844E-3	 2.525671E-6
1.180000E+1	 1.016154E-9	 9.999882E-3	 2.489336E-6
1.200000E+1	 1.029785E-9	 9.999933E-3	 2.453919E-6
1.220000E+1	 1.047045E-9	 1.000000E-2	 2.417986E-6
1.240000E+1	 1.054218E-9	 9.999824E-3	 2.381086E-6
1.260000E+1	 1.058776E-9	 1.000004E-2	 2.345019E-6
1.280000E+1	 1.078567E-9	 9.999787E-3	 2.309852E-6
1.300000E+1	 1.087767E-9	 1.000005E-2	 2.274993E-6
1.320000E+1	 1.102410E-9	 1.000000E-2	 2.239753E-6
1.340000E+1	 1.103084E-9	 9.999901E-3	 2.204830E-6
1.360000E+1	 1.116842E-9	 9.999843E-3	 2.170480E-6
1.380000E+1	 1.128826E-9	 9.999919E-3	 2.136300E-6
1.400000E+1	 1.131148E-9	 9.999913E-3	 2.102737E-6
1.420000E+1	 1.144863E-9	 9.999816E-3	 2.068936E-6
1.440000E+1	 1.163768E-9	 9.999881E-3	 2.035272E-6
1.460000E+1	 1.155708E-9	 9.999904E-3	 2.004234E-6
1.480000E+1	 1.176554E-9	 9.999936E-3	 1.971074E-6
1.500000E+1	 1.189932E-9	 9.999819E-3	 1.939087E-6
1.520000E+1	 1.201115E-9	 9.999987E-3	 1.908435E-6
1.540000E+1	 1.211158E-9	 9.999875E-3	 1.877006E-6
1.560000E+1	 1.225464E-9	 1.000002E-2	 1.847319E-6
1.580000E+1	 1.244285E-9	 9.999857E-3	 1.817166E-6
1.600000E+1	 1.252977E-9	 9.999734E-3	 1.788318E-6
1.620000E+1	 1.242766E-9	 9.999869E-3	 1.758709E-6
1.640000E+1	 1.263908E-9	 9.999948E-3	 1.730632E-6
1.660000E+1	 1.276104E-9	 9.999881E-3	 1.703303E-6
1.680000E+1	 1.295389E-9	 1.000008E-2	 1.675400E-6
1.700000E+1	 1.299609E-9	 1.000010E-2	 1.648230E-6
1.720000E+1	 1.293110E-9	 9.999936E-3	 1.622414E-6
1.740000E+1	 1.327376E-9	 9.999823E-3	 1.597265E-6
1.760000E+1	 1.329865E-9	 9.999979E-3	 1.572896E-6
1.780000E+1	 1.354130E-9	 9.999915E-3	 1.548157E-6
1.800000E+1	 1.351599E-9	 9.999726E-3	 1.522637E-6
1.820000E+1	 1.348602E-9	 1.000000E-2	 1.500684E-6
1.840000E+1	 1.379323E-9	 1.000002E-2	 1.478333E-6
1.860000E+1	 1.402659E-9	 9.999943E-3	 1.456586E-6
1.880000E+1	 1.406247E-9	 1.000001E-2	 1.435969E-6
1.900000E+1	 1.404475E-9	 9.999864E-3	 1.415363E-6
1.920000E+1	 1.415615E-9	 9.999927E-3	 1.395084E-6
1.940000E+1	 1.428739E-9	 1.000001E-2	 1.375988E-6
1.960000E+1	 1.426755E-9	 1.000007E-2	 1.358322E-6
1.980000E+1	 1.445238E-9	 9.999927E-3	 1.340546E-6
2.000000E+1	 1.460557E-9	 9.999885E-3	 1.323307E-6
2.020000E+1	 1.452582E-9	 9.999926E-3	 1.307248E-6
2.040000E+1	 1.484695E-9	 1.000000E-2	 1.291617E-6
2.060000E+1	 1.488241E-9	 9.999911E-3	 1.277356E-6
2.080000E+1	 1.516472E-9	 9.999823E-3	 1.262743E-6
2.100000E+1	 1.511704E-9	 9.999936E-3	 1.249405E-6
2.120000E+1	 1.514109E-9	 9.999976E-3	 1.237083E-6
2.140000E+1	 1.527276E-9	 9.999926E-3	 1.224371E-6
2.160000E+1	 1.550864E-9	 9.999941E-3	 1.212713E-6
2.180000E+1	 1.546182E-9	 9.999776E-3	 1.202038E-6
2.200000E+1	 1.553271E-9	 1.000005E-2	 1.192099E-6
2.220000E+1	 1.570403E-9	 9.999979E-3	 1.182843E-6
2.240000E+1	 1.582389E-9	 9.999889E-3	 1.173948E-6
2.260000E+1	 1.586988E-9	 1.000017E-2	 1.165877E-6
2.280000E+1	 1.604246E-9	 1.000002E-2	 1.158536E-6
2.300000E+1	 1.614165E-9	 9.999942E-3	 1.151827E-6
2.320000E+1	 1.622731E-9	 9.999998E-3	 1.146047E-6
2.340000E+1	 1.633280E-9	 1.000003E-2	 1.140536E-6
2.360000E+1	 1.647080E-9	 9.999944E-3	 1.136125E-6
2.380000E+1	 1.672737E-9	 9.999775E-3	 1.132114E-6
2.400000E+1	 1.663747E-9	 9.999852E-3	 1.128960E-6
2.420000E+1	 1.671175E-9	 9.999841E-3	 1.125174E-6
2.440000E+1	 1.684723E-9	 9.999755E-3	 1.123033E-6
2.460000E+1	 1.710885E-9	 9.999946E-3	 1.120619E-6
2.480000E+1	 1.694680E-9	 9.999986E-3	 1.119584E-6
2.500000E+1	 1.719242E-9	 9.999867E-3	 1.117831E-6
2.520000E+1	 1.730551E-9	 9.999942E-3	 1.118159E-6
2.540000E+1	 1.753592E-9	 9.999889E-3	 1.118062E-6
2.560000E+1	 1.732999E-9	 9.999773E-3	 1.117999E-6
2.580000E+1	 1.755406E-9	 9.999869E-3	 1.119756E-6
2.600000E+1	 1.779839E-9	 9.999779E-3	 1.120771E-6
2.620000E+1	 1.776676E-9	 9.999942E-3	 1.123016E-6
2.640000E+1	 1.800644E-9	 1.000011E-2	 1.125248E-6
2.660000E+1	 1.805414E-9	 1.000000E-2	 1.127753E-6
2.680000E+1	 1.802291E-9	 9.999905E-3	 1.130636E-6
2.700000E+1	 1.817229E-9	 9.999761E-3	 1.135122E-6
2.720000E+1	 1.838370E-9	 1.000000E-2	 1.138638E-6
2.740000E+1	 1.848372E-9	 9.999961E-3	 1.143842E-6
2.760000E+1	 1.854027E-9	 1.000014E-2	 1.147704E-6
2.780000E+1	 1.874072E-9	 9.999938E-3	 1.152007E-6
2.800000E+1	 1.890276E-9	 9.999844E-3	 1.156946E-6
2.820000E+1	 1.888167E-9	 9.999995E-3	 1.162138E-6
2.840000E+1	 1.901965E-9	 1.000006E-2	 1.167098E-6
2.860000E+1	 1.915849E-9	 9.999905E-3	 1.173354E-6
2.880000E+1	 1.914625E-9	 1.000010E-2	 1.179037E-6
2.900000E+1	 1.920069E-9	 9.999758E-3	 1.185319E-6
2.920000E+1	 1.942983E-9	 9.999989E-3	 1.192181E-6
2.940000E+1	 1.951551E-9	 9.999842E-3	 1.198126E-6
2.960000E+1	 1.965222E-9	 9.999976E-3	 1.204992E-6
2.980000E+1	 1.962437E-9	 9.999907E-3	 1.211916E-6
3.000000E+1	 1.977207E-9	 9.999951E-3	 1.219489E-6
3.020000E+1	 2.001514E-9	 9.999994E-3	 1.226529E-6
3.040000E+1	 1.996789E-9	 9.999915E-3	 1.233814E-6
3.060000E+1	 2.015018E-9	 9.999867E-3	 1.241248E-6
3.080000E+1	 2.022277E-9	 9.999917E-3	 1.249551E-6
3.100000E+1	 2.022910E-9	 9.999911E-3	 1.256665E-6
3.120000E+1	 2.046372E-9	 9.999749E-3	 1.264935E-6
3.140000E+1	 2.059033E-9	 1.000001E-2	 1.272354E-6
3.160000E+1	 2.058441E-9	 9.999989E-3	 1.280525E-6
3.180000E+1	 2.069033E-9	 1.000006E-2	 1.288351E-6
3.200000E+1	 2.095916E-9	 1.000002E-2	 1.296390E-6
3.220000E+1	 2.089078E-9	 1.000005E-2	 1.304778E-6
3.240000E+1	 2.103299E-9	 1.000006E-2	 1.312824E-6
3.260000E+1	 2.114313E-9	 1.000009E-2	 1.320673E-6
3.280000E+1	 2.120897E-9	 9.999805E-3	 1.329623E-6
3.300000E+1	 2.135794E-9	 9.999869E-3	 1.336967E-6
3.320000E+1	 2.148580E-9	 9.999781E-3	 1.345433E-6
3.340000E+1	 2.162211E-9	 9.999934E-3	 1.353416E-6
3.360000E+1	 2.179344E-9	 1.000002E-2	 1.361590E-6
3.380000E+1	 2.174489E-9	 9.999799E-3	 1.369429E-6
3.400000E+1	 2.198671E-9	 9.999893E-3	 1.378491E-6
3.420000E+1	 2.204199E-9	 9.999870E-3	 1.386561E-6
3.440000E+1	 2.203945E-9	 9.999825E-3	 1.394429E-6
3.460000E+1	 2.213820E-9	 9.999914E-3	 1.401816E-6
3.480000E+1	 2.224624E-9	 9.999882E-3	 1.410031E-6
3.500000E+1	 2.236439E-9	 9.999758E-3	 1.419610E-6
3.480000E+1	 1.948764E-9	 9.999963E-3	 1.397018E-6
3.460000E+1	 1.849342E-9	 9.999874E-3	 1.375164E-6
3.440000E+1	 1.789125E-9	 9.999927E-3	 1.355743E-6
3.420000E+1	 1.732112E-9	 1.000004E-2	 1.336216E-6
3.400000E+1	 1.684173E-9	 9.999950E-3	 1.317599E-6
3.380000E+1	 1.652271E-9	 9.999988E-3	 1.299743E-6
3.360000E+1	 1.607201E-9	 1.000003E-2	 1.282417E-6
3.340000E+1	 1.581375E-9	 9.999868E-3	 1.265961E-6
3.320000E+1	 1.548882E-9	 9.999856E-3	 1.249464E-6
3.300000E+1	 1.515965E-9	 9.999794E-3	 1.232662E-6
3.280000E+1	 1.490055E-9	 9.999901E-3	 1.217506E-6
3.260000E+1	 1.459165E-9	 9.999870E-3	 1.202895E-6
3.240000E+1	 1.426418E-9	 9.999936E-3	 1.187683E-6
3.220000E+1	 1.402576E-9	 1.000013E-2	 1.173681E-6
3.200000E+1	 1.365693E-9	 9.999881E-3	 1.160417E-6
3.180000E+1	 1.364385E-9	 9.999936E-3	 1.146905E-6
3.160000E+1	 1.338180E-9	 9.999880E-3	 1.135160E-6
3.140000E+1	 1.319020E-9	 9.999748E-3	 1.122637E-6
3.120000E+1	 1.298132E-9	 9.999956E-3	 1.111239E-6
3.100000E+1	 1.274880E-9	 9.999776E-3	 1.100681E-6
3.080000E+1	 1.258126E-9	 9.999881E-3	 1.090557E-6
3.060000E+1	 1.233905E-9	 9.999800E-3	 1.081807E-6
3.040000E+1	 1.227912E-9	 9.999806E-3	 1.073385E-6
3.020000E+1	 1.205546E-9	 1.000000E-2	 1.065267E-6
3.000000E+1	 1.177441E-9	 9.999773E-3	 1.058126E-6
2.980000E+1	 1.158366E-9	 9.999950E-3	 1.052113E-6
2.960000E+1	 1.141149E-9	 9.999839E-3	 1.047050E-6
2.940000E+1	 1.129291E-9	 9.999851E-3	 1.042882E-6
2.920000E+1	 1.120810E-9	 9.999806E-3	 1.039396E-6
2.900000E+1	 1.086206E-9	 9.999793E-3	 1.037427E-6
2.880000E+1	 1.080424E-9	 9.999968E-3	 1.035697E-6
2.860000E+1	 1.069411E-9	 9.999803E-3	 1.035652E-6
2.840000E+1	 1.060844E-9	 9.999726E-3	 1.036564E-6
2.820000E+1	 1.033245E-9	 9.999927E-3	 1.039084E-6
2.800000E+1	 1.013665E-9	 9.999828E-3	 1.041921E-6
2.780000E+1	 1.008516E-9	 9.999811E-3	 1.046744E-6
2.760000E+1	 9.897371E-10	 9.999713E-3	 1.052064E-6
2.740000E+1	 9.723931E-10	 9.999954E-3	 1.058963E-6
2.720000E+1	 9.726892E-10	 9.999811E-3	 1.067160E-6
2.700000E+1	 9.558937E-10	 9.999955E-3	 1.076180E-6
2.680000E+1	 9.402371E-10	 9.999917E-3	 1.087043E-6
2.660000E+1	 9.276617E-10	 9.999847E-3	 1.097977E-6
2.640000E+1	 9.082499E-10	 9.999749E-3	 1.112000E-6
2.620000E+1	 8.905260E-10	 9.999810E-3	 1.126182E-6
2.600000E+1	 8.803563E-10	 9.999905E-3	 1.141061E-6
2.580000E+1	 8.763469E-10	 9.999924E-3	 1.158792E-6
2.560000E+1	 8.531369E-10	 9.999913E-3	 1.176455E-6
2.540000E+1	 8.393380E-10	 9.999771E-3	 1.195141E-6
2.520000E+1	 8.197152E-10	 9.999700E-3	 1.215259E-6
2.500000E+1	 8.235550E-10	 9.999844E-3	 1.237001E-6
2.480000E+1	 8.117396E-10	 9.999873E-3	 1.259499E-6
2.460000E+1	 7.928345E-10	 9.999912E-3	 1.283118E-6
2.440000E+1	 7.770093E-10	 1.000007E-2	 1.308622E-6
2.420000E+1	 7.592850E-10	 9.999682E-3	 1.334806E-6
2.400000E+1	 7.646446E-10	 9.999869E-3	 1.361579E-6
2.380000E+1	 7.433338E-10	 9.999948E-3	 1.389842E-6
2.360000E+1	 7.246398E-10	 9.999881E-3	 1.417361E-6
2.340000E+1	 7.159466E-10	 9.999925E-3	 1.448106E-6
2.320000E+1	 7.083928E-10	 9.999927E-3	 1.478984E-6
2.300000E+1	 7.037084E-10	 9.999857E-3	 1.509845E-6
2.280000E+1	 6.780088E-10	 9.999959E-3	 1.542239E-6
2.260000E+1	 6.659820E-10	 9.999823E-3	 1.574932E-6
2.240000E+1	 6.476673E-10	 9.999737E-3	 1.607373E-6
2.220000E+1	 6.484695E-10	 1.000002E-2	 1.645262E-6
2.200000E+1	 6.437848E-10	 9.999860E-3	 1.679358E-6
2.180000E+1	 6.157222E-10	 9.999966E-3	 1.714508E-6
2.160000E+1	 5.979566E-10	 9.999905E-3	 1.751311E-6
2.140000E+1	 5.921754E-10	 9.999854E-3	 1.787259E-6
2.120000E+1	 5.814140E-10	 9.999698E-3	 1.824122E-6
2.100000E+1	 5.733120E-10	 9.999949E-3	 1.861140E-6
2.080000E+1	 5.647874E-10	 9.999873E-3	 1.898765E-6
2.060000E+1	 5.402269E-10	 9.999828E-3	 1.937373E-6
2.040000E+1	 5.417043E-10	 1.000002E-2	 1.975406E-6
2.020000E+1	 5.358388E-10	 9.999929E-3	 2.013244E-6
2.000000E+1	 5.200564E-10	 9.999962E-3	 2.051131E-6
1.980000E+1	 5.054971E-10	 9.999868E-3	 2.091080E-6
1.960000E+1	 4.922040E-10	 9.999857E-3	 2.130840E-6
1.940000E+1	 4.805149E-10	 9.999865E-3	 2.169420E-6
1.920000E+1	 4.680240E-10	 9.999758E-3	 2.209328E-6
1.900000E+1	 4.616519E-10	 9.999877E-3	 2.250754E-6
1.880000E+1	 4.589933E-10	 9.999956E-3	 2.289511E-6
1.860000E+1	 4.358678E-10	 1.000000E-2	 2.330558E-6
1.840000E+1	 4.257822E-10	 1.000001E-2	 2.371444E-6
1.820000E+1	 4.134600E-10	 1.000006E-2	 2.413461E-6
1.800000E+1	 3.995341E-10	 9.999840E-3	 2.451443E-6
1.780000E+1	 3.738344E-10	 1.000002E-2	 2.492371E-6
1.760000E+1	 3.588114E-10	 9.999920E-3	 2.532700E-6
1.740000E+1	 3.621873E-10	 9.999950E-3	 2.571112E-6
1.720000E+1	 3.506248E-10	 9.999913E-3	 2.610736E-6
1.700000E+1	 3.349265E-10	 9.999769E-3	 2.650360E-6
1.680000E+1	 3.261487E-10	 1.000021E-2	 2.690431E-6
1.660000E+1	 3.295250E-10	 9.999911E-3	 2.728659E-6
1.640000E+1	 3.003225E-10	 9.999843E-3	 2.768203E-6
1.620000E+1	 2.963140E-10	 9.999803E-3	 2.809682E-6
1.600000E+1	 2.823459E-10	 9.999933E-3	 2.848719E-6
1.580000E+1	 2.675338E-10	 9.999926E-3	 2.886074E-6
1.560000E+1	 2.694748E-10	 9.999933E-3	 2.927485E-6
1.540000E+1	 2.566041E-10	 9.999783E-3	 2.963257E-6
1.520000E+1	 2.428892E-10	 9.999801E-3	 3.003793E-6
1.500000E+1	 2.295964E-10	 9.999954E-3	 3.043199E-6
1.480000E+1	 2.412011E-10	 1.000004E-2	 3.082039E-6
1.460000E+1	 2.109441E-10	 9.999869E-3	 3.119597E-6
1.440000E+1	 2.085810E-10	 9.999915E-3	 3.157033E-6
1.420000E+1	 1.866372E-10	 9.999831E-3	 3.194907E-6
1.400000E+1	 1.825018E-10	 9.999895E-3	 3.233048E-6
1.380000E+1	 1.739774E-10	 9.999867E-3	 3.271065E-6
1.360000E+1	 1.681958E-10	 9.999869E-3	 3.308059E-6
1.340000E+1	 1.478136E-10	 9.999844E-3	 3.347777E-6
1.320000E+1	 1.405131E-10	 9.999688E-3	 3.383879E-6
1.300000E+1	 1.298788E-10	 9.999857E-3	 3.420542E-6
1.280000E+1	 1.235909E-10	 9.999773E-3	 3.456676E-6
1.260000E+1	 1.001702E-10	 9.999739E-3	 3.494311E-6
1.240000E+1	 9.928414E-11	 9.999921E-3	 3.530798E-6
1.220000E+1	 8.130702E-11	 9.999886E-3	 3.569000E-6
1.200000E+1	 7.421744E-11	 9.999994E-3	 3.604725E-6
1.180000E+1	 6.991310E-11	 1.000002E-2	 3.640239E-6
1.160000E+1	 5.324421E-11	 9.999946E-3	 3.677075E-6
1.140000E+1	 4.771614E-11	 9.999773E-3	 3.711904E-6
1.120000E+1	 1.767014E-11	 9.999819E-3	 3.748663E-6
1.100000E+1	 2.568790E-11	 9.999840E-3	 3.783807E-6
1.080000E+1	 1.378780E-11	 9.999987E-3	 3.820251E-6
1.060000E+1	 -1.361911E-12	 9.999880E-3	 3.854134E-6
1.040000E+1	 -1.148981E-11	 9.999948E-3	 3.888695E-6
1.020000E+1	 -1.174302E-11	 9.999954E-3	 3.925751E-6
1.000000E+1	 -2.845402E-11	 9.999863E-3	 3.959151E-6
9.800000E+0	 -3.967925E-11	 9.999805E-3	 3.992908E-6
9.600000E+0	 -5.942853E-11	 9.999729E-3	 4.028052E-6
9.400001E+0	 -7.626610E-11	 9.999889E-3	 4.062420E-6
9.200001E+0	 -8.221628E-11	 9.999974E-3	 4.094816E-6
9.000000E+0	 -8.879946E-11	 9.999803E-3	 4.128217E-6
8.800000E+0	 -9.905390E-11	 9.999624E-3	 4.161071E-6
8.600000E+0	 -1.261882E-10	 9.999872E-3	 4.192746E-6
8.400001E+0	 -1.210821E-10	 9.999745E-3	 4.226971E-6
8.200000E+0	 -1.252177E-10	 9.999735E-3	 4.260149E-6
8.000000E+0	 -1.392701E-10	 9.999877E-3	 4.292619E-6
7.800000E+0	 -1.547574E-10	 9.999963E-3	 4.323305E-6
7.600000E+0	 -1.618469E-10	 9.999864E-3	 4.355244E-6
7.400000E+0	 -1.733252E-10	 9.999982E-3	 4.386115E-6
7.200000E+0	 -1.726922E-10	 9.999830E-3	 4.416679E-6
7.000000E+0	 -2.006711E-10	 9.999630E-3	 4.443614E-6
6.800000E+0	 -2.044271E-10	 9.999714E-3	 4.472980E-6
6.600000E+0	 -2.164125E-10	 9.999912E-3	 4.499183E-6
6.400000E+0	 -2.227006E-10	 9.999968E-3	 4.524939E-6
6.200000E+0	 -2.309300E-10	 9.999912E-3	 4.552939E-6
6.000000E+0	 -2.443080E-10	 9.999879E-3	 4.579637E-6
5.800000E+0	 -2.506806E-10	 9.999914E-3	 4.602498E-6
5.600000E+0	 -2.689963E-10	 9.999994E-3	 4.628358E-6
5.400000E+0	 -2.749468E-10	 9.999879E-3	 4.649865E-6
5.200000E+0	 -2.755376E-10	 9.999783E-3	 4.672301E-6
5.000000E+0	 -3.052057E-10	 9.999826E-3	 4.693920E-6
4.800000E+0	 -3.032222E-10	 9.999823E-3	 4.714270E-6
4.600000E+0	 -3.237746E-10	 9.999758E-3	 4.734947E-6
4.400000E+0	 -3.380389E-10	 9.999875E-3	 4.757473E-6
4.200000E+0	 -3.297251E-10	 9.999913E-3	 4.778490E-6
4.000000E+0	 -3.484629E-10	 1.000001E-2	 4.801969E-6
3.800000E+0	 -3.661877E-10	 9.999688E-3	 4.818478E-6
3.600000E+0	 -3.757254E-10	 9.999849E-3	 4.839058E-6
3.400000E+0	 -3.731089E-10	 9.999747E-3	 4.854029E-6
3.200000E+0	 -3.860649E-10	 9.999761E-3	 4.874742E-6
3.000000E+0	 -3.986833E-10	 9.999961E-3	 4.893098E-6
2.800000E+0	 -4.260302E-10	 9.999693E-3	 4.913016E-6
2.600000E+0	 -4.189403E-10	 9.999789E-3	 4.930044E-6
2.400000E+0	 -4.290266E-10	 9.999851E-3	 4.949978E-6
2.200000E+0	 -4.433333E-10	 9.999832E-3	 4.974297E-6
2.000000E+0	 -4.651938E-10	 9.999687E-3	 4.999618E-6
1.800000E+0	 -4.780654E-10	 9.999843E-3	 5.026638E-6
1.600000E+0	 -4.795426E-10	 9.999904E-3	 5.053406E-6
1.400000E+0	 -4.914858E-10	 9.999783E-3	 5.083078E-6
1.200000E+0	 -5.215759E-10	 9.999778E-3	 5.106756E-6
1.000000E+0	 -5.263868E-10	 9.999679E-3	 5.134714E-6
8.000002E-1	 -5.689266E-10	 9.999544E-3	 5.165952E-6
6.000001E-1	 -5.823890E-10	 9.999879E-3	 5.214390E-6
4.000002E-1	 -5.736954E-10	 9.999789E-3	 5.252976E-6
2.000002E-1	 -5.981727E-10	 9.999792E-3	 5.349172E-6
1.490116E-7	 -5.935305E-10	 9.999813E-3	 5.367965E-6
-1.999999E-1	 -5.808695E-10	 9.999909E-3	 5.379512E-6
-3.999999E-1	 -5.841191E-10	 9.999528E-3	 5.389947E-6
-5.999998E-1	 -5.798567E-10	 9.999932E-3	 5.399236E-6
-7.999998E-1	 -6.080055E-10	 9.999813E-3	 5.406676E-6
-9.999999E-1	 -6.193578E-10	 9.999798E-3	 5.412470E-6
-1.200000E+0	 -6.313853E-10	 9.999782E-3	 5.419486E-6
-1.400000E+0	 -6.527397E-10	 9.999867E-3	 5.424968E-6
-1.600000E+0	 -6.473379E-10	 9.999949E-3	 5.429602E-6
-1.800000E+0	 -6.703801E-10	 9.999837E-3	 5.436280E-6
-2.000000E+0	 -7.133417E-10	 9.999863E-3	 5.442142E-6
-2.200000E+0	 -1.130762E-9	 9.999858E-3	 5.447733E-6
-2.400000E+0	 -7.170979E-10	 9.999900E-3	 5.453745E-6
-2.600000E+0	 -7.097125E-10	 9.999684E-3	 5.460855E-6
-2.800000E+0	 -7.212759E-10	 9.999742E-3	 5.468972E-6
-3.000000E+0	 -7.366372E-10	 9.999816E-3	 5.478881E-6
-3.200000E+0	 -7.473566E-10	 9.999854E-3	 5.490416E-6
-3.400000E+0	 -7.681200E-10	 9.999819E-3	 5.508507E-6
-3.600000E+0	 -7.991387E-10	 9.999804E-3	 5.530475E-6
-3.800000E+0	 -8.344620E-10	 9.999877E-3	 5.562657E-6
-4.000000E+0	 -8.859478E-10	 9.999659E-3	 5.602165E-6
-4.200000E+0	 -9.001698E-10	 9.999703E-3	 5.661737E-6
-4.400000E+0	 -9.270533E-10	 9.999854E-3	 5.692448E-6
-4.600000E+0	 -9.546955E-10	 9.999697E-3	 5.754778E-6
-4.800000E+0	 -9.827597E-10	 9.999703E-3	 5.814150E-6
-5.000000E+0	 -9.893008E-10	 9.999792E-3	 5.866470E-6
-5.200000E+0	 -9.871064E-10	 9.999913E-3	 5.917504E-6
-5.400000E+0	 -9.825066E-10	 9.999758E-3	 5.964278E-6
-5.600000E+0	 -9.761342E-10	 9.999720E-3	 6.009893E-6
-5.800000E+0	 -9.964334E-10	 9.999692E-3	 6.050393E-6
-6.000000E+0	 -9.895963E-10	 9.999707E-3	 6.088439E-6
-6.200000E+0	 -9.959268E-10	 9.999769E-3	 6.122380E-6
-6.400000E+0	 -9.970242E-10	 9.999675E-3	 6.155527E-6
-6.600000E+0	 -1.020235E-9	 9.999700E-3	 6.183598E-6
-6.800000E+0	 -1.022894E-9	 9.999852E-3	 6.206555E-6
-7.000000E+0	 -1.062859E-9	 9.999898E-3	 6.229869E-6
-7.200000E+0	 -1.074845E-9	 9.999723E-3	 6.250105E-6
-7.400000E+0	 -1.114810E-9	 9.999792E-3	 6.268060E-6
-7.600000E+0	 -1.138781E-9	 9.999901E-3	 6.288097E-6
-7.800000E+0	 -1.177396E-9	 9.999712E-3	 6.306977E-6
-8.000000E+0	 -1.201155E-9	 9.999868E-3	 6.326604E-6
-8.200000E+0	 -1.247915E-9	 9.999817E-3	 6.347695E-6
-8.400000E+0	 -1.252642E-9	 9.999959E-3	 6.365482E-6
-8.600000E+0	 -1.292565E-9	 9.999771E-3	 6.387113E-6
-8.800000E+0	 -1.268510E-9	 9.999780E-3	 6.405057E-6
-9.000000E+0	 -1.292143E-9	 9.999961E-3	 6.423447E-6
-9.200000E+0	 -1.221033E-9	 9.999719E-3	 6.441146E-6
-9.400000E+0	 -1.214449E-9	 9.999841E-3	 6.458613E-6
-9.600000E+0	 -1.217108E-9	 9.999910E-3	 6.477194E-6
-9.800000E+0	 -1.155578E-9	 9.999800E-3	 6.495176E-6
-1.000000E+1	 -1.145069E-9	 9.999888E-3	 6.514992E-6
-9.800000E+0	 -7.684999E-10	 9.999898E-3	 6.491081E-6
-9.600000E+0	 -6.891600E-10	 9.999883E-3	 6.461207E-6
-9.400000E+0	 -6.212570E-10	 9.999807E-3	 6.432039E-6
-9.200000E+0	 -5.581224E-10	 9.999902E-3	 6.403913E-6
-9.000000E+0	 -5.250784E-10	 9.999761E-3	 6.376749E-6
-8.800000E+0	 -4.767992E-10	 9.999814E-3	 6.344900E-6
-8.600000E+0	 -4.364542E-10	 9.999717E-3	 6.321162E-6
-8.400000E+0	 -4.029878E-10	 9.999767E-3	 6.291555E-6
-8.200000E+0	 -3.712940E-10	 9.999644E-3	 6.264130E-6
-8.000000E+0	 -3.260956E-10	 9.999787E-3	 6.233338E-6
-7.800000E+0	 -3.097212E-10	 9.999689E-3	 6.206170E-6
-7.600000E+0	 -2.815725E-10	 9.999770E-3	 6.176384E-6
-7.400000E+0	 -2.419447E-10	 9.999637E-3	 6.145353E-6
-7.200000E+0	 -2.327447E-10	 9.999742E-3	 6.118487E-6
-7.000000E+0	 -1.872510E-10	 9.999855E-3	 6.089445E-6
-6.800000E+0	 -1.691052E-10	 9.999892E-3	 6.060514E-6
-6.600000E+0	 -1.428993E-10	 9.999909E-3	 6.032714E-6
-6.400000E+0	 -1.156806E-10	 9.999758E-3	 6.004253E-6
-6.200000E+0	 -9.065623E-11	 9.999751E-3	 5.975473E-6
-6.000000E+0	 -6.246693E-11	 9.999735E-3	 5.947475E-6
-5.800000E+0	 -6.174948E-11	 9.999707E-3	 5.918841E-6
-5.600000E+0	 -7.607512E-12	 9.999706E-3	 5.886865E-6
-5.400000E+0	 4.461542E-12	 9.999665E-3	 5.857788E-6
-5.200000E+0	 1.792322E-11	 9.999824E-3	 5.827756E-6
-5.000000E+0	 4.691425E-11	 9.999713E-3	 5.795115E-6
-4.800000E+0	 5.953182E-11	 1.000004E-2	 5.764665E-6
-4.600000E+0	 -9.327267E-11	 9.999754E-3	 5.736531E-6
-4.400000E+0	 1.019001E-10	 9.999747E-3	 5.704955E-6
-4.200000E+0	 8.687720E-11	 9.999799E-3	 5.676104E-6
-4.000000E+0	 9.801779E-11	 9.999691E-3	 5.643600E-6
-3.800000E+0	 1.750741E-10	 9.999700E-3	 5.613069E-6
-3.600000E+0	 1.914055E-10	 9.999635E-3	 5.581297E-6
-3.400000E+0	 2.163452E-10	 9.999713E-3	 5.548702E-6
-3.200000E+0	 2.226754E-10	 9.999908E-3	 5.518551E-6
-3.000000E+0	 2.460538E-10	 9.999713E-3	 5.486768E-6
-2.800000E+0	 2.602752E-10	 9.999912E-3	 5.452748E-6
-2.600000E+0	 2.622583E-10	 9.999994E-3	 5.421158E-6
-2.400000E+0	 3.019262E-10	 9.999877E-3	 5.390649E-6
-2.200000E+0	 2.912072E-10	 1.000004E-2	 5.357535E-6
-2.000000E+0	 3.135313E-10	 9.999863E-3	 5.326374E-6
-1.800000E+0	 3.253891E-10	 9.999854E-3	 5.294984E-6
-1.600000E+0	 3.464045E-10	 9.999849E-3	 5.262057E-6
-1.400000E+0	 3.425643E-10	 9.999902E-3	 5.228288E-6
-1.200000E+0	 3.686014E-10	 9.999813E-3	 5.196652E-6
-9.999999E-1	 3.496116E-10	 9.999724E-3	 5.163875E-6
-7.999998E-1	 4.217728E-10	 9.999918E-3	 5.130566E-6
-5.999998E-1	 4.647736E-10	 9.999718E-3	 5.096661E-6
-3.999999E-1	 4.504681E-10	 9.999819E-3	 5.063243E-6
-1.999999E-1	 4.331673E-10	 9.999949E-3	 5.032087E-6
1.490116E-7	 4.205911E-10	 9.999831E-3	 4.994744E-6
2.000002E-1	 4.222374E-10	 9.999948E-3	 4.949591E-6
4.000002E-1	 3.879714E-10	 9.999936E-3	 4.917723E-6
6.000001E-1	 3.875496E-10	 9.999897E-3	 4.888070E-6
8.000002E-1	 3.866631E-10	 9.999794E-3	 4.858678E-6
1.000000E+0	 3.998294E-10	 9.999877E-3	 4.826508E-6
1.200000E+0	 4.141351E-10	 9.999912E-3	 4.789980E-6
1.400000E+0	 4.259930E-10	 9.999785E-3	 4.753889E-6
1.600000E+0	 4.289892E-10	 1.000012E-2	 4.718197E-6
1.800000E+0	 4.546464E-10	 9.999805E-3	 4.679400E-6
2.000000E+0	 4.519879E-10	 1.000019E-2	 4.644154E-6
2.200000E+0	 4.688256E-10	 9.999783E-3	 4.608685E-6
2.400000E+0	 4.811477E-10	 9.999756E-3	 4.573307E-6
2.600000E+0	 4.889971E-10	 9.999816E-3	 4.537724E-6
2.800000E+0	 5.192545E-10	 9.999842E-3	 4.502878E-6
3.000000E+0	 5.134729E-10	 9.999779E-3	 4.473779E-6
3.200000E+0	 5.344458E-10	 9.999840E-3	 4.440270E-6
3.400000E+0	 5.408601E-10	 9.999793E-3	 4.409419E-6
3.600000E+0	 5.587533E-10	 9.999900E-3	 4.379999E-6
3.800000E+0	 5.731851E-10	 9.999865E-3	 4.347334E-6
4.000000E+0	 5.865626E-10	 9.999854E-3	 4.316801E-6
4.200000E+0	 5.951289E-10	 9.999948E-3	 4.282220E-6
4.400000E+0	 6.001933E-10	 9.999780E-3	 4.249358E-6
4.600000E+0	 6.133166E-10	 9.999885E-3	 4.216834E-6
4.800000E+0	 6.355562E-10	 9.999732E-3	 4.184107E-6
5.000000E+0	 6.470767E-10	 9.999791E-3	 4.154369E-6
5.200000E+0	 6.539974E-10	 9.999877E-3	 4.122106E-6
5.400000E+0	 6.564451E-10	 9.999901E-3	 4.089678E-6
5.600000E+0	 6.611710E-10	 9.999881E-3	 4.059902E-6
5.800000E+0	 6.799080E-10	 9.999706E-3	 4.027145E-6
6.000000E+0	 7.046370E-10	 9.999845E-3	 3.996820E-6
6.200000E+0	 7.053546E-10	 1.000008E-2	 3.963518E-6
6.400000E+0	 7.199557E-10	 9.999877E-3	 3.930416E-6
6.600000E+0	 7.419828E-10	 9.999914E-3	 3.896141E-6
6.800000E+0	 7.445157E-10	 1.000002E-2	 3.861327E-6
7.000000E+0	 7.518579E-10	 9.999804E-3	 3.825604E-6
7.200000E+0	 7.757426E-10	 9.999854E-3	 3.790543E-6
7.400000E+0	 7.820310E-10	 9.999759E-3	 3.750403E-6
7.600000E+0	 8.011046E-10	 9.999863E-3	 3.713329E-6
7.800000E+0	 8.027929E-10	 9.999942E-3	 3.673621E-6
8.000000E+0	 8.159163E-10	 9.999789E-3	 3.635731E-6
8.200000E+0	 8.198418E-10	 9.999829E-3	 3.595304E-6
8.400001E+0	 8.406884E-10	 9.999877E-3	 3.555523E-6
8.600000E+0	 8.480313E-10	 9.999685E-3	 3.515274E-6
8.800000E+0	 8.641933E-10	 9.999826E-3	 3.476273E-6
9.000000E+0	 8.724650E-10	 9.999995E-3	 3.435621E-6
9.200001E+0	 8.830565E-10	 9.999950E-3	 3.397099E-6
9.400001E+0	 8.865175E-10	 9.999672E-3	 3.357855E-6
9.600000E+0	 9.071526E-10	 9.999652E-3	 3.317517E-6
9.800000E+0	 9.131021E-10	 9.999674E-3	 3.277351E-6
1.000000E+1	 9.240329E-10	 9.999706E-3	 3.238466E-6
1.020000E+1	 9.306158E-10	 9.999959E-3	 3.197799E-6
1.040000E+1	 9.469895E-10	 9.999698E-3	 3.158663E-6
1.060000E+1	 9.631097E-10	 9.999735E-3	 3.117720E-6
1.080000E+1	 9.676243E-10	 9.999833E-3	 3.077592E-6
1.100000E+1	 9.738281E-10	 9.999805E-3	 3.038653E-6
1.120000E+1	 1.000456E-9	 9.999882E-3	 2.999988E-6
1.140000E+1	 1.000034E-9	 9.999725E-3	 2.959133E-6
1.160000E+1	 9.989792E-10	 9.999804E-3	 2.921571E-6
1.180000E+1	 1.019235E-9	 9.999974E-3	 2.881058E-6
1.200000E+1	 1.040841E-9	 9.999828E-3	 2.841018E-6
1.220000E+1	 1.040462E-9	 9.999952E-3	 2.801889E-6
1.240000E+1	 1.050462E-9	 9.999979E-3	 2.763675E-6
1.260000E+1	 1.066119E-9	 9.999995E-3	 2.725626E-6
1.280000E+1	 1.073039E-9	 9.999901E-3	 2.685588E-6
1.300000E+1	 1.086120E-9	 9.999849E-3	 2.647231E-6
1.320000E+1	 1.096038E-9	 9.999888E-3	 2.610346E-6
1.340000E+1	 1.098823E-9	 9.999823E-3	 2.572624E-6
1.360000E+1	 1.108360E-9	 9.999996E-3	 2.533276E-6
1.380000E+1	 1.140348E-9	 9.999758E-3	 2.495566E-6
1.400000E+1	 1.137477E-9	 9.999712E-3	 2.457526E-6
1.420000E+1	 1.166341E-9	 9.999783E-3	 2.419184E-6
1.440000E+1	 1.174150E-9	 9.999819E-3	 2.382362E-6
1.460000E+1	 1.173516E-9	 9.999852E-3	 2.346190E-6
1.480000E+1	 1.184109E-9	 9.999920E-3	 2.308112E-6
1.500000E+1	 1.205082E-9	 9.999758E-3	 2.273118E-6
1.520000E+1	 1.204406E-9	 9.999828E-3	 2.236103E-6
1.540000E+1	 1.239432E-9	 9.999828E-3	 2.199785E-6
1.560000E+1	 1.228628E-9	 9.999921E-3	 2.164014E-6
1.580000E+1	 1.259646E-9	 9.999813E-3	 2.129091E-6
1.600000E+1	 1.256270E-9	 9.999879E-3	 2.094838E-6
1.620000E+1	 1.254456E-9	 9.999793E-3	 2.059829E-6
1.640000E+1	 1.275217E-9	 9.999926E-3	 2.025265E-6
1.660000E+1	 1.287835E-9	 9.999877E-3	 1.991189E-6
1.680000E+1	 1.299103E-9	 9.999771E-3	 1.957584E-6
1.700000E+1	 1.311509E-9	 9.999979E-3	 1.924741E-6
1.720000E+1	 1.315560E-9	 9.999818E-3	 1.893243E-6
1.740000E+1	 1.331765E-9	 9.999793E-3	 1.861408E-6
1.760000E+1	 1.330584E-9	 9.999913E-3	 1.828812E-6
1.780000E+1	 1.351430E-9	 9.999770E-3	 1.798413E-6
1.800000E+1	 1.379451E-9	 9.999757E-3	 1.767126E-6
1.820000E+1	 1.378184E-9	 9.999889E-3	 1.738434E-6
1.840000E+1	 1.396034E-9	 9.999986E-3	 1.709003E-6
1.860000E+1	 1.396372E-9	 9.999830E-3	 1.679951E-6
1.880000E+1	 1.415404E-9	 9.999792E-3	 1.651348E-6
1.900000E+1	 1.430089E-9	 9.999756E-3	 1.622908E-6
1.920000E+1	 1.419919E-9	 9.999963E-3	 1.596228E-6
1.940000E+1	 1.444692E-9	 9.999720E-3	 1.568964E-6
1.960000E+1	 1.446843E-9	 9.999989E-3	 1.544541E-6
1.980000E+1	 1.468829E-9	 9.999778E-3	 1.519935E-6
2.000000E+1	 1.483726E-9	 1.000002E-2	 1.494702E-6
2.020000E+1	 1.484908E-9	 9.999845E-3	 1.471744E-6
2.040000E+1	 1.499845E-9	 9.999806E-3	 1.448368E-6
2.060000E+1	 1.506682E-9	 9.999950E-3	 1.427025E-6
2.080000E+1	 1.519806E-9	 9.999898E-3	 1.404986E-6
2.100000E+1	 1.533099E-9	 9.999735E-3	 1.384415E-6
2.120000E+1	 1.539766E-9	 9.999876E-3	 1.364640E-6
2.140000E+1	 1.550147E-9	 9.999818E-3	 1.345818E-6
2.160000E+1	 1.559937E-9	 1.000012E-2	 1.327586E-6
2.180000E+1	 1.576818E-9	 9.999830E-3	 1.309713E-6
2.200000E+1	 1.579561E-9	 9.999842E-3	 1.292928E-6
2.220000E+1	 1.596989E-9	 1.000002E-2	 1.276969E-6
2.240000E+1	 1.599775E-9	 9.999798E-3	 1.262054E-6
2.260000E+1	 1.606146E-9	 9.999901E-3	 1.247949E-6
2.280000E+1	 1.630074E-9	 9.999793E-3	 1.233633E-6
2.300000E+1	 1.635222E-9	 9.999800E-3	 1.220522E-6
2.320000E+1	 1.629779E-9	 9.999969E-3	 1.208149E-6
2.340000E+1	 1.652861E-9	 9.999826E-3	 1.196860E-6
2.360000E+1	 1.681810E-9	 9.999867E-3	 1.185946E-6
2.380000E+1	 1.676198E-9	 9.999971E-3	 1.176338E-6
2.400000E+1	 1.690040E-9	 9.999875E-3	 1.167784E-6
2.420000E+1	 1.710253E-9	 9.999863E-3	 1.159528E-6
2.440000E+1	 1.703417E-9	 9.999955E-3	 1.152442E-6
2.460000E+1	 1.722912E-9	 9.999824E-3	 1.144958E-6
2.480000E+1	 1.730847E-9	 1.000001E-2	 1.138668E-6
2.500000E+1	 1.731605E-9	 9.999959E-3	 1.133732E-6
2.520000E+1	 1.758234E-9	 9.999892E-3	 1.129548E-6
2.540000E+1	 1.750301E-9	 9.999971E-3	 1.124905E-6
2.560000E+1	 1.774101E-9	 1.000001E-2	 1.121997E-6
2.580000E+1	 1.798998E-9	 9.999975E-3	 1.119485E-6
2.600000E+1	 1.801320E-9	 9.999675E-3	 1.117310E-6
2.620000E+1	 1.800897E-9	 1.000001E-2	 1.115149E-6
2.640000E+1	 1.811701E-9	 1.000009E-2	 1.113738E-6
2.660000E+1	 1.827104E-9	 9.999881E-3	 1.113860E-6
2.680000E+1	 1.843182E-9	 9.999899E-3	 1.114335E-6
2.700000E+1	 1.843055E-9	 9.999984E-3	 1.115206E-6
2.720000E+1	 1.855335E-9	 9.999746E-3	 1.115711E-6
2.740000E+1	 1.860863E-9	 9.999950E-3	 1.117530E-6
2.760000E+1	 1.888124E-9	 9.999893E-3	 1.119724E-6
2.780000E+1	 1.884706E-9	 9.999922E-3	 1.122325E-6
2.800000E+1	 1.905679E-9	 1.000002E-2	 1.125888E-6
2.820000E+1	 1.904414E-9	 9.999855E-3	 1.129128E-6
2.840000E+1	 1.929480E-9	 1.000002E-2	 1.133157E-6
2.860000E+1	 1.940959E-9	 9.999904E-3	 1.137619E-6
2.880000E+1	 1.949776E-9	 9.999714E-3	 1.141545E-6
2.900000E+1	 1.955052E-9	 9.999912E-3	 1.147825E-6
2.920000E+1	 1.958512E-9	 9.999963E-3	 1.153096E-6
2.940000E+1	 1.971722E-9	 9.999843E-3	 1.158272E-6
2.960000E+1	 1.979908E-9	 9.999872E-3	 1.164504E-6
2.980000E+1	 1.988685E-9	 9.999889E-3	 1.170663E-6
3.000000E+1	 2.002569E-9	 9.999783E-3	 1.177728E-6
3.020000E+1	 2.015735E-9	 1.000001E-2	 1.184417E-6
3.040000E+1	 2.027888E-9	 9.999946E-3	 1.191552E-6
3.060000E+1	 2.037511E-9	 9.999984E-3	 1.198297E-6
3.080000E+1	 2.040001E-9	 9.999902E-3	 1.205674E-6
3.100000E+1	 2.068991E-9	 9.999917E-3	 1.213577E-6
3.120000E+1	 2.074014E-9	 9.999817E-3	 1.221876E-6
3.140000E+1	 2.082960E-9	 9.999854E-3	 1.229578E-6
3.160000E+1	 2.107393E-9	 9.999840E-3	 1.237648E-6
3.180000E+1	 2.095239E-9	 9.999760E-3	 1.245490E-6
3.200000E+1	 2.121910E-9	 9.999843E-3	 1.254332E-6
3.220000E+1	 2.131826E-9	 9.999964E-3	 1.262498E-6
3.240000E+1	 2.131701E-9	 9.999832E-3	 1.270957E-6
3.260000E+1	 2.144696E-9	 9.999816E-3	 1.279386E-6
3.280000E+1	 2.153094E-9	 1.000003E-2	 1.288044E-6
3.300000E+1	 2.168372E-9	 9.999986E-3	 1.296542E-6
3.320000E+1	 2.168626E-9	 1.000006E-2	 1.305863E-6
3.340000E+1	 2.189091E-9	 9.999783E-3	 1.314686E-6
3.360000E+1	 2.200106E-9	 9.999688E-3	 1.323544E-6
3.380000E+1	 2.196308E-9	 9.999863E-3	 1.332657E-6
3.400000E+1	 2.227493E-9	 9.999868E-3	 1.340932E-6
3.420000E+1	 2.231923E-9	 9.999942E-3	 1.350538E-6
3.440000E+1	 2.243824E-9	 9.999841E-3	 1.358271E-6
3.460000E+1	 2.242053E-9	 9.999807E-3	 1.370676E-6
3.480000E+1	 2.257159E-9	 1.000004E-2	 1.378761E-6
3.500000E+1	 2.283829E-9	 1.000002E-2	 1.387988E-6
3.480000E+1	 1.987335E-9	 9.999843E-3	 1.365567E-6
3.460000E+1	 1.885087E-9	 9.999889E-3	 1.344826E-6
3.440000E+1	 1.815287E-9	 9.999904E-3	 1.325712E-6
3.420000E+1	 1.766927E-9	 9.999892E-3	 1.307187E-6
3.400000E+1	 1.716963E-9	 9.999762E-3	 1.288364E-6
3.380000E+1	 1.675101E-9	 9.999732E-3	 1.271229E-6
3.360000E+1	 1.636784E-9	 9.999875E-3	 1.253840E-6
3.340000E+1	 1.592896E-9	 9.999920E-3	 1.236686E-6
3.320000E+1	 1.564791E-9	 9.999819E-3	 1.221119E-6
3.300000E+1	 1.541201E-9	 9.999936E-3	 1.206081E-6
3.280000E+1	 1.511956E-9	 9.999936E-3	 1.191480E-6
3.260000E+1	 1.475581E-9	 9.999995E-3	 1.176704E-6
3.240000E+1	 1.437940E-9	 9.999975E-3	 1.162222E-6
3.220000E+1	 1.434141E-9	 9.999865E-3	 1.148901E-6
3.200000E+1	 1.402534E-9	 9.999912E-3	 1.136473E-6
3.180000E+1	 1.376328E-9	 9.999975E-3	 1.124321E-6
3.160000E+1	 1.368057E-9	 9.999825E-3	 1.113422E-6
3.140000E+1	 1.330499E-9	 9.999864E-3	 1.102360E-6
3.120000E+1	 1.320075E-9	 1.000000E-2	 1.092151E-6
3.100000E+1	 1.299693E-9	 1.000009E-2	 1.082418E-6
3.080000E+1	 1.273699E-9	 9.999975E-3	 1.073937E-6
3.060000E+1	 1.254834E-9	 9.999963E-3	 1.065570E-6
3.040000E+1	 1.238715E-9	 1.000008E-2	 1.058018E-6
3.020000E+1	 1.232722E-9	 1.000010E-2	 1.052244E-6
3.000000E+1	 1.200693E-9	 9.999963E-3	 1.047367E-6
2.980000E+1	 1.195798E-9	 9.999914E-3	 1.042709E-6
2.960000E+1	 1.173602E-9	 1.000001E-2	 1.039431E-6
2.940000E+1	 1.159970E-9	 9.999869E-3	 1.037385E-6
2.920000E+1	 1.139123E-9	 9.999808E-3	 1.036302E-6
2.900000E+1	 1.112580E-9	 9.999854E-3	 1.036996E-6
2.880000E+1	 1.105660E-9	 1.000011E-2	 1.038821E-6
2.860000E+1	 1.087260E-9	 9.999806E-3	 1.041131E-6
2.840000E+1	 1.057214E-9	 9.999779E-3	 1.044449E-6
2.820000E+1	 1.035187E-9	 1.000001E-2	 1.049581E-6
2.800000E+1	 1.034174E-9	 9.999976E-3	 1.055810E-6
2.780000E+1	 1.019150E-9	 1.000003E-2	 1.064156E-6
2.760000E+1	 1.003832E-9	 1.000007E-2	 1.072527E-6
2.740000E+1	 9.960675E-10	 1.000002E-2	 1.082265E-6
2.720000E+1	 9.786387E-10	 1.000005E-2	 1.093640E-6
2.700000E+1	 9.715917E-10	 1.000002E-2	 1.106515E-6
2.680000E+1	 9.482979E-10	 9.999976E-3	 1.120478E-6
2.660000E+1	 9.390558E-10	 9.999948E-3	 1.135256E-6
2.640000E+1	 9.216273E-10	 1.000014E-2	 1.152360E-6
2.620000E+1	 9.058451E-10	 1.000003E-2	 1.170407E-6
2.600000E+1	 8.906100E-10	 1.000012E-2	 1.189546E-6
2.580000E+1	 8.887537E-10	 9.999991E-3	 1.210223E-6
2.560000E+1	 8.804825E-10	 1.000012E-2	 1.231671E-6
2.540000E+1	 8.616617E-10	 9.999926E-3	 1.254290E-6
2.520000E+1	 8.426292E-10	 9.999829E-3	 1.277977E-6
2.500000E+1	 8.324178E-10	 9.999758E-3	 1.303265E-6
2.480000E+1	 8.160013E-10	 9.999988E-3	 1.331533E-6
2.460000E+1	 8.186595E-10	 9.999936E-3	 1.358739E-6
2.440000E+1	 7.797524E-10	 9.999862E-3	 1.386339E-6
2.420000E+1	 7.587370E-10	 9.999948E-3	 1.416325E-6
2.400000E+1	 7.621549E-10	 9.999904E-3	 1.445469E-6
2.380000E+1	 7.578927E-10	 9.999780E-3	 1.477030E-6
2.360000E+1	 7.358651E-10	 1.000001E-2	 1.508589E-6
2.340000E+1	 7.258630E-10	 9.999974E-3	 1.540533E-6
2.320000E+1	 7.140898E-10	 1.000004E-2	 1.574488E-6
2.300000E+1	 6.983913E-10	 9.999854E-3	 1.607920E-6
2.280000E+1	 7.111357E-10	 9.999959E-3	 1.646416E-6
2.260000E+1	 6.727766E-10	 1.000003E-2	 1.682548E-6
2.240000E+1	 6.528578E-10	 9.999987E-3	 1.717316E-6
2.220000E+1	 7.567534E-10	 9.999890E-3	 1.754619E-6
2.200000E+1	 6.406203E-10	 9.999961E-3	 1.790636E-6
2.180000E+1	 6.347547E-10	 9.999994E-3	 1.828156E-6
2.160000E+1	 6.149630E-10	 9.999919E-3	 1.866431E-6
2.140000E+1	 6.046660E-10	 1.000003E-2	 1.904436E-6
2.120000E+1	 5.969437E-10	 9.999971E-3	 1.943543E-6
2.100000E+1	 5.859302E-10	 1.000000E-2	 1.981485E-6
2.080000E+1	 5.825954E-10	 1.000005E-2	 2.021219E-6
2.060000E+1	 5.585420E-10	 9.999949E-3	 2.059972E-6
2.040000E+1	 5.413669E-10	 9.999910E-3	 2.099419E-6
2.020000E+1	 5.442367E-10	 9.999899E-3	 2.141430E-6
2.000000E+1	 5.234742E-10	 1.000010E-2	 2.179591E-6
1.980000E+1	 5.214907E-10	 1.000002E-2	 2.220883E-6
1.960000E+1	 5.032604E-10	 1.000009E-2	 2.262273E-6
1.940000E+1	 4.930906E-10	 9.999814E-3	 2.302115E-6
1.920000E+1	 4.818231E-10	 9.999915E-3	 2.341602E-6
1.900000E+1	 4.617361E-10	 9.999975E-3	 2.381818E-6
1.880000E+1	 4.676021E-10	 1.000006E-2	 2.423380E-6
1.860000E+1	 4.342223E-10	 9.999761E-3	 2.463465E-6
1.840000E+1	 4.381043E-10	 9.999976E-3	 2.505504E-6
1.820000E+1	 4.255713E-10	 9.999886E-3	 2.545458E-6
1.800000E+1	 4.158654E-10	 9.999913E-3	 2.585181E-6
1.780000E+1	 3.967488E-10	 9.999919E-3	 2.625622E-6
1.760000E+1	 3.864941E-10	 9.999959E-3	 2.666092E-6
1.740000E+1	 3.876759E-10	 9.999956E-3	 2.706352E-6
1.720000E+1	 3.744675E-10	 1.000004E-2	 2.745250E-6
1.700000E+1	 3.551401E-10	 9.999805E-3	 2.786110E-6
1.680000E+1	 3.444214E-10	 9.999864E-3	 2.824363E-6
1.660000E+1	 3.272463E-10	 9.999867E-3	 2.867453E-6
1.640000E+1	 3.346308E-10	 1.000005E-2	 2.905677E-6
1.620000E+1	 3.136157E-10	 9.999851E-3	 2.944667E-6
1.600000E+1	 2.950900E-10	 1.000005E-2	 2.986188E-6
1.580000E+1	 2.947527E-10	 9.999979E-3	 3.024352E-6
1.560000E+1	 2.831477E-10	 9.999998E-3	 3.064185E-6
1.540000E+1	 2.636090E-10	 1.000001E-2	 3.101448E-6
1.520000E+1	 2.610772E-10	 9.999889E-3	 3.140809E-6
1.500000E+1	 2.498101E-10	 9.999946E-3	 3.180681E-6
1.480000E+1	 2.328036E-10	 9.999909E-3	 3.217467E-6
1.460000E+1	 2.179490E-10	 9.999882E-3	 3.257522E-6
1.440000E+1	 2.119571E-10	 9.999998E-3	 3.294961E-6
1.420000E+1	 2.016602E-10	 9.999793E-3	 3.331307E-6
1.400000E+1	 1.857931E-10	 9.999753E-3	 3.373459E-6
1.380000E+1	 1.837256E-10	 9.999950E-3	 3.409123E-6
1.360000E+1	 1.653263E-10	 1.000004E-2	 3.446876E-6
1.340000E+1	 1.658328E-10	 9.999864E-3	 3.482231E-6
1.320000E+1	 1.411037E-10	 9.999801E-3	 3.521588E-6
1.300000E+1	 1.438048E-10	 1.000001E-2	 3.560982E-6
1.280000E+1	 1.346473E-10	 1.000002E-2	 3.595271E-6
1.260000E+1	 1.277264E-10	 9.999973E-3	 3.631900E-6
1.240000E+1	 1.065001E-10	 9.999936E-3	 3.670297E-6
1.220000E+1	 7.632742E-11	 9.999837E-3	 3.704496E-6
1.200000E+1	 7.290940E-11	 9.999678E-3	 3.740436E-6
1.180000E+1	 6.041823E-11	 9.999921E-3	 3.774544E-6
1.160000E+1	 5.577627E-11	 9.999868E-3	 3.810937E-6
1.140000E+1	 4.206147E-11	 9.999860E-3	 3.846517E-6
1.120000E+1	 2.454878E-11	 9.999828E-3	 3.883782E-6
1.100000E+1	 1.188877E-11	 9.999968E-3	 3.916457E-6
1.080000E+1	 1.551791E-11	 1.000000E-2	 3.951597E-6
1.060000E+1	 4.105050E-13	 9.999897E-3	 3.987324E-6
1.040000E+1	 -5.455303E-12	 9.999868E-3	 4.021200E-6
1.020000E+1	 -4.526809E-12	 9.999902E-3	 4.057488E-6
1.000000E+1	 -2.317908E-11	 9.999854E-3	 4.090152E-6
9.800000E+0	 -4.786574E-11	 9.999926E-3	 4.124269E-6
9.600000E+0	 -5.520859E-11	 1.000004E-2	 4.156924E-6
9.400001E+0	 -6.921876E-11	 9.999932E-3	 4.190137E-6
9.200001E+0	 -8.280709E-11	 9.999909E-3	 4.224346E-6
9.000000E+0	 -8.639406E-11	 1.000003E-2	 4.257163E-6
8.800000E+0	 -9.183779E-11	 9.999849E-3	 4.290271E-6
8.600000E+0	 -1.069030E-10	 9.999860E-3	 4.324173E-6
8.400001E+0	 -1.203647E-10	 9.999873E-3	 4.354838E-6
8.200000E+0	 -1.302816E-10	 9.999734E-3	 4.387282E-6
8.000000E+0	 -1.340796E-10	 9.999875E-3	 4.418773E-6
7.800000E+0	 -1.485962E-10	 9.999860E-3	 4.451796E-6
7.600000E+0	 -1.585975E-10	 9.999716E-3	 4.480798E-6
7.400000E+0	 -1.715528E-10	 9.999778E-3	 4.511759E-6
7.200000E+0	 -1.745068E-10	 9.999712E-3	 4.540488E-6
7.000000E+0	 -1.899940E-10	 9.999888E-3	 4.568820E-6
6.800000E+0	 -1.951004E-10	 9.999901E-3	 4.597657E-6
6.600000E+0	 -2.087739E-10	 9.999830E-3	 4.623504E-6
6.400000E+0	 -2.221098E-10	 9.999841E-3	 4.650396E-6
6.200000E+0	 -2.286089E-10	 1.000004E-2	 4.675231E-6
6.000000E+0	 -2.474732E-10	 9.999816E-3	 4.700246E-6
5.800000E+0	 -2.488237E-10	 9.999686E-3	 4.725624E-6
5.600000E+0	 -2.691229E-10	 9.999907E-3	 4.748186E-6
5.400000E+0	 -2.841469E-10	 9.999723E-3	 4.769817E-6
5.200000E+0	 -2.882404E-10	 9.999852E-3	 4.794781E-6
5.000000E+0	 -2.981158E-10	 9.999723E-3	 4.815833E-6
4.800000E+0	 -3.052479E-10	 9.999857E-3	 4.840053E-6
4.600000E+0	 -3.242389E-10	 9.999769E-3	 4.859643E-6
4.400000E+0	 -3.264756E-10	 9.999807E-3	 4.878307E-6
4.200000E+0	 -3.428078E-10	 9.999647E-3	 4.901266E-6
4.000000E+0	 -3.553840E-10	 9.999887E-3	 4.921415E-6
3.800000E+0	 -3.516281E-10	 9.999838E-3	 4.943594E-6
3.600000E+0	 -3.626849E-10	 9.999899E-3	 4.957108E-6
3.400000E+0	 -3.750501E-10	 9.999886E-3	 4.974608E-6
3.200000E+0	 -4.086853E-10	 9.999810E-3	 4.993748E-6
3.000000E+0	 -4.143404E-10	 9.999778E-3	 5.013136E-6
2.800000E+0	 -4.114704E-10	 9.999854E-3	 5.028679E-6
2.600000E+0	 -4.317698E-10	 9.999698E-3	 5.048749E-6
2.400000E+0	 -4.456542E-10	 9.999874E-3	 5.070290E-6
2.200000E+0	 -4.513938E-10	 9.999757E-3	 5.091730E-6
2.000000E+0	 -4.657423E-10	 9.999730E-3	 5.115042E-6
1.800000E+0	 -4.715240E-10	 9.999729E-3	 5.139660E-6
1.600000E+0	 -4.852396E-10	 9.999837E-3	 5.167546E-6
1.400000E+0	 -4.931315E-10	 9.999728E-3	 5.194423E-6
1.200000E+0	 -5.080290E-10	 9.999703E-3	 5.220274E-6
1.000000E+0	 -5.398493E-10	 9.999705E-3	 5.247653E-6
8.000002E-1	 -5.709523E-10	 9.999688E-3	 5.280695E-6
6.000001E-1	 -5.815450E-10	 9.999768E-3	 5.320402E-6
4.000002E-1	 -5.812072E-10	 9.999854E-3	 5.387036E-6
2.000002E-1	 -5.874112E-10	 9.999797E-3	 5.454690E-6
1.490116E-7	 -5.799414E-10	 9.999887E-3	 5.473498E-6
-1.999999E-1	 -5.825577E-10	 9.999819E-3	 5.486303E-6
-3.999999E-1	 -5.889302E-10	 9.999775E-3	 5.494306E-6
-5.999998E-1	 -5.925173E-10	 9.999709E-3	 5.501262E-6
-7.999998E-1	 -6.152644E-10	 9.999705E-3	 5.508750E-6
-9.999999E-1	 -6.098202E-10	 9.999705E-3	 5.514128E-6
-1.200000E+0	 -6.275874E-10	 9.999694E-3	 5.519027E-6
-1.400000E+0	 -6.283891E-10	 9.999584E-3	 5.525029E-6
-1.600000E+0	 -6.386865E-10	 9.999830E-3	 5.529572E-6
-1.800000E+0	 -6.703378E-10	 9.999770E-3	 5.533405E-6
-2.000000E+0	 -6.710132E-10	 9.999693E-3	 5.540760E-6
-2.200000E+0	 -7.846630E-10	 9.999833E-3	 5.545179E-6
-2.400000E+0	 -1.761220E-9	 9.999808E-3	 5.553500E-6
-2.600000E+0	 -7.122447E-10	 9.999637E-3	 5.556193E-6
-2.800000E+0	 -7.171402E-10	 9.999792E-3	 5.562321E-6
-3.000000E+0	 -7.344853E-10	 9.999767E-3	 5.567727E-6
-3.200000E+0	 -7.291255E-10	 9.999667E-3	 5.572005E-6
-3.400000E+0	 -7.553752E-10	 9.999805E-3	 5.575867E-6
-3.600000E+0	 -7.456686E-10	 9.999788E-3	 5.580942E-6
-3.800000E+0	 -7.616209E-10	 9.999818E-3	 5.583358E-6
-4.000000E+0	 -7.956778E-10	 9.999892E-3	 5.590587E-6
-4.200000E+0	 -7.855492E-10	 9.999669E-3	 5.597327E-6
-4.400000E+0	 -8.084233E-10	 9.999640E-3	 5.599717E-6
-4.600000E+0	 -8.114195E-10	 9.999692E-3	 5.604261E-6
-4.800000E+0	 -8.179608E-10	 9.999778E-3	 5.608709E-6
-5.000000E+0	 -8.320142E-10	 9.999763E-3	 5.615519E-6
-5.200000E+0	 -8.313389E-10	 9.999801E-3	 5.618792E-6
-5.400000E+0	 -8.486420E-10	 9.999840E-3	 5.624150E-6
-5.600000E+0	 -8.790690E-10	 9.999837E-3	 5.625869E-6
-5.800000E+0	 -8.789008E-10	 9.999895E-3	 5.632967E-6
-6.000000E+0	 -8.879320E-10	 9.999620E-3	 5.637752E-6
-6.200000E+0	 -8.891555E-10	 9.999692E-3	 5.640742E-6
-6.400000E+0	 -8.943465E-10	 9.999755E-3	 5.645048E-6
-6.600000E+0	 -9.189925E-10	 9.999750E-3	 5.649448E-6
-6.800000E+0	 -9.103837E-10	 9.999778E-3	 5.652064E-6
-7.000000E+0	 -9.299230E-10	 9.999861E-3	 5.655266E-6
-7.200000E+0	 -9.605617E-10	 9.999820E-3	 5.660397E-6
-7.400000E+0	 -9.684535E-10	 9.999691E-3	 5.663906E-6
-7.600000E+0	 -9.771897E-10	 9.999789E-3	 5.668633E-6
-7.800000E+0	 -9.805232E-10	 9.999703E-3	 5.674047E-6
-8.000000E+0	 -9.982059E-10	 9.999710E-3	 5.677893E-6
-8.200000E+0	 -1.009348E-9	 9.999984E-3	 5.681214E-6
-8.400000E+0	 -1.016985E-9	 9.999717E-3	 5.685046E-6
-8.600000E+0	 -1.027747E-9	 9.999800E-3	 5.689364E-6
-8.800000E+0	 -1.040619E-9	 9.999974E-3	 5.695659E-6
-9.000000E+0	 -1.038678E-9	 9.999832E-3	 5.699043E-6
-9.200000E+0	 -1.060201E-9	 9.999944E-3	 5.705920E-6
-9.400000E+0	 -1.077082E-9	 9.999875E-3	 5.714940E-6
-9.600000E+0	 -1.096410E-9	 9.999562E-3	 5.725981E-6
-9.800000E+0	 -1.124432E-9	 9.999705E-3	 5.740671E-6
-1.000000E+1	 -1.135742E-9	 9.999492E-3	 5.762634E-6
-9.800000E+0	 -8.176654E-10	 9.999886E-3	 5.779001E-6
-9.600000E+0	 -7.248627E-10	 9.999792E-3	 5.787927E-6
-9.400000E+0	 -6.512626E-10	 9.999977E-3	 5.790185E-6
-9.200000E+0	 -5.960201E-10	 9.999911E-3	 5.791857E-6
-9.000000E+0	 -5.406088E-10	 9.999811E-3	 5.793053E-6
-8.800000E+0	 -5.119957E-10	 9.999665E-3	 5.790596E-6
-8.600000E+0	 -4.654470E-10	 9.999895E-3	 5.789192E-6
-8.400000E+0	 -4.341330E-10	 9.999837E-3	 5.783754E-6
-8.200000E+0	 -3.927327E-10	 9.999771E-3	 5.780326E-6
-8.000000E+0	 -3.539490E-10	 9.999801E-3	 5.778144E-6
-7.800000E+0	 -3.376168E-10	 9.999909E-3	 5.774530E-6
-7.600000E+0	 -3.051634E-10	 9.999889E-3	 5.769324E-6
-7.400000E+0	 -2.906036E-10	 9.999793E-3	 5.766449E-6
-7.200000E+0	 -2.531283E-10	 9.999949E-3	 5.760296E-6
-7.000000E+0	 -2.290309E-10	 1.000001E-2	 5.753957E-6
-6.800000E+0	 -2.095757E-10	 9.999681E-3	 5.750230E-6
-6.600000E+0	 -1.773341E-10	 9.999767E-3	 5.744041E-6
-6.400000E+0	 -1.612139E-10	 9.999952E-3	 5.737322E-6
-6.200000E+0	 -1.478789E-10	 1.000008E-2	 5.732963E-6
-6.000000E+0	 -1.245003E-10	 9.999741E-3	 5.729082E-6
-5.800000E+0	 -1.085489E-10	 9.999720E-3	 5.723008E-6
-5.600000E+0	 -9.023426E-11	 9.999963E-3	 5.716754E-6
-5.400000E+0	 -6.238263E-11	 9.999874E-3	 5.711028E-6
-5.200000E+0	 -5.132629E-11	 9.999971E-3	 5.703986E-6
-5.000000E+0	 -2.946694E-11	 9.999860E-3	 5.698542E-6
-4.800000E+0	 -7.480905E-12	 9.999832E-3	 5.692017E-6
-4.600000E+0	 2.393752E-12	 9.999825E-3	 5.689725E-6
-4.400000E+0	 2.172114E-11	 9.999949E-3	 5.682155E-6
-4.200000E+0	 3.598470E-11	 9.999800E-3	 5.676291E-6
-4.000000E+0	 4.699874E-11	 9.999862E-3	 5.669297E-6
-3.800000E+0	 6.822509E-11	 9.999899E-3	 5.663660E-6
-3.600000E+0	 6.965983E-11	 9.999823E-3	 5.657052E-6
-3.400000E+0	 9.067525E-11	 9.999847E-3	 5.648113E-6
-3.200000E+0	 1.226625E-10	 9.999731E-3	 5.639648E-6
-3.000000E+0	 1.357444E-10	 9.999763E-3	 5.631409E-6
-2.800000E+0	 1.386561E-10	 9.999874E-3	 5.623465E-6
-2.600000E+0	 1.574771E-10	 9.999743E-3	 5.615152E-6
-2.400000E+0	 1.731754E-10	 9.999778E-3	 5.604964E-6
-2.200000E+0	 1.911098E-10	 9.999787E-3	 5.596748E-6
-2.000000E+0	 1.879873E-10	 9.999695E-3	 5.585570E-6
-1.800000E+0	 2.620054E-10	 9.999882E-3	 5.563095E-6
-1.600000E+0	 3.299467E-10	 9.999895E-3	 5.532762E-6
-1.400000E+0	 3.487676E-10	 9.999751E-3	 5.501208E-6
-1.200000E+0	 3.859455E-10	 9.999848E-3	 5.467359E-6
-9.999999E-1	 4.376399E-10	 9.999719E-3	 5.434400E-6
-7.999998E-1	 4.367538E-10	 9.999770E-3	 5.401344E-6
-5.999998E-1	 4.522835E-10	 9.999933E-3	 5.367720E-6
-3.999999E-1	 4.500045E-10	 9.999863E-3	 5.333590E-6
-1.999999E-1	 4.712726E-10	 9.999848E-3	 5.297094E-6
1.490116E-7	 4.075517E-10	 9.999882E-3	 5.262944E-6
2.000002E-1	 3.923180E-10	 9.999814E-3	 5.210419E-6
4.000002E-1	 3.983944E-10	 9.999666E-3	 5.175847E-6
6.000001E-1	 3.853972E-10	 9.999838E-3	 5.149514E-6
8.000002E-1	 3.867476E-10	 9.999743E-3	 5.117216E-6
1.000000E+0	 4.267106E-10	 9.999863E-3	 5.083436E-6
1.200000E+0	 4.175111E-10	 9.999750E-3	 5.049912E-6
1.400000E+0	 4.327453E-10	 9.999839E-3	 5.014860E-6
1.600000E+0	 4.446036E-10	 9.999719E-3	 4.976853E-6
1.800000E+0	 4.527478E-10	 9.999893E-3	 4.941987E-6
2.000000E+0	 4.556175E-10	 9.999820E-3	 4.909769E-6
2.200000E+0	 4.744798E-10	 9.999667E-3	 4.872115E-6
2.400000E+0	 4.976480E-10	 9.999954E-3	 4.837356E-6
2.600000E+0	 5.084509E-10	 9.999718E-3	 4.804560E-6
2.800000E+0	 5.092954E-10	 9.999757E-3	 4.772446E-6
3.000000E+0	 5.386664E-10	 9.999822E-3	 4.742677E-6
3.200000E+0	 5.420419E-10	 9.999869E-3	 4.712658E-6
3.400000E+0	 5.531827E-10	 1.000007E-2	 4.680135E-6
3.600000E+0	 4.650277E-10	 9.999685E-3	 4.653566E-6
3.800000E+0	 5.791353E-10	 9.999822E-3	 4.619721E-6
4.000000E+0	 5.985477E-10	 9.999843E-3	 4.588361E-6
4.200000E+0	 6.022610E-10	 9.999618E-3	 4.553432E-6
4.400000E+0	 6.161868E-10	 9.999899E-3	 4.524125E-6
4.600000E+0	 6.164818E-10	 9.999732E-3	 4.489777E-6
4.800000E+0	 6.336994E-10	 9.999843E-3	 4.459594E-6
5.000000E+0	 6.431521E-10	 9.999695E-3	 4.429256E-6
5.200000E+0	 6.450090E-10	 9.999655E-3	 4.399157E-6
5.400000E+0	 6.666147E-10	 9.999883E-3	 4.369853E-6
5.600000E+0	 6.733670E-10	 1.000001E-2	 4.337417E-6
5.800000E+0	 6.902890E-10	 9.999813E-3	 4.303165E-6
6.000000E+0	 7.008387E-10	 9.999805E-3	 4.274984E-6
6.200000E+0	 7.095322E-10	 9.999710E-3	 4.242033E-6
6.400000E+0	 7.196178E-10	 9.999875E-3	 4.208709E-6
6.600000E+0	 7.232890E-10	 9.999766E-3	 4.174193E-6
6.800000E+0	 7.491999E-10	 9.999804E-3	 4.139078E-6
7.000000E+0	 7.504241E-10	 9.999686E-3	 4.102363E-6
7.200000E+0	 7.640960E-10	 9.999698E-3	 4.066620E-6
7.400000E+0	 7.629144E-10	 9.999860E-3	 4.029685E-6
7.600000E+0	 7.919898E-10	 9.999848E-3	 3.989288E-6
7.800000E+0	 8.008940E-10	 9.999854E-3	 3.951735E-6
8.000000E+0	 8.088701E-10	 9.999865E-3	 3.909053E-6
8.200000E+0	 8.219518E-10	 9.999857E-3	 3.870492E-6
8.400001E+0	 8.243570E-10	 9.999946E-3	 3.830470E-6
8.600000E+0	 8.340629E-10	 9.999780E-3	 3.789652E-6
8.800000E+0	 8.581169E-10	 9.999880E-3	 3.749337E-6
9.000000E+0	 8.519558E-10	 9.999840E-3	 3.708877E-6
9.200001E+0	 8.630964E-10	 9.999758E-3	 3.670300E-6
9.400001E+0	 8.773595E-10	 9.999882E-3	 3.628560E-6
9.600000E+0	 9.074479E-10	 9.999887E-3	 3.585862E-6
9.800000E+0	 9.192219E-10	 9.999828E-3	 3.545958E-6
1.000000E+1	 9.270708E-10	 1.000001E-2	 3.506485E-6
1.020000E+1	 9.333579E-10	 9.999856E-3	 3.466296E-6
1.040000E+1	 9.328097E-10	 9.999731E-3	 3.425845E-6
1.060000E+1	 9.533193E-10	 9.999787E-3	 3.383096E-6
1.080000E+1	 9.584676E-10	 9.999861E-3	 3.341568E-6
1.100000E+1	 9.581719E-10	 1.000001E-2	 3.301044E-6
1.120000E+1	 9.871208E-10	 9.999709E-3	 3.260866E-6
1.140000E+1	 1.016618E-9	 9.999842E-3	 3.220711E-6
1.160000E+1	 1.011469E-9	 9.999895E-3	 3.179681E-6
1.180000E+1	 1.029067E-9	 9.999810E-3	 3.138633E-6
1.200000E+1	 1.018474E-9	 9.999983E-3	 3.098099E-6
1.220000E+1	 1.029953E-9	 9.999993E-3	 3.056956E-6
1.240000E+1	 1.048606E-9	 9.999952E-3	 3.016283E-6
1.260000E+1	 1.060675E-9	 9.999691E-3	 2.975048E-6
1.280000E+1	 1.076036E-9	 9.999789E-3	 2.936211E-6
1.300000E+1	 1.073461E-9	 9.999673E-3	 2.895956E-6
1.320000E+1	 1.077723E-9	 9.999718E-3	 2.855557E-6
1.340000E+1	 1.098570E-9	 9.999679E-3	 2.814058E-6
1.360000E+1	 1.124396E-9	 9.999610E-3	 2.774298E-6
1.380000E+1	 1.125619E-9	 9.999737E-3	 2.733966E-6
1.400000E+1	 1.121358E-9	 9.999767E-3	 2.693433E-6
1.420000E+1	 1.141825E-9	 9.999840E-3	 2.656104E-6
1.440000E+1	 1.153346E-9	 9.999760E-3	 2.615266E-6
1.460000E+1	 1.173136E-9	 9.999957E-3	 2.576301E-6
1.480000E+1	 1.191619E-9	 9.999720E-3	 2.536826E-6
1.500000E+1	 1.186387E-9	 9.999732E-3	 2.499030E-6
1.520000E+1	 1.188118E-9	 9.999900E-3	 2.458642E-6
1.540000E+1	 1.220991E-9	 9.999793E-3	 2.420771E-6
1.560000E+1	 1.222636E-9	 9.999842E-3	 2.383065E-6
1.580000E+1	 1.240952E-9	 9.999816E-3	 2.343746E-6
1.600000E+1	 1.235296E-9	 9.999971E-3	 2.306427E-6
1.620000E+1	 1.254920E-9	 9.999666E-3	 2.268644E-6
1.640000E+1	 1.263823E-9	 9.999918E-3	 2.232469E-6
1.660000E+1	 1.289355E-9	 9.999854E-3	 2.195073E-6
1.680000E+1	 1.304588E-9	 9.999760E-3	 2.158733E-6
1.700000E+1	 1.311044E-9	 9.999924E-3	 2.121781E-6
1.720000E+1	 1.290282E-9	 9.999963E-3	 2.085904E-6
1.740000E+1	 1.324887E-9	 1.000004E-2	 2.050574E-6
1.760000E+1	 1.335774E-9	 9.999869E-3	 2.015731E-6
1.780000E+1	 1.333579E-9	 1.000001E-2	 1.980558E-6
1.800000E+1	 1.356198E-9	 9.999816E-3	 1.945509E-6
1.820000E+1	 1.361894E-9	 9.999950E-3	 1.913035E-6
1.840000E+1	 1.361853E-9	 1.000001E-2	 1.878527E-6
1.860000E+1	 1.372065E-9	 9.999839E-3	 1.846167E-6
1.880000E+1	 1.389368E-9	 9.999913E-3	 1.814261E-6
1.900000E+1	 1.402111E-9	 9.999798E-3	 1.781638E-6
1.920000E+1	 1.409833E-9	 1.000003E-2	 1.750976E-6
1.940000E+1	 1.401858E-9	 9.999914E-3	 1.719685E-6
1.960000E+1	 1.424941E-9	 9.999756E-3	 1.690706E-6
1.980000E+1	 1.458744E-9	 9.999917E-3	 1.661042E-6
2.000000E+1	 1.462965E-9	 9.999875E-3	 1.632696E-6
2.020000E+1	 1.467056E-9	 9.999785E-3	 1.604344E-6
2.040000E+1	 1.481700E-9	 9.999748E-3	 1.576310E-6
2.060000E+1	 1.485540E-9	 9.999998E-3	 1.549373E-6
2.080000E+1	 1.492292E-9	 9.999770E-3	 1.523397E-6
2.100000E+1	 1.519596E-9	 9.999851E-3	 1.497716E-6
2.120000E+1	 1.518245E-9	 9.999785E-3	 1.474475E-6
2.140000E+1	 1.530314E-9	 9.999697E-3	 1.449692E-6
2.160000E+1	 1.531242E-9	 9.999831E-3	 1.427499E-6
2.180000E+1	 1.553692E-9	 9.999745E-3	 1.404521E-6
2.200000E+1	 1.551371E-9	 9.999971E-3	 1.383510E-6
2.220000E+1	 1.556477E-9	 9.999892E-3	 1.363206E-6
2.240000E+1	 1.567576E-9	 9.999989E-3	 1.343656E-6
2.260000E+1	 1.584668E-9	 9.999785E-3	 1.323717E-6
2.280000E+1	 1.595259E-9	 9.999739E-3	 1.306393E-6
2.300000E+1	 1.613784E-9	 9.999805E-3	 1.288861E-6
2.320000E+1	 1.618301E-9	 9.999841E-3	 1.272546E-6
2.340000E+1	 1.622519E-9	 9.999892E-3	 1.256364E-6
2.360000E+1	 1.643409E-9	 9.999805E-3	 1.241709E-6
2.380000E+1	 1.656913E-9	 9.999926E-3	 1.227487E-6
2.400000E+1	 1.660416E-9	 9.999793E-3	 1.214319E-6
2.420000E+1	 1.652523E-9	 9.999697E-3	 1.202026E-6
2.440000E+1	 1.679869E-9	 9.999814E-3	 1.190276E-6
2.460000E+1	 1.686832E-9	 9.999793E-3	 1.180323E-6
2.480000E+1	 1.697214E-9	 9.999735E-3	 1.170804E-6
2.500000E+1	 1.703711E-9	 9.999840E-3	 1.161464E-6
2.520000E+1	 1.725993E-9	 9.999795E-3	 1.153517E-6
2.540000E+1	 1.728947E-9	 9.999998E-3	 1.146642E-6
2.560000E+1	 1.746460E-9	 9.999877E-3	 1.139891E-6
2.580000E+1	 1.737978E-9	 9.999924E-3	 1.133329E-6
2.600000E+1	 1.762750E-9	 1.000006E-2	 1.128846E-6
2.620000E+1	 1.776421E-9	 9.999793E-3	 1.124292E-6
2.640000E+1	 1.792163E-9	 9.999918E-3	 1.120684E-6
2.660000E+1	 1.809168E-9	 1.000004E-2	 1.116456E-6
2.680000E+1	 1.801445E-9	 9.999913E-3	 1.114390E-6
2.700000E+1	 1.819212E-9	 9.999897E-3	 1.112524E-6
2.720000E+1	 1.873016E-9	 1.000003E-2	 1.111479E-6
2.740000E+1	 1.837105E-9	 9.999888E-3	 1.111610E-6
2.760000E+1	 1.846262E-9	 1.000004E-2	 1.111982E-6
2.780000E+1	 1.847992E-9	 1.000001E-2	 1.112464E-6
2.800000E+1	 1.864113E-9	 9.999880E-3	 1.114381E-6
2.820000E+1	 1.864365E-9	 1.000011E-2	 1.115916E-6
2.840000E+1	 1.876181E-9	 9.999869E-3	 1.118896E-6
2.860000E+1	 1.894242E-9	 9.999963E-3	 1.121152E-6
2.880000E+1	 1.903907E-9	 9.999901E-3	 1.124094E-6
2.900000E+1	 1.912474E-9	 9.999966E-3	 1.127901E-6
2.920000E+1	 1.928509E-9	 9.999867E-3	 1.132696E-6
2.940000E+1	 1.921420E-9	 9.999725E-3	 1.136643E-6
2.960000E+1	 1.955771E-9	 9.999863E-3	 1.141510E-6
2.980000E+1	 1.955011E-9	 9.999915E-3	 1.146975E-6
3.000000E+1	 1.966828E-9	 9.999828E-3	 1.152466E-6
3.020000E+1	 1.971427E-9	 9.999840E-3	 1.158537E-6
3.040000E+1	 1.990205E-9	 9.999899E-3	 1.165176E-6
3.060000E+1	 2.005314E-9	 9.999963E-3	 1.172210E-6
3.080000E+1	 2.006536E-9	 9.999984E-3	 1.178724E-6
3.100000E+1	 2.019744E-9	 9.999986E-3	 1.185722E-6
3.120000E+1	 2.017720E-9	 9.999910E-3	 1.193546E-6
3.140000E+1	 2.044979E-9	 9.999876E-3	 1.200674E-6
3.160000E+1	 2.052322E-9	 1.000001E-2	 1.209100E-6
3.180000E+1	 2.051946E-9	 1.000006E-2	 1.216662E-6
3.200000E+1	 2.067092E-9	 9.999890E-3	 1.224830E-6
3.220000E+1	 2.072916E-9	 9.999950E-3	 1.233097E-6
3.240000E+1	 2.094437E-9	 9.999857E-3	 1.241746E-6
3.260000E+1	 2.099418E-9	 9.999915E-3	 1.250608E-6
3.280000E+1	 2.116002E-9	 9.999959E-3	 1.259434E-6
3.300000E+1	 2.112330E-9	 1.000010E-2	 1.268177E-6
3.320000E+1	 2.130857E-9	 9.999964E-3	 1.277013E-6
3.340000E+1	 2.130097E-9	 9.999794E-3	 1.286653E-6
3.360000E+1	 2.149044E-9	 9.999998E-3	 1.294955E-6
3.380000E+1	 2.152927E-9	 1.000019E-2	 1.303639E-6
3.400000E+1	 2.170439E-9	 9.999976E-3	 1.312744E-6
3.420000E+1	 2.178712E-9	 1.000011E-2	 1.322117E-6
3.440000E+1	 2.184112E-9	 9.999804E-3	 1.331220E-6
3.460000E+1	 2.193059E-9	 9.999867E-3	 1.340108E-6
3.480000E+1	 2.222218E-9	 9.999913E-3	 1.349166E-6
3.500000E+1	 2.227451E-9	 1.000011E-2	 1.357904E-6
3.480000E+1	 1.936654E-9	 9.999832E-3	 1.337717E-6
3.460000E+1	 1.837823E-9	 1.000008E-2	 1.318199E-6
3.440000E+1	 1.775832E-9	 1.000001E-2	 1.297985E-6
3.420000E+1	 1.719031E-9	 1.000010E-2	 1.280108E-6
3.400000E+1	 1.675564E-9	 9.999895E-3	 1.262852E-6
3.380000E+1	 1.635939E-9	 9.999930E-3	 1.245394E-6
3.360000E+1	 1.605050E-9	 9.999857E-3	 1.231127E-6
3.340000E+1	 1.579350E-9	 9.999908E-3	 1.214228E-6
3.320000E+1	 1.525630E-9	 1.000007E-2	 1.198390E-6
3.300000E+1	 1.490478E-9	 9.999915E-3	 1.183829E-6
3.280000E+1	 1.471235E-9	 9.999930E-3	 1.169909E-6
3.260000E+1	 1.435576E-9	 9.999929E-3	 1.156833E-6
3.240000E+1	 1.404559E-9	 9.999925E-3	 1.143027E-6
3.220000E+1	 1.385020E-9	 9.999823E-3	 1.130534E-6
3.200000E+1	 1.368647E-9	 9.999973E-3	 1.118594E-6
3.180000E+1	 1.342104E-9	 1.000006E-2	 1.107044E-6
3.160000E+1	 1.306150E-9	 1.000004E-2	 1.097300E-6
3.140000E+1	 1.291591E-9	 9.999996E-3	 1.087214E-6
3.120000E+1	 1.277961E-9	 9.999926E-3	 1.078176E-6
3.100000E+1	 1.259224E-9	 9.999698E-3	 1.069864E-6
3.080000E+1	 1.233946E-9	 1.000001E-2	 1.062790E-6
3.060000E+1	 1.213564E-9	 9.999817E-3	 1.056165E-6
3.040000E+1	 1.198034E-9	 9.999883E-3	 1.049939E-6
3.020000E+1	 1.179340E-9	 1.000001E-2	 1.045426E-6
3.000000E+1	 1.147269E-9	 1.000002E-2	 1.042002E-6
2.980000E+1	 1.155117E-9	 9.999948E-3	 1.039940E-6
2.960000E+1	 1.128870E-9	 9.999936E-3	 1.038429E-6
2.940000E+1	 1.106503E-9	 9.999951E-3	 1.038112E-6
2.920000E+1	 1.097177E-9	 9.999855E-3	 1.038571E-6
2.900000E+1	 1.081310E-9	 9.999945E-3	 1.041481E-6
2.880000E+1	 1.058185E-9	 9.999841E-3	 1.045031E-6
2.860000E+1	 1.049112E-9	 9.999989E-3	 1.050083E-6
2.840000E+1	 1.031515E-9	 9.999948E-3	 1.056405E-6
2.820000E+1	 1.009360E-9	 9.999942E-3	 1.064032E-6
2.800000E+1	 1.007082E-9	 9.999905E-3	 1.073132E-6
2.780000E+1	 9.915098E-10	 9.999868E-3	 1.083744E-6
2.760000E+1	 9.868257E-10	 9.999881E-3	 1.095648E-6
2.740000E+1	 9.636160E-10	 9.999785E-3	 1.108776E-6
2.720000E+1	 9.547121E-10	 9.999890E-3	 1.123077E-6
2.700000E+1	 9.500702E-10	 9.999998E-3	 1.138596E-6
2.680000E+1	 9.249189E-10	 9.999882E-3	 1.156040E-6
2.660000E+1	 9.170275E-10	 9.999868E-3	 1.174511E-6
2.640000E+1	 8.902322E-10	 9.999854E-3	 1.194835E-6
2.620000E+1	 8.793430E-10	 9.999743E-3	 1.215174E-6
2.600000E+1	 8.664729E-10	 9.999949E-3	 1.237702E-6
2.580000E+1	 8.605643E-10	 9.999797E-3	 1.261151E-6
2.560000E+1	 8.325437E-10	 9.999842E-3	 1.285353E-6
2.540000E+1	 8.252441E-10	 9.999877E-3	 1.311635E-6
2.520000E+1	 8.155374E-10	 9.999863E-3	 1.338145E-6
2.500000E+1	 8.107270E-10	 1.000001E-2	 1.366812E-6
2.480000E+1	 7.976033E-10	 9.999950E-3	 1.395966E-6
2.460000E+1	 7.804272E-10	 9.999957E-3	 1.425341E-6
2.440000E+1	 7.597073E-10	 9.999945E-3	 1.456187E-6
2.420000E+1	 7.458243E-10	 9.999881E-3	 1.488330E-6
2.400000E+1	 7.356118E-10	 9.999927E-3	 1.520792E-6
2.380000E+1	 7.209265E-10	 9.999791E-3	 1.554488E-6
2.360000E+1	 7.202512E-10	 9.999887E-3	 1.588150E-6
2.340000E+1	 6.978850E-10	 9.999854E-3	 1.624011E-6
2.320000E+1	 6.857735E-10	 9.999831E-3	 1.660439E-6
2.300000E+1	 6.790644E-10	 9.999894E-3	 1.696155E-6
2.280000E+1	 6.707932E-10	 9.999792E-3	 1.732683E-6
2.260000E+1	 6.531111E-10	 9.999922E-3	 1.770353E-6
2.240000E+1	 6.389324E-10	 9.999895E-3	 1.807722E-6
2.220000E+1	 6.332770E-10	 9.999855E-3	 1.846600E-6
2.200000E+1	 6.185077E-10	 9.999872E-3	 1.887047E-6
2.180000E+1	 6.150901E-10	 9.999791E-3	 1.926749E-6
2.160000E+1	 5.915422E-10	 9.999910E-3	 1.966879E-6
2.140000E+1	 5.901499E-10	 9.999801E-3	 2.006077E-6
2.120000E+1	 5.639862E-10	 9.999927E-3	 2.046407E-6
2.100000E+1	 5.766035E-10	 9.999648E-3	 2.086929E-6
2.080000E+1	 5.589643E-10	 9.999848E-3	 2.129182E-6
2.060000E+1	 5.392571E-10	 9.999971E-3	 2.169203E-6
2.040000E+1	 5.259217E-10	 9.999863E-3	 2.209854E-6
2.020000E+1	 5.147814E-10	 9.999863E-3	 2.249784E-6
2.000000E+1	 5.084930E-10	 9.999782E-3	 2.290363E-6
1.980000E+1	 4.878579E-10	 9.999911E-3	 2.331357E-6
1.960000E+1	 4.651545E-10	 9.999844E-3	 2.372202E-6
1.940000E+1	 4.723711E-10	 1.000002E-2	 2.413874E-6
1.920000E+1	 4.650700E-10	 9.999881E-3	 2.458611E-6
1.900000E+1	 4.505535E-10	 9.999746E-3	 2.499163E-6
1.880000E+1	 4.312261E-10	 9.999876E-3	 2.538346E-6
1.860000E+1	 4.189039E-10	 9.999861E-3	 2.580557E-6
1.840000E+1	 3.994496E-10	 9.999793E-3	 2.620680E-6
1.820000E+1	 4.010111E-10	 9.999774E-3	 2.660212E-6
1.800000E+1	 4.086914E-10	 9.999804E-3	 2.705043E-6
1.780000E+1	 3.748051E-10	 9.999976E-3	 2.744707E-6
1.760000E+1	 3.450543E-10	 9.999880E-3	 2.785951E-6
1.740000E+1	 3.450124E-10	 9.999842E-3	 2.827106E-6
1.720000E+1	 3.372053E-10	 1.000001E-2	 2.864881E-6
1.700000E+1	 3.313816E-10	 1.000002E-2	 2.907193E-6
1.680000E+1	 3.242501E-10	 1.000002E-2	 2.945548E-6
1.660000E+1	 3.074125E-10	 9.999975E-3	 2.987219E-6
1.640000E+1	 2.986771E-10	 9.999872E-3	 3.025433E-6
1.620000E+1	 2.799406E-10	 9.999906E-3	 3.063580E-6
1.600000E+1	 2.738217E-10	 1.000007E-2	 3.105669E-6
1.580000E+1	 2.687998E-10	 1.000005E-2	 3.144174E-6
1.560000E+1	 2.483753E-10	 1.000001E-2	 3.181641E-6
1.540000E+1	 2.420875E-10	 9.999695E-3	 3.219507E-6
1.520000E+1	 2.414122E-10	 9.999944E-3	 3.261503E-6
1.500000E+1	 2.194265E-10	 9.999950E-3	 3.299513E-6
1.480000E+1	 2.214096E-10	 1.000002E-2	 3.337716E-6
1.460000E+1	 2.102689E-10	 1.000009E-2	 3.373927E-6
1.440000E+1	 1.861308E-10	 9.999807E-3	 3.412706E-6
1.420000E+1	 1.789990E-10	 9.999962E-3	 3.451847E-6
1.400000E+1	 1.614862E-10	 9.999782E-3	 3.490021E-6
1.380000E+1	 1.403864E-10	 9.999910E-3	 3.526467E-6
1.360000E+1	 1.511474E-10	 9.999828E-3	 3.561734E-6
1.340000E+1	 1.292458E-10	 9.999843E-3	 3.600753E-6
1.320000E+1	 1.213123E-10	 9.999875E-3	 3.637176E-6
1.300000E+1	 1.047278E-10	 1.000010E-2	 3.675979E-6
1.280000E+1	 1.021115E-10	 9.999827E-3	 3.709730E-6
1.260000E+1	 1.100028E-10	 1.000001E-2	 3.747758E-6
1.240000E+1	 9.143500E-11	 9.999854E-3	 3.782542E-6
1.220000E+1	 7.636972E-11	 9.999927E-3	 3.820394E-6
1.200000E+1	 6.172657E-11	 9.999961E-3	 3.856048E-6
1.180000E+1	 6.227507E-11	 9.999763E-3	 3.892074E-6
1.160000E+1	 4.353851E-11	 9.999907E-3	 3.927841E-6
1.140000E+1	 4.125972E-11	 9.999914E-3	 3.963288E-6
1.120000E+1	 2.505507E-11	 9.999924E-3	 3.998297E-6
1.100000E+1	 2.573021E-11	 9.999864E-3	 4.033301E-6
1.080000E+1	 -8.409079E-12	 9.999936E-3	 4.069584E-6
1.060000E+1	 -4.442488E-12	 9.999838E-3	 4.101943E-6
1.040000E+1	 -2.431845E-11	 9.999867E-3	 4.137760E-6
1.020000E+1	 -2.849626E-11	 9.999757E-3	 4.171110E-6
1.000000E+1	 -6.212929E-11	 9.999826E-3	 4.206577E-6
9.800000E+0	 -5.081978E-11	 9.999818E-3	 4.239025E-6
9.600000E+0	 -7.521116E-11	 9.999874E-3	 4.275191E-6
9.400001E+0	 -6.196046E-11	 9.999906E-3	 4.306303E-6
9.200001E+0	 -8.803985E-11	 9.999850E-3	 4.341302E-6
9.000000E+0	 -1.018391E-10	 9.999917E-3	 4.374613E-6
8.800000E+0	 -1.029785E-10	 9.999793E-3	 4.406091E-6
8.600000E+0	 -1.203225E-10	 9.999848E-3	 4.438290E-6
8.400001E+0	 -1.279606E-10	 9.999864E-3	 4.468428E-6
8.200000E+0	 -1.366537E-10	 9.999872E-3	 4.501391E-6
8.000000E+0	 -1.612561E-10	 9.999817E-3	 4.533950E-6
7.800000E+0	 -1.504952E-10	 9.999939E-3	 4.563445E-6
7.600000E+0	 -1.761526E-10	 9.999879E-3	 4.596606E-6
7.400000E+0	 -1.964931E-10	 1.000007E-2	 4.626213E-6
7.200000E+0	 -1.976325E-10	 9.999732E-3	 4.655655E-6
7.000000E+0	 -1.904160E-10	 9.999971E-3	 4.682273E-6
6.800000E+0	 -2.125299E-10	 9.999932E-3	 4.711058E-6
6.600000E+0	 -2.291997E-10	 9.999906E-3	 4.740003E-6
6.400000E+0	 -2.350236E-10	 9.999854E-3	 4.764658E-6
6.200000E+0	 -2.550274E-10	 9.999659E-3	 4.789497E-6
6.000000E+0	 -2.557448E-10	 9.999877E-3	 4.815143E-6
5.800000E+0	 -2.632568E-10	 9.999657E-3	 4.835664E-6
5.600000E+0	 -2.739339E-10	 9.999912E-3	 4.859542E-6
5.400000E+0	 -2.890423E-10	 9.999938E-3	 4.883418E-6
5.200000E+0	 -2.917011E-10	 9.999826E-3	 4.906095E-6
5.000000E+0	 -3.068094E-10	 9.999687E-3	 4.926498E-6
4.800000E+0	 -3.217912E-10	 9.999755E-3	 4.949195E-6
4.600000E+0	 -3.304425E-10	 9.999876E-3	 4.968620E-6
4.400000E+0	 -3.480831E-10	 9.999645E-3	 4.989225E-6
4.200000E+0	 -3.447069E-10	 9.999682E-3	 5.011033E-6
4.000000E+0	 -3.518390E-10	 9.999832E-3	 5.027557E-6
3.800000E+0	 -3.653437E-10	 9.999723E-3	 5.046670E-6
3.600000E+0	 -3.743749E-10	 9.999613E-3	 5.067844E-6
3.400000E+0	 -3.783842E-10	 9.999731E-3	 5.081140E-6
3.200000E+0	 -4.000338E-10	 9.999814E-3	 5.099437E-6
3.000000E+0	 -4.175055E-10	 9.999816E-3	 5.119079E-6
2.800000E+0	 -4.159441E-10	 9.999776E-3	 5.135644E-6
2.600000E+0	 -4.502543E-10	 9.999840E-3	 5.155079E-6
2.400000E+0	 -4.414762E-10	 9.999751E-3	 5.175328E-6
2.200000E+0	 -4.577241E-10	 9.999667E-3	 5.196632E-6
2.000000E+0	 -4.697939E-10	 9.999805E-3	 5.219473E-6
1.800000E+0	 -4.715663E-10	 9.999814E-3	 5.243933E-6
1.600000E+0	 -4.874343E-10	 9.999767E-3	 5.268103E-6
1.400000E+0	 -5.065097E-10	 9.999787E-3	 5.297056E-6
1.200000E+0	 -5.245722E-10	 9.999971E-3	 5.323723E-6
1.000000E+0	 -5.448713E-10	 9.999745E-3	 5.347918E-6
8.000002E-1	 -5.740330E-10	 9.999909E-3	 5.379294E-6
6.000001E-1	 -5.857651E-10	 9.999914E-3	 5.418549E-6
4.000002E-1	 -6.152645E-10	 9.999786E-3	 5.487016E-6
2.000002E-1	 -5.988479E-10	 9.999865E-3	 5.552793E-6
1.490116E-7	 -5.960627E-10	 9.999828E-3	 5.570290E-6
-1.999999E-1	 -5.793925E-10	 9.999886E-3	 5.579794E-6
-3.999999E-1	 -5.844990E-10	 9.999763E-3	 5.591691E-6
-5.999998E-1	 -5.980881E-10	 9.999755E-3	 5.599258E-6
-7.999998E-1	 -6.058111E-10	 9.999868E-3	 5.606226E-6
-9.999999E-1	 -6.250974E-10	 9.999963E-3	 5.610928E-6
-1.200000E+0	 -6.131544E-10	 9.999803E-3	 5.617292E-6
-1.400000E+0	 -6.328626E-10	 9.999769E-3	 5.622609E-6
-1.600000E+0	 -6.452699E-10	 9.999838E-3	 5.629448E-6
-1.800000E+0	 -6.581414E-10	 9.999825E-3	 5.631607E-6
-2.000000E+0	 -6.674683E-10	 9.999813E-3	 5.636134E-6
-2.200000E+0	 -7.007656E-10	 9.999792E-3	 5.643651E-6
-2.400000E+0	 -1.048933E-9	 9.999824E-3	 5.646340E-6
-2.600000E+0	 -7.590468E-10	 9.999778E-3	 5.652886E-6
-2.800000E+0	 -7.200098E-10	 9.999895E-3	 5.656672E-6
-3.000000E+0	 -7.353293E-10	 9.999667E-3	 5.660571E-6
-3.200000E+0	 -7.333879E-10	 9.999697E-3	 5.664397E-6
-3.400000E+0	 -7.475677E-10	 9.999909E-3	 5.669932E-6
-3.600000E+0	 -7.509440E-10	 9.999697E-3	 5.674307E-6
-3.800000E+0	 -7.647440E-10	 9.999893E-3	 5.679518E-6
-4.000000E+0	 -7.694283E-10	 9.999887E-3	 5.684998E-6
-4.200000E+0	 -7.767296E-10	 9.999988E-3	 5.688394E-6
-4.400000E+0	 -8.012907E-10	 9.999818E-3	 5.691823E-6
-4.600000E+0	 -8.033162E-10	 9.999840E-3	 5.697534E-6
-4.800000E+0	 -8.170324E-10	 9.999946E-3	 5.700236E-6
-5.000000E+0	 -8.310017E-10	 9.999655E-3	 5.705465E-6
-5.200000E+0	 -8.392307E-10	 9.999867E-3	 5.709510E-6
-5.400000E+0	 -8.439151E-10	 9.999738E-3	 5.714234E-6
-5.600000E+0	 -8.632861E-10	 9.999926E-3	 5.719300E-6
-5.800000E+0	 -8.581796E-10	 9.999732E-3	 5.722740E-6
-6.000000E+0	 -8.839650E-10	 9.999755E-3	 5.725682E-6
-6.200000E+0	 -8.829520E-10	 9.999737E-3	 5.731114E-6
-6.400000E+0	 -9.058256E-10	 9.999755E-3	 5.735630E-6
-6.600000E+0	 -9.073023E-10	 9.999717E-3	 5.738238E-6
-6.800000E+0	 -9.153212E-10	 9.999681E-3	 5.742546E-6
-7.000000E+0	 -9.454528E-10	 9.999695E-3	 5.745240E-6
-7.200000E+0	 -9.376883E-10	 9.999732E-3	 5.749723E-6
-7.400000E+0	 -9.559196E-10	 9.999723E-3	 5.752643E-6
-7.600000E+0	 -9.565104E-10	 9.999767E-3	 5.757801E-6
-7.800000E+0	 -9.720406E-10	 9.999906E-3	 5.761131E-6
-8.000000E+0	 -9.832668E-10	 9.999814E-3	 5.766511E-6
-8.200000E+0	 -9.944074E-10	 9.999868E-3	 5.770532E-6
-8.400000E+0	 -9.963913E-10	 9.999636E-3	 5.774859E-6
-8.600000E+0	 -1.015677E-9	 9.999643E-3	 5.780847E-6
-8.800000E+0	 -1.026651E-9	 9.999705E-3	 5.781076E-6
-9.000000E+0	 -1.047202E-9	 9.999724E-3	 5.786253E-6
-9.200000E+0	 -1.049143E-9	 9.999681E-3	 5.789081E-6
-9.400000E+0	 -1.060200E-9	 9.999762E-3	 5.793980E-6
-9.600000E+0	 -1.067924E-9	 9.999830E-3	 5.797088E-6
-9.800000E+0	 -1.075731E-9	 9.999705E-3	 5.803471E-6
-1.000000E+1	 -1.093498E-9	 9.999737E-3	 5.807482E-6
-9.800000E+0	 -7.934835E-10	 9.999816E-3	 5.804276E-6
-9.600000E+0	 -7.017784E-10	 9.999982E-3	 5.801129E-6
-9.400000E+0	 -6.327783E-10	 9.999895E-3	 5.798161E-6
-9.200000E+0	 -5.876642E-10	 9.999826E-3	 5.795084E-6
-9.000000E+0	 -5.376124E-10	 9.999756E-3	 5.792142E-6
-8.800000E+0	 -5.053701E-10	 9.999915E-3	 5.789404E-6
-8.600000E+0	 -4.653625E-10	 9.999668E-3	 5.785725E-6
-8.400000E+0	 -4.256503E-10	 9.999757E-3	 5.781001E-6
-8.200000E+0	 -3.968264E-10	 9.999801E-3	 5.777536E-6
-8.000000E+0	 -3.639088E-10	 9.999887E-3	 5.773654E-6
-7.800000E+0	 -3.400223E-10	 9.999791E-3	 5.770573E-6
-7.600000E+0	 -2.986221E-10	 9.999930E-3	 5.766322E-6
-7.400000E+0	 -2.867211E-10	 9.999833E-3	 5.762078E-6
-7.200000E+0	 -2.599229E-10	 9.999783E-3	 5.756682E-6
-7.000000E+0	 -2.246419E-10	 9.999780E-3	 5.753057E-6
-6.800000E+0	 -2.069170E-10	 9.999756E-3	 5.749121E-6
-6.600000E+0	 -1.831577E-10	 9.999895E-3	 5.741930E-6
-6.400000E+0	 -1.655605E-10	 9.999889E-3	 5.739505E-6
-6.200000E+0	 -1.396077E-10	 9.999811E-3	 5.732571E-6
-6.000000E+0	 -1.315054E-10	 9.999804E-3	 5.728066E-6
-5.800000E+0	 -1.097726E-10	 9.999566E-3	 5.723611E-6
-5.600000E+0	 -8.677394E-11	 9.999805E-3	 5.719196E-6
-5.400000E+0	 -7.031606E-11	 9.999936E-3	 5.714091E-6
-5.200000E+0	 -5.845803E-11	 9.999895E-3	 5.709582E-6
-5.000000E+0	 -3.368690E-11	 9.999854E-3	 5.702829E-6
-4.800000E+0	 -1.094104E-11	 9.999783E-3	 5.698781E-6
-4.600000E+0	 3.533229E-12	 9.999636E-3	 5.693073E-6
-4.400000E+0	 1.610866E-11	 9.999837E-3	 5.686414E-6
-4.200000E+0	 4.193476E-11	 9.999816E-3	 5.682195E-6
-4.000000E+0	 4.737852E-11	 9.999860E-3	 5.675919E-6
-3.800000E+0	 6.995537E-11	 9.999748E-3	 5.668124E-6
-3.600000E+0	 7.117892E-11	 9.999697E-3	 5.664031E-6
-3.400000E+0	 8.970477E-11	 9.999922E-3	 5.657634E-6
-3.200000E+0	 1.305537E-10	 9.999719E-3	 5.650311E-6
-3.000000E+0	 1.202995E-10	 9.999811E-3	 5.643977E-6
-2.800000E+0	 1.421165E-10	 9.999968E-3	 5.635627E-6
-2.600000E+0	 1.768044E-10	 9.999883E-3	 5.629248E-6
-2.400000E+0	 1.669299E-10	 9.999898E-3	 5.622431E-6
-2.200000E+0	 1.854555E-10	 9.999501E-3	 5.616847E-6
-2.000000E+0	 2.094246E-10	 9.999946E-3	 5.604718E-6
-1.800000E+0	 2.164299E-10	 9.999863E-3	 5.594450E-6
-1.600000E+0	 2.204812E-10	 9.999852E-3	 5.584912E-6
-1.400000E+0	 2.867344E-10	 9.999946E-3	 5.574474E-6
-1.200000E+0	 3.778010E-10	 9.999822E-3	 5.556380E-6
-9.999999E-1	 3.985631E-10	 9.999930E-3	 5.528462E-6
-7.999998E-1	 4.121941E-10	 9.999944E-3	 5.496946E-6
-5.999998E-1	 4.472617E-10	 9.999787E-3	 5.463808E-6
-3.999999E-1	 4.549419E-10	 9.999922E-3	 5.429827E-6
-1.999999E-1	 4.470927E-10	 9.999801E-3	 5.395988E-6
1.490116E-7	 4.496247E-10	 9.999840E-3	 5.357560E-6
2.000002E-1	 4.262046E-10	 9.999945E-3	 5.310197E-6
4.000002E-1	 3.681378E-10	 9.999946E-3	 5.277181E-6
6.000001E-1	 3.745098E-10	 9.999885E-3	 5.243423E-6
8.000002E-1	 3.912629E-10	 1.000000E-2	 5.218324E-6
1.000000E+0	 3.930778E-10	 9.999767E-3	 5.182917E-6
1.200000E+0	 4.266262E-10	 9.999883E-3	 5.150059E-6
1.400000E+0	 4.310572E-10	 9.999911E-3	 5.113885E-6
1.600000E+0	 4.321123E-10	 9.999746E-3	 5.077021E-6
1.800000E+0	 4.489074E-10	 9.999848E-3	 5.045290E-6
2.000000E+0	 4.546890E-10	 1.000010E-2	 5.007194E-6
2.200000E+0	 4.679818E-10	 9.999885E-3	 4.973858E-6
2.400000E+0	 4.765903E-10	 9.999707E-3	 4.941768E-6
2.600000E+0	 5.049487E-10	 9.999776E-3	 4.910377E-6
2.800000E+0	 4.937235E-10	 9.999717E-3	 4.882049E-6
3.000000E+0	 5.126713E-10	 9.999952E-3	 4.847099E-6
3.200000E+0	 5.405230E-10	 9.999800E-3	 4.816223E-6
3.400000E+0	 5.536471E-10	 9.999948E-3	 4.787366E-6
3.600000E+0	 5.631843E-10	 9.999895E-3	 4.756502E-6
3.800000E+0	 5.731438E-10	 9.999828E-3	 4.725430E-6
4.000000E+0	 5.828490E-10	 9.999895E-3	 4.695444E-6
4.200000E+0	 5.939897E-10	 9.999909E-3	 4.663126E-6
4.400000E+0	 6.081268E-10	 9.999921E-3	 4.630789E-6
4.600000E+0	 6.315483E-10	 9.999851E-3	 4.599874E-6
4.800000E+0	 6.203220E-10	 9.999880E-3	 4.567573E-6
5.000000E+0	 6.412106E-10	 9.999732E-3	 4.537666E-6
5.200000E+0	 6.547994E-10	 9.999757E-3	 4.506073E-6
5.400000E+0	 6.627331E-10	 9.999942E-3	 4.477592E-6
5.600000E+0	 6.777561E-10	 9.999876E-3	 4.447194E-6
5.800000E+0	 6.708778E-10	 9.999926E-3	 4.416281E-6
6.000000E+0	 6.969144E-10	 9.999734E-3	 4.383706E-6
6.200000E+0	 7.045953E-10	 9.999893E-3	 4.352836E-6
6.400000E+0	 7.152722E-10	 9.999861E-3	 4.319320E-6
6.600000E+0	 7.238804E-10	 9.999907E-3	 4.283298E-6
6.800000E+0	 7.378059E-10	 9.999885E-3	 4.249448E-6
7.000000E+0	 7.458663E-10	 9.999892E-3	 4.215420E-6
7.200000E+0	 7.552343E-10	 9.999914E-3	 4.178020E-6
7.400000E+0	 7.747730E-10	 9.999844E-3	 4.139846E-6
7.600000E+0	 7.904288E-10	 9.999862E-3	 4.102533E-6
7.800000E+0	 7.877278E-10	 1.000002E-2	 4.062756E-6
8.000000E+0	 8.194628E-10	 9.999862E-3	 4.022507E-6
8.200000E+0	 8.148622E-10	 9.999944E-3	 3.986375E-6
8.400001E+0	 8.276494E-10	 9.999909E-3	 3.946603E-6
8.600000E+0	 8.401404E-10	 9.999942E-3	 3.907269E-6
8.800000E+0	 8.604802E-10	 9.999799E-3	 3.865605E-6
9.000000E+0	 8.650797E-10	 9.999865E-3	 3.824450E-6
9.200001E+0	 8.635608E-10	 9.999886E-3	 3.784923E-6
9.400001E+0	 8.844082E-10	 9.999849E-3	 3.745085E-6
9.600000E+0	 8.864325E-10	 9.999882E-3	 3.705144E-6
9.800000E+0	 9.059292E-10	 9.999868E-3	 3.661854E-6
1.000000E+1	 9.115420E-10	 9.999863E-3	 3.621487E-6
1.020000E+1	 9.257630E-10	 9.999881E-3	 3.579927E-6
1.040000E+1	 9.368614E-10	 9.999741E-3	 3.540056E-6
1.060000E+1	 9.436136E-10	 1.000016E-2	 3.500410E-6
1.080000E+1	 9.649245E-10	 9.999945E-3	 3.458210E-6
1.100000E+1	 9.655573E-10	 9.999851E-3	 3.415558E-6
1.120000E+1	 9.663587E-10	 9.999781E-3	 3.376110E-6
1.140000E+1	 9.983890E-10	 9.999862E-3	 3.334932E-6
1.160000E+1	 1.008221E-9	 1.000000E-2	 3.294569E-6
1.180000E+1	 1.009656E-9	 9.999694E-3	 3.253333E-6
1.200000E+1	 1.023666E-9	 9.999860E-3	 3.212388E-6
1.220000E+1	 1.037381E-9	 9.999964E-3	 3.171516E-6
1.240000E+1	 1.059113E-9	 9.999943E-3	 3.129885E-6
1.260000E+1	 1.057806E-9	 9.999949E-3	 3.088412E-6
1.280000E+1	 1.074896E-9	 9.999800E-3	 3.048724E-6
1.300000E+1	 1.080002E-9	 9.999781E-3	 3.006414E-6
1.320000E+1	 1.083083E-9	 9.999839E-3	 2.964924E-6
1.340000E+1	 1.111272E-9	 9.999814E-3	 2.925803E-6
1.360000E+1	 1.107939E-9	 1.000000E-2	 2.884624E-6
1.380000E+1	 1.121400E-9	 9.999799E-3	 2.843537E-6
1.400000E+1	 1.125367E-9	 9.999842E-3	 2.802617E-6
1.420000E+1	 1.135495E-9	 9.999672E-3	 2.762753E-6
1.440000E+1	 1.167651E-9	 9.999970E-3	 2.722538E-6
1.460000E+1	 1.165584E-9	 9.999840E-3	 2.683300E-6
1.480000E+1	 1.177863E-9	 9.999907E-3	 2.642819E-6
1.500000E+1	 1.176133E-9	 9.999889E-3	 2.603784E-6
1.520000E+1	 1.194996E-9	 9.999872E-3	 2.562900E-6
1.540000E+1	 1.213099E-9	 1.000000E-2	 2.522879E-6
1.560000E+1	 1.211201E-9	 9.999732E-3	 2.485706E-6
1.580000E+1	 1.237450E-9	 9.999920E-3	 2.446448E-6
1.600000E+1	 1.235466E-9	 9.999805E-3	 2.406893E-6
1.620000E+1	 1.253316E-9	 9.999961E-3	 2.367116E-6
1.640000E+1	 1.259772E-9	 9.999867E-3	 2.329278E-6
1.660000E+1	 1.274880E-9	 9.999981E-3	 2.293248E-6
1.680000E+1	 1.297119E-9	 1.000004E-2	 2.254496E-6
1.700000E+1	 1.293027E-9	 9.999804E-3	 2.216245E-6
1.720000E+1	 1.302310E-9	 1.000011E-2	 2.180532E-6
1.740000E+1	 1.313281E-9	 9.999823E-3	 2.142609E-6
1.760000E+1	 1.334086E-9	 9.999967E-3	 2.108200E-6
1.780000E+1	 1.340710E-9	 9.999946E-3	 2.071668E-6
1.800000E+1	 1.338136E-9	 9.999801E-3	 2.035953E-6
1.820000E+1	 1.344552E-9	 9.999930E-3	 2.001417E-6
1.840000E+1	 1.373922E-9	 9.999958E-3	 1.966103E-6
1.860000E+1	 1.378438E-9	 1.000004E-2	 1.932409E-6
1.880000E+1	 1.397723E-9	 9.999881E-3	 1.897692E-6
1.900000E+1	 1.402829E-9	 1.000008E-2	 1.863956E-6
1.920000E+1	 1.403546E-9	 9.999854E-3	 1.831711E-6
1.940000E+1	 1.434732E-9	 9.999872E-3	 1.799087E-6
1.960000E+1	 1.431356E-9	 9.999854E-3	 1.767865E-6
1.980000E+1	 1.444987E-9	 9.999826E-3	 1.736170E-6
2.000000E+1	 1.449755E-9	 9.999640E-3	 1.705217E-6
2.020000E+1	 1.456465E-9	 1.000006E-2	 1.674662E-6
2.040000E+1	 1.470685E-9	 9.999902E-3	 1.645219E-6
2.060000E+1	 1.475920E-9	 9.999766E-3	 1.617572E-6
2.080000E+1	 1.494022E-9	 9.999795E-3	 1.588889E-6
2.100000E+1	 1.515080E-9	 9.999697E-3	 1.561538E-6
2.120000E+1	 1.520693E-9	 9.999744E-3	 1.535419E-6
2.140000E+1	 1.528668E-9	 9.999863E-3	 1.509110E-6
2.160000E+1	 1.543439E-9	 9.999881E-3	 1.483736E-6
2.180000E+1	 1.548629E-9	 9.999845E-3	 1.460360E-6
2.200000E+1	 1.561584E-9	 9.999813E-3	 1.436293E-6
2.220000E+1	 1.568885E-9	 9.999824E-3	 1.414119E-6
2.240000E+1	 1.578590E-9	 9.999993E-3	 1.390756E-6
2.260000E+1	 1.605050E-9	 9.999707E-3	 1.370664E-6
2.280000E+1	 1.599057E-9	 1.000003E-2	 1.350353E-6
2.300000E+1	 1.618131E-9	 9.999930E-3	 1.330446E-6
2.320000E+1	 1.629356E-9	 9.999705E-3	 1.312074E-6
2.340000E+1	 1.648220E-9	 9.999877E-3	 1.294152E-6
2.360000E+1	 1.656702E-9	 9.999705E-3	 1.277680E-6
2.380000E+1	 1.656196E-9	 9.999874E-3	 1.261350E-6
2.400000E+1	 1.670417E-9	 9.999799E-3	 1.245987E-6
2.420000E+1	 1.679321E-9	 9.999854E-3	 1.232154E-6
2.440000E+1	 1.690082E-9	 9.999803E-3	 1.218165E-6
2.460000E+1	 1.703250E-9	 9.999959E-3	 1.205460E-6
2.480000E+1	 1.703585E-9	 9.999746E-3	 1.193958E-6
2.500000E+1	 1.715232E-9	 9.999876E-3	 1.182664E-6
2.520000E+1	 1.720339E-9	 9.999872E-3	 1.172867E-6
2.540000E+1	 1.751356E-9	 9.999982E-3	 1.163587E-6
2.560000E+1	 1.756335E-9	 9.999930E-3	 1.155063E-6
2.580000E+1	 1.773257E-9	 9.999801E-3	 1.148038E-6
2.600000E+1	 1.768995E-9	 9.999949E-3	 1.140659E-6
2.620000E+1	 1.780304E-9	 9.999895E-3	 1.134638E-6
2.640000E+1	 1.796678E-9	 9.999907E-3	 1.129348E-6
2.660000E+1	 1.808747E-9	 9.999836E-3	 1.124827E-6
2.680000E+1	 1.815246E-9	 9.999775E-3	 1.121026E-6
2.700000E+1	 1.834614E-9	 9.999655E-3	 1.118017E-6
2.720000E+1	 1.834573E-9	 9.999948E-3	 1.115307E-6
2.740000E+1	 1.840440E-9	 9.999818E-3	 1.113651E-6
2.760000E+1	 1.868712E-9	 9.999756E-3	 1.112584E-6
2.780000E+1	 1.874747E-9	 9.999824E-3	 1.112062E-6
2.800000E+1	 1.890824E-9	 9.999791E-3	 1.112279E-6
2.820000E+1	 1.899181E-9	 9.999906E-3	 1.113466E-6
2.840000E+1	 1.896353E-9	 9.999805E-3	 1.114863E-6
2.860000E+1	 1.917495E-9	 9.999816E-3	 1.115878E-6
2.880000E+1	 1.911587E-9	 9.999793E-3	 1.118325E-6
2.900000E+1	 1.938891E-9	 9.999781E-3	 1.121235E-6
2.920000E+1	 1.938679E-9	 9.999901E-3	 1.124469E-6
2.940000E+1	 1.968050E-9	 9.999703E-3	 1.128639E-6
2.960000E+1	 1.973325E-9	 9.999849E-3	 1.132550E-6
2.980000E+1	 1.965814E-9	 9.999857E-3	 1.137343E-6
3.000000E+1	 1.988222E-9	 9.999778E-3	 1.143164E-6
3.020000E+1	 1.989108E-9	 9.999941E-3	 1.148069E-6
3.040000E+1	 1.999447E-9	 9.999898E-3	 1.154034E-6
3.060000E+1	 2.017002E-9	 9.999839E-3	 1.160253E-6
3.080000E+1	 2.032152E-9	 1.000001E-2	 1.166679E-6
3.100000E+1	 2.040253E-9	 9.999863E-3	 1.173745E-6
3.120000E+1	 2.057259E-9	 1.000002E-2	 1.180878E-6
3.140000E+1	 2.066038E-9	 9.999806E-3	 1.188096E-6
3.160000E+1	 2.056882E-9	 9.999959E-3	 1.197773E-6
3.180000E+1	 2.086885E-9	 9.999837E-3	 1.205146E-6
3.200000E+1	 2.110937E-9	 9.999804E-3	 1.212810E-6
3.220000E+1	 2.109630E-9	 9.999861E-3	 1.221087E-6
3.240000E+1	 2.118534E-9	 9.999814E-3	 1.229663E-6
3.260000E+1	 2.125455E-9	 9.999892E-3	 1.238820E-6
3.280000E+1	 2.148199E-9	 9.999957E-3	 1.246589E-6
3.300000E+1	 2.155923E-9	 1.000000E-2	 1.255698E-6
3.320000E+1	 2.168034E-9	 9.999685E-3	 1.264782E-6
3.340000E+1	 2.183268E-9	 9.999838E-3	 1.272816E-6
3.360000E+1	 2.186980E-9	 9.999910E-3	 1.281922E-6
3.380000E+1	 2.193690E-9	 9.999876E-3	 1.290814E-6
3.400000E+1	 2.202047E-9	 9.999822E-3	 1.299677E-6
3.420000E+1	 2.213989E-9	 9.999983E-3	 1.309210E-6
3.440000E+1	 2.221796E-9	 9.999907E-3	 1.317985E-6
3.460000E+1	 2.223990E-9	 9.999826E-3	 1.326950E-6
3.480000E+1	 2.254584E-9	 9.999838E-3	 1.335883E-6
3.500000E+1	 2.256272E-9	 9.999910E-3	 1.345234E-6
3.480000E+1	 1.960285E-9	 9.999969E-3	 1.324252E-6
3.460000E+1	 1.863142E-9	 9.999745E-3	 1.305231E-6
3.440000E+1	 1.799124E-9	 9.999919E-3	 1.286451E-6
3.420000E+1	 1.755027E-9	 9.999923E-3	 1.269168E-6
3.400000E+1	 1.694765E-9	 1.000003E-2	 1.250710E-6
3.380000E+1	 1.663959E-9	 9.999764E-3	 1.234136E-6
3.360000E+1	 1.618469E-9	 9.999996E-3	 1.218550E-6
3.340000E+1	 1.582852E-9	 9.999923E-3	 1.201965E-6
3.320000E+1	 1.550273E-9	 9.999781E-3	 1.188123E-6
3.300000E+1	 1.519511E-9	 9.999956E-3	 1.173297E-6
3.280000E+1	 1.493811E-9	 9.999958E-3	 1.159832E-6
3.260000E+1	 1.460769E-9	 9.999948E-3	 1.146430E-6
3.240000E+1	 1.440724E-9	 9.999754E-3	 1.133542E-6
3.220000E+1	 1.413421E-9	 9.999912E-3	 1.120627E-6
3.200000E+1	 1.376961E-9	 9.999889E-3	 1.109125E-6
3.180000E+1	 1.370631E-9	 1.000004E-2	 1.098816E-6
3.160000E+1	 1.359279E-9	 9.999979E-3	 1.088338E-6
3.140000E+1	 1.332187E-9	 9.999836E-3	 1.079942E-6
3.120000E+1	 1.301424E-9	 1.000003E-2	 1.071500E-6
3.100000E+1	 1.285809E-9	 9.999848E-3	 1.064082E-6
3.080000E+1	 1.267790E-9	 9.999833E-3	 1.057318E-6
3.060000E+1	 1.240994E-9	 9.999909E-3	 1.051786E-6
3.040000E+1	 1.230739E-9	 9.999967E-3	 1.047142E-6
3.020000E+1	 1.215716E-9	 1.000001E-2	 1.043750E-6
3.000000E+1	 1.189932E-9	 9.999962E-3	 1.041419E-6
2.980000E+1	 1.177019E-9	 9.999956E-3	 1.039865E-6
2.960000E+1	 1.159379E-9	 9.999860E-3	 1.040390E-6
2.940000E+1	 1.140432E-9	 9.999980E-3	 1.040495E-6
2.920000E+1	 1.130937E-9	 9.999943E-3	 1.043688E-6
2.900000E+1	 1.107263E-9	 1.000014E-2	 1.047332E-6
2.880000E+1	 1.093549E-9	 9.999983E-3	 1.051868E-6
2.860000E+1	 1.069747E-9	 1.000002E-2	 1.058552E-6
2.840000E+1	 1.072997E-9	 1.000001E-2	 1.066493E-6
2.820000E+1	 1.043373E-9	 1.000004E-2	 1.076384E-6
2.800000E+1	 1.030038E-9	 1.000004E-2	 1.086306E-6
2.780000E+1	 1.023033E-9	 9.999851E-3	 1.098920E-6
2.760000E+1	 1.000329E-9	 9.999968E-3	 1.112487E-6
2.740000E+1	 1.002186E-9	 9.999837E-3	 1.127523E-6
2.720000E+1	 9.675826E-10	 9.999825E-3	 1.144102E-6
2.700000E+1	 9.663171E-10	 9.999971E-3	 1.161589E-6
2.680000E+1	 9.462289E-10	 9.999948E-3	 1.180382E-6
2.660000E+1	 9.262693E-10	 1.000003E-2	 1.201080E-6
2.640000E+1	 9.192641E-10	 9.999949E-3	 1.221819E-6
2.620000E+1	 9.018780E-10	 9.999948E-3	 1.245790E-6
2.600000E+1	 8.975310E-10	 9.999811E-3	 1.269166E-6
2.580000E+1	 8.861371E-10	 9.999847E-3	 1.295395E-6
2.560000E+1	 8.712407E-10	 9.999893E-3	 1.321258E-6
2.540000E+1	 8.431781E-10	 9.999989E-3	 1.348687E-6
2.520000E+1	 8.434320E-10	 9.999835E-3	 1.377212E-6
2.500000E+1	 8.210657E-10	 9.999882E-3	 1.407553E-6
2.480000E+1	 8.129634E-10	 9.999880E-3	 1.438411E-6
2.460000E+1	 8.011893E-10	 9.999829E-3	 1.468728E-6
2.440000E+1	 7.783595E-10	 9.999922E-3	 1.501669E-6
2.420000E+1	 7.735066E-10	 9.999771E-3	 1.535398E-6
2.400000E+1	 7.573442E-10	 9.999958E-3	 1.569327E-6
2.380000E+1	 7.386920E-10	 9.999860E-3	 1.603586E-6
2.360000E+1	 7.456551E-10	 9.999895E-3	 1.640325E-6
2.340000E+1	 7.346829E-10	 9.999942E-3	 1.677220E-6
2.320000E+1	 7.245127E-10	 9.999856E-3	 1.714784E-6
2.300000E+1	 6.958598E-10	 9.999836E-3	 1.751384E-6
2.280000E+1	 6.871244E-10	 9.999873E-3	 1.789880E-6
2.260000E+1	 6.868713E-10	 9.999912E-3	 1.829016E-6
2.240000E+1	 6.577114E-10	 9.999895E-3	 1.867630E-6
2.220000E+1	 6.547149E-10	 9.999936E-3	 1.907564E-6
2.200000E+1	 6.378773E-10	 9.999811E-3	 1.946708E-6
2.180000E+1	 6.359363E-10	 9.999840E-3	 1.986344E-6
2.160000E+1	 6.108274E-10	 9.999848E-3	 2.028579E-6
2.140000E+1	 6.108273E-10	 9.999991E-3	 2.069293E-6
2.120000E+1	 6.059322E-10	 9.999919E-3	 2.109827E-6
2.100000E+1	 5.828911E-10	 9.999778E-3	 2.149614E-6
2.080000E+1	 5.770676E-10	 9.999619E-3	 2.193535E-6
2.060000E+1	 5.576982E-10	 9.999827E-3	 2.232980E-6
2.040000E+1	 5.409873E-10	 9.999758E-3	 2.275121E-6
2.020000E+1	 5.420839E-10	 9.999818E-3	 2.315511E-6
2.000000E+1	 5.248669E-10	 1.000003E-2	 2.357027E-6
1.980000E+1	 5.233055E-10	 9.999944E-3	 2.397373E-6
1.960000E+1	 4.993783E-10	 9.999886E-3	 2.440593E-6
1.940000E+1	 4.889129E-10	 9.999865E-3	 2.481296E-6
1.920000E+1	 4.771388E-10	 1.000006E-2	 2.522789E-6
1.900000E+1	 4.622848E-10	 9.999767E-3	 2.565475E-6
1.880000E+1	 4.663782E-10	 9.999828E-3	 2.607059E-6
1.860000E+1	 4.450252E-10	 9.999775E-3	 2.647443E-6
1.840000E+1	 4.283567E-10	 9.999943E-3	 2.689237E-6
1.820000E+1	 4.177642E-10	 9.999905E-3	 2.730696E-6
1.800000E+1	 4.088184E-10	 9.999899E-3	 2.772323E-6
1.780000E+1	 4.079740E-10	 9.999952E-3	 2.813826E-6
1.760000E+1	 3.824856E-10	 9.999849E-3	 2.853775E-6
1.740000E+1	 3.745517E-10	 9.999882E-3	 2.894091E-6
1.720000E+1	 3.737501E-10	 9.999678E-3	 2.935073E-6
1.700000E+1	 3.542960E-10	 9.999713E-3	 2.976902E-6
1.680000E+1	 3.505406E-10	 9.999938E-3	 3.017094E-6
1.660000E+1	 3.282589E-10	 9.999854E-3	 3.055449E-6
1.640000E+1	 3.199460E-10	 9.999807E-3	 3.095731E-6
1.620000E+1	 3.118014E-10	 9.999836E-3	 3.137091E-6
1.600000E+1	 3.046272E-10	 9.999775E-3	 3.175671E-6
1.580000E+1	 3.023485E-10	 9.999930E-3	 3.215945E-6
1.560000E+1	 2.608242E-10	 9.999826E-3	 3.254870E-6
1.540000E+1	 2.743281E-10	 9.999959E-3	 3.291559E-6
1.520000E+1	 2.606975E-10	 9.999952E-3	 3.333327E-6
1.500000E+1	 2.512025E-10	 9.999921E-3	 3.371495E-6
1.480000E+1	 2.184981E-10	 9.999823E-3	 3.409776E-6
1.460000E+1	 2.057959E-10	 9.999824E-3	 3.448469E-6
1.440000E+1	 2.027578E-10	 9.999817E-3	 3.485174E-6
1.420000E+1	 1.922077E-10	 9.999863E-3	 3.524189E-6
1.400000E+1	 1.752436E-10	 9.999863E-3	 3.561744E-6
1.380000E+1	 1.748216E-10	 9.999768E-3	 3.598140E-6
1.360000E+1	 1.568022E-10	 9.999820E-3	 3.634383E-6
1.340000E+1	 1.541858E-10	 9.999826E-3	 3.672345E-6
1.320000E+1	 1.376012E-10	 9.999875E-3	 3.708543E-6
1.300000E+1	 1.273046E-10	 9.999836E-3	 3.746697E-6
1.280000E+1	 1.119861E-10	 9.999962E-3	 3.783588E-6
1.260000E+1	 1.042636E-10	 9.999844E-3	 3.819172E-6
1.240000E+1	 1.075974E-10	 9.999838E-3	 3.855210E-6
1.220000E+1	 8.746817E-11	 9.999845E-3	 3.893061E-6
1.200000E+1	 7.653858E-11	 9.999814E-3	 3.926495E-6
1.180000E+1	 6.877390E-11	 9.999944E-3	 3.963867E-6
1.160000E+1	 4.691450E-11	 9.999861E-3	 3.997430E-6
1.140000E+1	 4.341194E-11	 9.999771E-3	 4.034591E-6
1.120000E+1	 2.556143E-11	 9.999833E-3	 4.069540E-6
1.100000E+1	 1.762791E-11	 9.999858E-3	 4.105797E-6
1.080000E+1	 1.193091E-11	 9.999938E-3	 4.137814E-6
1.060000E+1	 3.111317E-12	 9.999874E-3	 4.172733E-6
1.040000E+1	 -7.185516E-12	 9.999766E-3	 4.205196E-6
1.020000E+1	 -1.587849E-11	 9.999814E-3	 4.241805E-6
1.000000E+1	 -2.798983E-11	 9.999895E-3	 4.277174E-6
9.800000E+0	 -3.499492E-11	 9.999862E-3	 4.308031E-6
9.600000E+0	 -4.963814E-11	 9.999789E-3	 4.342572E-6
9.400001E+0	 -6.466130E-11	 9.999860E-3	 4.375643E-6
9.200001E+0	 -7.221504E-11	 9.999858E-3	 4.408687E-6
9.000000E+0	 -8.652063E-11	 1.000005E-2	 4.440762E-6
8.800000E+0	 -8.715357E-11	 9.999880E-3	 4.473909E-6
8.600000E+0	 -1.063545E-10	 1.000002E-2	 4.505354E-6
8.400001E+0	 -1.229810E-10	 9.999789E-3	 4.538716E-6
8.200000E+0	 -1.216729E-10	 9.999886E-3	 4.572241E-6
8.000000E+0	 -1.376243E-10	 1.000001E-2	 4.600887E-6
7.800000E+0	 -1.638725E-10	 9.999969E-3	 4.630414E-6
7.600000E+0	 -1.561499E-10	 9.999895E-3	 4.662171E-6
7.400000E+0	 -1.828623E-10	 9.999686E-3	 4.690331E-6
7.200000E+0	 -1.785157E-10	 9.999919E-3	 4.720781E-6
7.000000E+0	 -1.979280E-10	 9.999799E-3	 4.749997E-6
6.800000E+0	 -2.039629E-10	 9.999850E-3	 4.777131E-6
6.600000E+0	 -2.258657E-10	 9.999848E-3	 4.802980E-6
6.400000E+0	 -2.299171E-10	 9.999921E-3	 4.833289E-6
6.200000E+0	 -2.395392E-10	 9.999892E-3	 4.856900E-6
6.000000E+0	 -2.464604E-10	 9.999833E-3	 4.881022E-6
5.800000E+0	 -2.548164E-10	 9.999906E-3	 4.904482E-6
5.600000E+0	 -2.721192E-10	 1.000003E-2	 4.929942E-6
5.400000E+0	 -2.733853E-10	 9.999895E-3	 4.951417E-6
5.200000E+0	 -2.915322E-10	 9.999753E-3	 4.972622E-6
5.000000E+0	 -2.973561E-10	 9.999814E-3	 4.992461E-6
4.800000E+0	 -3.140681E-10	 9.999803E-3	 5.012504E-6
4.600000E+0	 -3.247031E-10	 9.999955E-3	 5.035216E-6
4.400000E+0	 -3.283746E-10	 1.000007E-2	 5.054729E-6
4.200000E+0	 -3.397269E-10	 9.999924E-3	 5.073988E-6
4.000000E+0	 -3.540757E-10	 9.999944E-3	 5.097269E-6
3.800000E+0	 -3.665676E-10	 9.999886E-3	 5.112806E-6
3.600000E+0	 -3.806209E-10	 9.999885E-3	 5.132338E-6
3.400000E+0	 -3.929017E-10	 9.999837E-3	 5.150261E-6
3.200000E+0	 -3.928595E-10	 9.999795E-3	 5.169840E-6
3.000000E+0	 -4.141294E-10	 9.999897E-3	 5.185809E-6
2.800000E+0	 -4.153110E-10	 9.999807E-3	 5.202750E-6
2.600000E+0	 -4.209240E-10	 9.999856E-3	 5.220889E-6
2.400000E+0	 -4.449369E-10	 9.999835E-3	 5.238783E-6
2.200000E+0	 -4.548542E-10	 9.999789E-3	 5.258258E-6
2.000000E+0	 -4.604249E-10	 9.999814E-3	 5.284792E-6
1.800000E+0	 -4.695406E-10	 9.999882E-3	 5.308248E-6
1.600000E+0	 -4.828766E-10	 9.999725E-3	 5.332765E-6
1.400000E+0	 -5.030069E-10	 9.999717E-3	 5.359012E-6
1.200000E+0	 -5.157520E-10	 9.999868E-3	 5.384835E-6
1.000000E+0	 -5.395960E-10	 9.999844E-3	 5.412417E-6
8.000002E-1	 -5.682089E-10	 9.999669E-3	 5.442090E-6
6.000001E-1	 -5.945856E-10	 9.999729E-3	 5.479943E-6
4.000002E-1	 -5.971598E-10	 9.999739E-3	 5.547749E-6
2.000002E-1	 -5.974130E-10	 9.999848E-3	 5.610249E-6
1.490116E-7	 -5.893948E-10	 9.999759E-3	 5.626398E-6
-1.999999E-1	 -5.742860E-10	 9.999819E-3	 5.639161E-6
-3.999999E-1	 -5.869044E-10	 9.999827E-3	 5.648209E-6
-5.999998E-1	 -5.871155E-10	 9.999804E-3	 5.654690E-6
-7.999998E-1	 -6.069925E-10	 9.999825E-3	 5.659819E-6
-9.999999E-1	 -6.217212E-10	 9.999745E-3	 5.663771E-6
-1.200000E+0	 -6.336645E-10	 9.999962E-3	 5.670753E-6
-1.400000E+0	 -6.379688E-10	 9.999785E-3	 5.677769E-6
-1.600000E+0	 -6.446369E-10	 9.999842E-3	 5.681528E-6
-1.800000E+0	 -6.536260E-10	 9.999816E-3	 5.688857E-6
-2.000000E+0	 -6.731656E-10	 9.999894E-3	 5.694102E-6
-2.200000E+0	 -6.807198E-10	 9.999845E-3	 5.695565E-6
-2.400000E+0	 -7.534762E-10	 9.999717E-3	 5.702394E-6
-2.600000E+0	 -1.304551E-9	 9.999801E-3	 5.710148E-6
-2.800000E+0	 -7.379035E-10	 9.999775E-3	 5.713129E-6
-3.000000E+0	 -7.339788E-10	 9.999927E-3	 5.716073E-6
-3.200000E+0	 -7.377768E-10	 9.999811E-3	 5.721702E-6
-3.400000E+0	 -7.506062E-10	 9.999889E-3	 5.725005E-6
-3.600000E+0	 -7.643224E-10	 9.999717E-3	 5.731101E-6
-3.800000E+0	 -7.696819E-10	 9.999758E-3	 5.735812E-6
-4.000000E+0	 -7.879553E-10	 9.999824E-3	 5.737877E-6
-4.200000E+0	 -7.823843E-10	 9.999773E-3	 5.744822E-6
-4.400000E+0	 -8.036540E-10	 9.999872E-3	 5.746124E-6
-4.600000E+0	 -8.150490E-10	 9.999844E-3	 5.751790E-6
-4.800000E+0	 -8.193535E-10	 9.999909E-3	 5.756396E-6
-5.000000E+0	 -8.368253E-10	 9.999833E-3	 5.762308E-6
-5.200000E+0	 -8.376268E-10	 9.999864E-3	 5.764386E-6
-5.400000E+0	 -8.524822E-10	 9.999860E-3	 5.768357E-6
-5.600000E+0	 -8.608805E-10	 9.999963E-3	 5.770741E-6
-5.800000E+0	 -8.872147E-10	 9.999870E-3	 5.777912E-6
-6.000000E+0	 -8.942199E-10	 9.999806E-3	 5.778920E-6
-6.200000E+0	 -9.010144E-10	 9.999895E-3	 5.784955E-6
-6.400000E+0	 -9.045172E-10	 9.999822E-3	 5.787880E-6
-6.600000E+0	 -9.248586E-10	 9.999908E-3	 5.792934E-6
-6.800000E+0	 -9.229175E-10	 9.999830E-3	 5.795638E-6
-7.000000E+0	 -9.477321E-10	 9.999854E-3	 5.802028E-6
-7.200000E+0	 -9.540203E-10	 9.999713E-3	 5.803620E-6
-7.400000E+0	 -9.626716E-10	 9.999798E-3	 5.810766E-6
-7.600000E+0	 -9.650349E-10	 9.999832E-3	 5.813199E-6
-7.800000E+0	 -9.844054E-10	 9.999833E-3	 5.818272E-6
-8.000000E+0	 -1.011627E-9	 9.999914E-3	 5.820278E-6
-8.200000E+0	 -1.007153E-9	 9.999822E-3	 5.824254E-6
-8.400000E+0	 -1.024244E-9	 1.000006E-2	 5.830367E-6
-8.600000E+0	 -1.037918E-9	 9.999933E-3	 5.832188E-6
-8.800000E+0	 -1.035766E-9	 9.999854E-3	 5.837308E-6
-9.000000E+0	 -1.035765E-9	 9.999933E-3	 5.840025E-6
-9.200000E+0	 -1.066151E-9	 9.999769E-3	 5.844679E-6
-9.400000E+0	 -1.070456E-9	 9.999944E-3	 5.847789E-6
-9.600000E+0	 -1.084720E-9	 9.999632E-3	 5.852211E-6
-9.800000E+0	 -1.091599E-9	 9.999872E-3	 5.856009E-6
-1.000000E+1	 -1.103542E-9	 1.000012E-2	 5.858052E-6
