-1.000000E+1	 -1.022429E-9	 9.998770E-3	 5.821913E-6
-9.800000E+0	 -8.828240E-10	 1.000001E-2	 5.797828E-6
-9.600000E+0	 -7.857597E-10	 9.999856E-3	 5.769661E-6
-9.400000E+0	 -6.961647E-10	 9.999835E-3	 5.739002E-6
-9.200000E+0	 -6.424421E-10	 9.999955E-3	 5.711422E-6
-9.000000E+0	 -5.952178E-10	 9.999990E-3	 5.685220E-6
-8.800000E+0	 -5.492174E-10	 9.999927E-3	 5.655782E-6
-8.600000E+0	 -4.959587E-10	 9.999892E-3	 5.629166E-6
-8.400000E+0	 -4.581455E-10	 9.999755E-3	 5.600831E-6
-8.200000E+0	 -4.322758E-10	 9.999933E-3	 5.571939E-6
-8.000000E+0	 -3.889343E-10	 9.999778E-3	 5.544860E-6
-7.800000E+0	 -3.588442E-10	 9.999823E-3	 5.513618E-6
-7.600000E+0	 -3.301891E-10	 9.999882E-3	 5.484845E-6
-7.400000E+0	 -2.943174E-10	 9.999787E-3	 5.456285E-6
-7.200000E+0	 -2.642273E-10	 9.999881E-3	 5.426945E-6
-7.000000E+0	 -2.435483E-10	 9.999897E-3	 5.396187E-6
-6.800000E+0	 -2.230381E-10	 9.999929E-3	 5.369270E-6
-6.600000E+0	 -2.119812E-10	 9.999920E-3	 5.339764E-6
-6.400000E+0	 -1.640413E-10	 9.999893E-3	 5.307934E-6
-6.200000E+0	 -1.301551E-10	 9.999895E-3	 5.278267E-6
-6.000000E+0	 -1.131909E-10	 9.999843E-3	 5.246166E-6
-5.800000E+0	 -9.441208E-11	 9.999807E-3	 5.214802E-6
-5.600000E+0	 -1.007420E-10	 9.999944E-3	 5.185491E-6
-5.400000E+0	 -6.702464E-11	 9.999874E-3	 5.153185E-6
-5.200000E+0	 -2.512049E-11	 1.000000E-2	 5.121022E-6
-5.000000E+0	 -1.803099E-11	 1.000006E-2	 5.089493E-6
-4.800000E+0	 5.811768E-12	 9.999882E-3	 5.058812E-6
-4.600000E+0	 2.180525E-11	 9.999976E-3	 5.025709E-6
-4.400000E+0	 3.632204E-11	 9.999989E-3	 4.995530E-6
-4.200000E+0	 4.995240E-11	 9.999881E-3	 4.961301E-6
-4.000000E+0	 6.387824E-11	 9.999921E-3	 4.929826E-6
-3.800000E+0	 9.527457E-11	 9.999787E-3	 4.894142E-6
-3.600000E+0	 1.094959E-10	 9.999912E-3	 4.864041E-6
-3.400000E+0	 1.161211E-10	 1.000002E-2	 4.828850E-6
-3.200000E+0	 1.402592E-10	 9.999666E-3	 4.793743E-6
-3.000000E+0	 1.531303E-10	 9.999869E-3	 4.760319E-6
-2.800000E+0	 1.552821E-10	 9.999873E-3	 4.726177E-6
-2.600000E+0	 1.715292E-10	 9.999963E-3	 4.693055E-6
-2.400000E+0	 2.117031E-10	 1.000003E-2	 4.656201E-6
-2.200000E+0	 1.980728E-10	 9.999844E-3	 4.621259E-6
-2.000000E+0	 2.217886E-10	 9.999799E-3	 4.584953E-6
-1.800000E+0	 2.406941E-10	 9.999787E-3	 4.549348E-6
-1.600000E+0	 2.639884E-10	 9.999907E-3	 4.517103E-6
-1.400000E+0	 2.846238E-10	 9.999753E-3	 4.478954E-6
-1.200000E+0	 2.763948E-10	 9.999870E-3	 4.441148E-6
-9.999999E-1	 2.808261E-10	 9.999869E-3	 4.406595E-6
-7.999998E-1	 3.039933E-10	 9.999968E-3	 4.371671E-6
-5.999998E-1	 3.050061E-10	 9.999881E-3	 4.334479E-6
-3.999999E-1	 3.209154E-10	 9.999744E-3	 4.297884E-6
-1.999999E-1	 3.379219E-10	 9.999868E-3	 4.260647E-6
1.490116E-7	 3.519318E-10	 9.999833E-3	 4.222454E-6
2.000002E-1	 3.633263E-10	 9.999907E-3	 4.185955E-6
4.000002E-1	 3.718505E-10	 1.000003E-2	 4.148338E-6
6.000001E-1	 3.949758E-10	 9.999814E-3	 4.111862E-6
8.000002E-1	 3.932036E-10	 9.999881E-3	 4.075897E-6
1.000000E+0	 3.982671E-10	 1.000005E-2	 4.039702E-6
1.200000E+0	 4.140079E-10	 1.000003E-2	 4.001947E-6
1.400000E+0	 4.159492E-10	 9.999999E-3	 3.963217E-6
1.600000E+0	 4.418172E-10	 9.999840E-3	 3.926475E-6
1.800000E+0	 4.409315E-10	 9.999905E-3	 3.888175E-6
2.000000E+0	 4.702596E-10	 9.999813E-3	 3.850949E-6
2.200000E+0	 4.713571E-10	 9.999886E-3	 3.813754E-6
2.400000E+0	 4.896293E-10	 9.999725E-3	 3.778051E-6
2.600000E+0	 4.070451E-10	 9.999931E-3	 3.750221E-6
2.800000E+0	 5.267229E-10	 9.999844E-3	 3.718751E-6
3.000000E+0	 5.349942E-10	 9.999893E-3	 3.682225E-6
3.200000E+0	 5.389607E-10	 9.999962E-3	 3.649499E-6
3.400000E+0	 5.541101E-10	 9.999907E-3	 3.617307E-6
3.600000E+0	 5.682046E-10	 9.999778E-3	 3.585898E-6
3.800000E+0	 5.809072E-10	 9.999780E-3	 3.552355E-6
4.000000E+0	 5.910345E-10	 1.000004E-2	 3.520965E-6
4.200000E+0	 6.010365E-10	 1.000007E-2	 3.484876E-6
4.400000E+0	 6.104047E-10	 9.999962E-3	 3.451391E-6
4.600000E+0	 6.152996E-10	 9.999921E-3	 3.416402E-6
4.800000E+0	 6.395223E-10	 9.999895E-3	 3.385402E-6
5.000000E+0	 6.557266E-10	 1.000006E-2	 3.353981E-6
5.200000E+0	 6.584700E-10	 9.999845E-3	 3.320119E-6
5.400000E+0	 6.756873E-10	 9.999851E-3	 3.289948E-6
5.600000E+0	 6.924403E-10	 9.999841E-3	 3.259074E-6
5.800000E+0	 6.876715E-10	 9.999964E-3	 3.229299E-6
6.000000E+0	 7.056068E-10	 9.999918E-3	 3.198337E-6
6.200000E+0	 7.132021E-10	 9.999868E-3	 3.168443E-6
6.400000E+0	 7.411386E-10	 9.999964E-3	 3.137497E-6
6.600000E+0	 7.405478E-10	 9.999880E-3	 3.106102E-6
6.800000E+0	 7.583150E-10	 9.999869E-3	 3.073626E-6
7.000000E+0	 7.588625E-10	 9.999941E-3	 3.039833E-6
7.200000E+0	 8.152833E-10	 1.000001E-2	 3.007082E-6
7.400000E+0	 7.889506E-10	 1.000004E-2	 2.972760E-6
7.600000E+0	 7.783163E-10	 9.999926E-3	 2.937557E-6
7.800000E+0	 7.991205E-10	 9.999908E-3	 2.902114E-6
8.000000E+0	 8.059990E-10	 9.999934E-3	 2.867979E-6
8.200000E+0	 8.224570E-10	 1.000005E-2	 2.830445E-6
8.400001E+0	 8.265931E-10	 9.999968E-3	 2.795168E-6
8.600000E+0	 8.471869E-10	 9.999956E-3	 2.758121E-6
8.800000E+0	 8.592126E-10	 1.000004E-2	 2.722143E-6
9.000000E+0	 8.837732E-10	 9.999855E-3	 2.686623E-6
9.200001E+0	 8.829301E-10	 1.000011E-2	 2.650347E-6
9.400001E+0	 8.871066E-10	 9.999943E-3	 2.614237E-6
9.600000E+0	 9.017083E-10	 9.999907E-3	 2.578809E-6
9.800000E+0	 9.147481E-10	 9.999780E-3	 2.542603E-6
1.000000E+1	 9.323030E-10	 9.999974E-3	 2.507240E-6
1.020000E+1	 9.437391E-10	 9.999856E-3	 2.471982E-6
1.040000E+1	 9.463971E-10	 9.999831E-3	 2.435999E-6
1.060000E+1	 9.683412E-10	 9.999839E-3	 2.400850E-6
1.080000E+1	 9.721817E-10	 9.999920E-3	 2.365833E-6
1.100000E+1	 9.747133E-10	 9.999885E-3	 2.332200E-6
1.120000E+1	 9.885119E-10	 9.999810E-3	 2.297850E-6
1.140000E+1	 1.010625E-9	 9.999837E-3	 2.263615E-6
1.160000E+1	 1.011764E-9	 1.000005E-2	 2.229935E-6
1.180000E+1	 1.029446E-9	 9.999934E-3	 2.195687E-6
1.200000E+1	 1.039321E-9	 9.999913E-3	 2.164131E-6
1.220000E+1	 1.041684E-9	 1.000006E-2	 2.130181E-6
1.240000E+1	 1.059576E-9	 9.999833E-3	 2.097299E-6
1.260000E+1	 1.071435E-9	 9.999987E-3	 2.065249E-6
1.280000E+1	 1.083673E-9	 9.999829E-3	 2.033388E-6
1.300000E+1	 1.097008E-9	 9.999766E-3	 2.001528E-6
1.320000E+1	 1.095995E-9	 1.000001E-2	 1.970987E-6
1.340000E+1	 1.118993E-9	 9.999919E-3	 1.939862E-6
1.360000E+1	 1.118361E-9	 9.999966E-3	 1.909992E-6
1.380000E+1	 1.145326E-9	 1.000001E-2	 1.878626E-6
1.400000E+1	 1.142625E-9	 9.999904E-3	 1.848913E-6
1.420000E+1	 1.156466E-9	 9.999966E-3	 1.820139E-6
1.440000E+1	 1.172081E-9	 9.999840E-3	 1.791611E-6
1.460000E+1	 1.180900E-9	 9.999942E-3	 1.763908E-6
1.480000E+1	 1.183897E-9	 9.999941E-3	 1.736101E-6
1.500000E+1	 1.201030E-9	 9.999753E-3	 1.708775E-6
1.520000E+1	 1.195628E-9	 9.999885E-3	 1.681691E-6
1.540000E+1	 1.214153E-9	 9.999868E-3	 1.655384E-6
1.560000E+1	 1.230189E-9	 9.999918E-3	 1.629924E-6
1.580000E+1	 1.233481E-9	 9.999836E-3	 1.603312E-6
1.600000E+1	 1.256816E-9	 9.999787E-3	 1.580565E-6
1.620000E+1	 1.269139E-9	 1.000006E-2	 1.556665E-6
1.640000E+1	 1.300071E-9	 9.999917E-3	 1.533156E-6
1.660000E+1	 1.293658E-9	 9.999971E-3	 1.510393E-6
1.680000E+1	 1.294922E-9	 1.000003E-2	 1.487560E-6
1.700000E+1	 1.309988E-9	 9.999825E-3	 1.466391E-6
1.720000E+1	 1.322396E-9	 9.999951E-3	 1.444832E-6
1.740000E+1	 1.326278E-9	 9.999814E-3	 1.424583E-6
1.760000E+1	 1.335350E-9	 9.999975E-3	 1.405454E-6
1.780000E+1	 1.341047E-9	 9.999991E-3	 1.385757E-6
1.800000E+1	 1.369363E-9	 9.999922E-3	 1.367815E-6
1.820000E+1	 1.362063E-9	 9.999930E-3	 1.350435E-6
1.840000E+1	 1.373668E-9	 9.999882E-3	 1.332365E-6
1.860000E+1	 1.400505E-9	 9.999890E-3	 1.316359E-6
1.880000E+1	 1.397553E-9	 9.999979E-3	 1.300768E-6
1.900000E+1	 1.407722E-9	 9.999959E-3	 1.285566E-6
1.920000E+1	 1.410972E-9	 1.000006E-2	 1.271527E-6
1.940000E+1	 1.430679E-9	 9.999991E-3	 1.257279E-6
1.960000E+1	 1.449754E-9	 9.999992E-3	 1.243927E-6
1.980000E+1	 1.447601E-9	 9.999936E-3	 1.231565E-6
2.000000E+1	 1.461443E-9	 1.000001E-2	 1.219435E-6
2.020000E+1	 1.459458E-9	 1.000003E-2	 1.209308E-6
2.040000E+1	 1.489420E-9	 1.000012E-2	 1.198667E-6
2.060000E+1	 1.483512E-9	 1.000005E-2	 1.189436E-6
2.080000E+1	 1.517188E-9	 1.000001E-2	 1.180133E-6
2.100000E+1	 1.520860E-9	 9.999992E-3	 1.171800E-6
2.120000E+1	 1.533730E-9	 1.000007E-2	 1.163843E-6
2.140000E+1	 1.537612E-9	 9.999895E-3	 1.157003E-6
2.160000E+1	 1.544619E-9	 9.999918E-3	 1.151117E-6
2.180000E+1	 1.561919E-9	 9.999956E-3	 1.145462E-6
2.200000E+1	 1.585045E-9	 1.000007E-2	 1.139764E-6
2.220000E+1	 1.582387E-9	 1.000001E-2	 1.135771E-6
2.240000E+1	 1.596861E-9	 1.000003E-2	 1.131011E-6
2.260000E+1	 1.605596E-9	 1.000001E-2	 1.127015E-6
2.280000E+1	 1.612982E-9	 1.000013E-2	 1.123807E-6
2.300000E+1	 1.630831E-9	 1.000005E-2	 1.121888E-6
2.320000E+1	 1.636317E-9	 1.000009E-2	 1.119797E-6
2.340000E+1	 1.654715E-9	 9.999833E-3	 1.118627E-6
2.360000E+1	 1.666533E-9	 9.999909E-3	 1.118120E-6
2.380000E+1	 1.674719E-9	 1.000001E-2	 1.117222E-6
2.400000E+1	 1.694004E-9	 9.999941E-3	 1.117316E-6
2.420000E+1	 1.679024E-9	 1.000011E-2	 1.117768E-6
2.440000E+1	 1.707297E-9	 9.999857E-3	 1.118164E-6
2.460000E+1	 1.713078E-9	 9.999831E-3	 1.120293E-6
2.480000E+1	 1.719493E-9	 1.000001E-2	 1.122032E-6
2.500000E+1	 1.745361E-9	 1.000006E-2	 1.123816E-6
2.520000E+1	 1.736878E-9	 9.999760E-3	 1.125872E-6
2.540000E+1	 1.759161E-9	 9.999844E-3	 1.129107E-6
2.560000E+1	 1.762662E-9	 9.999892E-3	 1.132165E-6
2.580000E+1	 1.778909E-9	 1.000003E-2	 1.136353E-6
2.600000E+1	 1.775618E-9	 9.999792E-3	 1.140144E-6
2.620000E+1	 1.796464E-9	 9.999748E-3	 1.144190E-6
2.640000E+1	 1.802457E-9	 9.999976E-3	 1.148710E-6
2.660000E+1	 1.809800E-9	 9.999944E-3	 1.153529E-6
2.680000E+1	 1.826553E-9	 1.000002E-2	 1.157951E-6
2.700000E+1	 1.840479E-9	 9.999948E-3	 1.164045E-6
2.720000E+1	 1.842336E-9	 1.000001E-2	 1.169088E-6
2.740000E+1	 1.859722E-9	 1.000009E-2	 1.175013E-6
2.760000E+1	 1.880273E-9	 9.999930E-3	 1.180782E-6
2.780000E+1	 1.877952E-9	 1.000012E-2	 1.186276E-6
2.800000E+1	 1.879008E-9	 9.999872E-3	 1.194929E-6
2.820000E+1	 1.896984E-9	 1.000011E-2	 1.201458E-6
2.840000E+1	 1.923484E-9	 9.999979E-3	 1.207814E-6
2.860000E+1	 1.943700E-9	 1.000018E-2	 1.215178E-6
2.880000E+1	 1.939520E-9	 9.999799E-3	 1.221079E-6
2.900000E+1	 1.951589E-9	 9.999951E-3	 1.228091E-6
2.920000E+1	 1.951675E-9	 1.000001E-2	 1.235912E-6
2.940000E+1	 1.973027E-9	 1.000006E-2	 1.242611E-6
2.960000E+1	 1.986110E-9	 1.000006E-2	 1.250212E-6
2.980000E+1	 1.983958E-9	 9.999870E-3	 1.258048E-6
3.000000E+1	 2.001640E-9	 1.000006E-2	 1.265470E-6
3.020000E+1	 2.002905E-9	 9.999895E-3	 1.273154E-6
3.040000E+1	 2.023753E-9	 9.999954E-3	 1.281284E-6
3.060000E+1	 2.031094E-9	 1.000015E-2	 1.289153E-6
3.080000E+1	 2.034133E-9	 1.000009E-2	 1.296411E-6
3.100000E+1	 2.041855E-9	 1.000014E-2	 1.303872E-6
3.120000E+1	 2.074644E-9	 1.000002E-2	 1.316425E-6
3.140000E+1	 2.066963E-9	 9.999825E-3	 1.323666E-6
3.160000E+1	 2.089162E-9	 9.999979E-3	 1.332220E-6
3.180000E+1	 2.104817E-9	 1.000001E-2	 1.340085E-6
3.200000E+1	 2.109247E-9	 9.999805E-3	 1.347871E-6
3.220000E+1	 2.111485E-9	 9.999791E-3	 1.355960E-6
3.240000E+1	 2.114227E-9	 9.999775E-3	 1.363678E-6
3.260000E+1	 2.136044E-9	 9.999979E-3	 1.371131E-6
3.280000E+1	 2.149127E-9	 9.999892E-3	 1.379231E-6
3.300000E+1	 2.160562E-9	 9.999907E-3	 1.387433E-6
3.320000E+1	 2.166976E-9	 9.999826E-3	 1.395846E-6
3.340000E+1	 2.172210E-9	 1.000001E-2	 1.403000E-6
3.360000E+1	 2.182125E-9	 9.999986E-3	 1.411142E-6
3.380000E+1	 2.191749E-9	 9.999822E-3	 1.419244E-6
3.400000E+1	 2.206729E-9	 9.999879E-3	 1.427195E-6
3.420000E+1	 2.225003E-9	 9.999893E-3	 1.435601E-6
3.440000E+1	 2.239136E-9	 9.999771E-3	 1.443958E-6
3.460000E+1	 2.230276E-9	 9.999749E-3	 1.452187E-6
3.480000E+1	 2.260998E-9	 9.999976E-3	 1.459942E-6
3.500000E+1	 2.263318E-9	 9.999905E-3	 1.466999E-6
3.520000E+1	 2.270196E-9	 1.000009E-2	 1.474735E-6
3.540000E+1	 2.287709E-9	 9.999881E-3	 1.482123E-6
3.560000E+1	 2.295769E-9	 9.999837E-3	 1.490277E-6
3.580000E+1	 2.301551E-9	 9.999987E-3	 1.496926E-6
3.600000E+1	 2.315098E-9	 1.000008E-2	 1.504956E-6
3.620000E+1	 2.326362E-9	 1.000005E-2	 1.512656E-6
3.640000E+1	 2.327503E-9	 9.999894E-3	 1.519218E-6
3.660000E+1	 2.350966E-9	 9.999847E-3	 1.527044E-6
3.680000E+1	 2.355904E-9	 9.999807E-3	 1.533748E-6
3.700000E+1	 2.377764E-9	 9.999921E-3	 1.541397E-6
3.720000E+1	 2.372870E-9	 9.999949E-3	 1.548413E-6
3.740000E+1	 2.390761E-9	 9.999863E-3	 1.555478E-6
3.760000E+1	 2.390804E-9	 9.999877E-3	 1.561015E-6
3.780000E+1	 2.407596E-9	 1.000001E-2	 1.572044E-6
3.800000E+1	 2.418316E-9	 1.000005E-2	 1.578369E-6
3.820000E+1	 2.440935E-9	 9.999976E-3	 1.584984E-6
3.840000E+1	 2.441231E-9	 9.999848E-3	 1.591389E-6
3.860000E+1	 2.466593E-9	 9.999952E-3	 1.598512E-6
3.880000E+1	 2.463386E-9	 9.999956E-3	 1.604703E-6
3.900000E+1	 2.477396E-9	 9.999964E-3	 1.610987E-6
3.920000E+1	 2.498791E-9	 9.999906E-3	 1.617191E-6
3.940000E+1	 2.504487E-9	 1.000012E-2	 1.623826E-6
3.960000E+1	 2.504573E-9	 9.999900E-3	 1.630546E-6
3.980000E+1	 2.519090E-9	 1.000013E-2	 1.636533E-6
4.000000E+1	 2.531076E-9	 1.000001E-2	 1.642596E-6
4.020000E+1	 2.533353E-9	 9.999897E-3	 1.648051E-6
4.040000E+1	 2.547828E-9	 9.999976E-3	 1.653806E-6
4.060000E+1	 2.561036E-9	 9.999984E-3	 1.660386E-6
4.080000E+1	 2.578760E-9	 9.999825E-3	 1.665213E-6
4.100000E+1	 2.573611E-9	 9.999907E-3	 1.670705E-6
4.120000E+1	 2.596989E-9	 1.000014E-2	 1.676964E-6
4.140000E+1	 2.602729E-9	 9.999942E-3	 1.683172E-6
4.160000E+1	 2.613279E-9	 9.999917E-3	 1.688476E-6
4.180000E+1	 2.627544E-9	 9.999886E-3	 1.694211E-6
4.200000E+1	 2.615431E-9	 9.999968E-3	 1.700099E-6
4.220000E+1	 2.641003E-9	 9.999991E-3	 1.705368E-6
4.240000E+1	 2.660500E-9	 1.000004E-2	 1.711448E-6
4.260000E+1	 2.670080E-9	 9.999756E-3	 1.716500E-6
4.280000E+1	 2.673667E-9	 9.999908E-3	 1.721398E-6
4.300000E+1	 2.681180E-9	 1.000003E-2	 1.727373E-6
4.320000E+1	 2.686665E-9	 9.999974E-3	 1.732386E-6
4.340000E+1	 2.710800E-9	 9.999968E-3	 1.737990E-6
4.360000E+1	 2.714262E-9	 9.999982E-3	 1.743762E-6
4.380000E+1	 2.724221E-9	 1.000004E-2	 1.748088E-6
4.400000E+1	 2.735026E-9	 9.999909E-3	 1.752572E-6
4.420000E+1	 2.744349E-9	 9.999898E-3	 1.758558E-6
4.440000E+1	 2.754562E-9	 1.000003E-2	 1.763126E-6
4.460000E+1	 2.763002E-9	 9.999936E-3	 1.768245E-6
4.480000E+1	 2.777857E-9	 9.999860E-3	 1.773787E-6
4.500000E+1	 2.777227E-9	 1.000010E-2	 1.778879E-6
4.480000E+1	 2.479590E-9	 9.999850E-3	 1.757325E-6
4.460000E+1	 2.382403E-9	 9.999836E-3	 1.737471E-6
4.440000E+1	 2.327208E-9	 9.999818E-3	 1.717249E-6
4.420000E+1	 2.265596E-9	 9.999760E-3	 1.698685E-6
4.400000E+1	 2.215929E-9	 1.000023E-2	 1.680769E-6
4.380000E+1	 2.189046E-9	 9.999792E-3	 1.663479E-6
4.360000E+1	 2.145539E-9	 9.999920E-3	 1.645206E-6
4.340000E+1	 2.102792E-9	 9.999883E-3	 1.628688E-6
4.320000E+1	 2.063884E-9	 9.999943E-3	 1.611345E-6
4.300000E+1	 2.043374E-9	 9.999812E-3	 1.594986E-6
4.280000E+1	 2.023033E-9	 9.999847E-3	 1.578575E-6
4.260000E+1	 1.984294E-9	 9.999825E-3	 1.562052E-6
4.240000E+1	 1.961380E-9	 9.999979E-3	 1.546758E-6
4.220000E+1	 1.926101E-9	 9.999811E-3	 1.529760E-6
4.200000E+1	 1.911711E-9	 9.999868E-3	 1.514518E-6
4.180000E+1	 1.893397E-9	 9.999876E-3	 1.498824E-6
4.160000E+1	 1.863646E-9	 9.999882E-3	 1.482522E-6
4.140000E+1	 1.841406E-9	 1.000010E-2	 1.468438E-6
4.120000E+1	 1.819252E-9	 9.999828E-3	 1.453501E-6
4.100000E+1	 1.804399E-9	 9.999931E-3	 1.437704E-6
4.080000E+1	 1.776925E-9	 1.000000E-2	 1.422480E-6
4.060000E+1	 1.763547E-9	 1.000001E-2	 1.407399E-6
4.040000E+1	 1.750171E-9	 9.999930E-3	 1.391866E-6
4.020000E+1	 1.727637E-9	 9.999934E-3	 1.376647E-6
4.000000E+1	 1.704132E-9	 9.999803E-3	 1.361939E-6
3.980000E+1	 1.686280E-9	 9.999968E-3	 1.347838E-6
3.960000E+1	 1.679235E-9	 9.999926E-3	 1.334183E-6
3.940000E+1	 1.662313E-9	 9.999888E-3	 1.319623E-6
3.920000E+1	 1.646150E-9	 9.999725E-3	 1.304928E-6
3.900000E+1	 1.622983E-9	 1.000001E-2	 1.290304E-6
3.880000E+1	 1.619143E-9	 9.999977E-3	 1.276549E-6
3.860000E+1	 1.582345E-9	 9.999794E-3	 1.262271E-6
3.840000E+1	 1.579307E-9	 9.999814E-3	 1.248919E-6
3.820000E+1	 1.555337E-9	 9.999858E-3	 1.235285E-6
3.800000E+1	 1.556139E-9	 9.999760E-3	 1.222007E-6
3.780000E+1	 1.534996E-9	 9.999963E-3	 1.208764E-6
3.760000E+1	 1.531494E-9	 1.000001E-2	 1.195918E-6
3.740000E+1	 1.500350E-9	 9.999868E-3	 1.183313E-6
3.720000E+1	 1.492333E-9	 9.999956E-3	 1.171134E-6
3.700000E+1	 1.475960E-9	 9.999851E-3	 1.159150E-6
3.680000E+1	 1.474061E-9	 9.999825E-3	 1.146753E-6
3.660000E+1	 1.452834E-9	 9.999918E-3	 1.135318E-6
3.640000E+1	 1.437092E-9	 9.999959E-3	 1.124485E-6
3.620000E+1	 1.431186E-9	 9.999813E-3	 1.114152E-6
3.600000E+1	 1.410001E-9	 9.999991E-3	 1.103742E-6
3.580000E+1	 1.391940E-9	 9.999766E-3	 1.094007E-6
3.560000E+1	 1.391096E-9	 9.999775E-3	 1.084582E-6
3.540000E+1	 1.351597E-9	 9.999858E-3	 1.075965E-6
3.520000E+1	 1.357970E-9	 1.000001E-2	 1.068132E-6
3.500000E+1	 1.341976E-9	 9.999944E-3	 1.060919E-6
3.480000E+1	 1.337081E-9	 9.999899E-3	 1.053906E-6
3.460000E+1	 1.313787E-9	 1.000001E-2	 1.047647E-6
3.440000E+1	 1.304081E-9	 9.999991E-3	 1.042182E-6
3.420000E+1	 1.288213E-9	 9.999918E-3	 1.037080E-6
3.400000E+1	 1.294924E-9	 1.000006E-2	 1.033172E-6
3.380000E+1	 1.280112E-9	 9.999882E-3	 1.030072E-6
3.360000E+1	 1.238123E-9	 9.999836E-3	 1.028097E-6
3.340000E+1	 1.234705E-9	 9.999930E-3	 1.026157E-6
3.320000E+1	 1.225335E-9	 9.999942E-3	 1.026033E-6
3.300000E+1	 1.216010E-9	 9.999923E-3	 1.026126E-6
3.280000E+1	 1.198033E-9	 9.999963E-3	 1.026923E-6
3.260000E+1	 1.194319E-9	 9.999941E-3	 1.029176E-6
3.240000E+1	 1.173471E-9	 1.000009E-2	 1.031603E-6
3.220000E+1	 1.169127E-9	 9.999975E-3	 1.035337E-6
3.200000E+1	 1.158408E-9	 9.999860E-3	 1.039874E-6
3.180000E+1	 1.145790E-9	 9.999949E-3	 1.045566E-6
3.160000E+1	 1.122750E-9	 1.000012E-2	 1.051617E-6
3.140000E+1	 1.109457E-9	 9.999949E-3	 1.059107E-6
3.120000E+1	 1.110933E-9	 9.999991E-3	 1.067446E-6
3.100000E+1	 1.088863E-9	 1.000003E-2	 1.077361E-6
3.080000E+1	 1.088019E-9	 9.999801E-3	 1.087007E-6
3.060000E+1	 1.074051E-9	 1.000009E-2	 1.098952E-6
3.040000E+1	 1.064936E-9	 1.000011E-2	 1.111216E-6
3.020000E+1	 1.052909E-9	 9.999889E-3	 1.123940E-6
3.000000E+1	 1.031557E-9	 1.000006E-2	 1.138932E-6
2.980000E+1	 1.022483E-9	 1.000005E-2	 1.153915E-6
2.960000E+1	 1.009823E-9	 1.000011E-2	 1.170514E-6
2.940000E+1	 1.001299E-9	 9.999968E-3	 1.187105E-6
2.920000E+1	 9.893991E-10	 9.999955E-3	 1.204829E-6
2.900000E+1	 9.789757E-10	 9.999934E-3	 1.224552E-6
2.880000E+1	 9.725614E-10	 1.000011E-2	 1.244464E-6
2.860000E+1	 9.534445E-10	 9.999999E-3	 1.263912E-6
2.840000E+1	 9.363121E-10	 9.999999E-3	 1.286554E-6
2.820000E+1	 9.263947E-10	 9.999870E-3	 1.309473E-6
2.800000E+1	 9.290958E-10	 9.999957E-3	 1.332684E-6
2.780000E+1	 9.181237E-10	 9.999902E-3	 1.357125E-6
2.760000E+1	 9.066879E-10	 9.999996E-3	 1.382233E-6
2.740000E+1	 8.841112E-10	 1.000003E-2	 1.408600E-6
2.720000E+1	 8.810729E-10	 9.999894E-3	 1.434960E-6
2.700000E+1	 8.771062E-10	 9.999943E-3	 1.462277E-6
2.680000E+1	 8.498021E-10	 9.999933E-3	 1.490484E-6
2.660000E+1	 8.484521E-10	 9.999885E-3	 1.518617E-6
2.640000E+1	 8.383664E-10	 9.999882E-3	 1.548385E-6
2.620000E+1	 8.182371E-10	 9.999869E-3	 1.578548E-6
2.600000E+1	 8.180263E-10	 9.999904E-3	 1.608549E-6
2.580000E+1	 8.130465E-10	 9.999994E-3	 1.639833E-6
2.560000E+1	 7.920313E-10	 1.000001E-2	 1.670279E-6
2.540000E+1	 7.738008E-10	 9.999964E-3	 1.703090E-6
2.520000E+1	 7.509292E-10	 9.999845E-3	 1.735572E-6
2.500000E+1	 7.638853E-10	 9.999860E-3	 1.767569E-6
2.480000E+1	 7.455692E-10	 9.999833E-3	 1.800476E-6
2.460000E+1	 7.348937E-10	 1.000006E-2	 1.833758E-6
2.440000E+1	 7.175491E-10	 9.999977E-3	 1.867924E-6
2.420000E+1	 7.052269E-10	 1.000005E-2	 1.901654E-6
2.400000E+1	 7.002051E-10	 9.999856E-3	 1.935972E-6
2.380000E+1	 6.889383E-10	 1.000002E-2	 1.971268E-6
2.360000E+1	 6.861953E-10	 9.999921E-3	 2.005491E-6
2.340000E+1	 6.631122E-10	 1.000005E-2	 2.040586E-6
2.320000E+1	 6.583011E-10	 9.999927E-3	 2.075525E-6
2.300000E+1	 6.535751E-10	 9.999992E-3	 2.110930E-6
2.280000E+1	 6.332768E-10	 9.999864E-3	 2.146842E-6
2.260000E+1	 6.237397E-10	 1.000002E-2	 2.181103E-6
2.240000E+1	 6.172413E-10	 9.999681E-3	 2.216470E-6
2.220000E+1	 6.085055E-10	 9.999954E-3	 2.252834E-6
2.200000E+1	 5.952975E-10	 9.999907E-3	 2.288356E-6
2.180000E+1	 5.820039E-10	 9.999921E-3	 2.324529E-6
2.160000E+1	 5.678674E-10	 9.999892E-3	 2.360459E-6
2.140000E+1	 5.450377E-10	 9.999705E-3	 2.396152E-6
2.120000E+1	 5.496790E-10	 9.999774E-3	 2.433281E-6
2.100000E+1	 5.331797E-10	 9.999863E-3	 2.468573E-6
2.080000E+1	 5.317025E-10	 9.999904E-3	 2.504773E-6
2.060000E+1	 5.138100E-10	 9.999845E-3	 2.542184E-6
2.040000E+1	 5.109403E-10	 9.999835E-3	 2.577441E-6
2.020000E+1	 4.822442E-10	 9.999967E-3	 2.612799E-6
2.000000E+1	 4.860427E-10	 9.999881E-3	 2.648697E-6
1.980000E+1	 4.744378E-10	 9.999855E-3	 2.683814E-6
1.960000E+1	 4.626642E-10	 9.999991E-3	 2.721796E-6
1.940000E+1	 4.577689E-10	 9.999759E-3	 2.756703E-6
1.920000E+1	 4.543508E-10	 9.999704E-3	 2.792395E-6
1.900000E+1	 4.320694E-10	 9.999801E-3	 2.827718E-6
1.880000E+1	 4.119400E-10	 9.999906E-3	 2.863645E-6
1.860000E+1	 4.146833E-10	 9.999673E-3	 2.899372E-6
1.840000E+1	 4.035002E-10	 9.999907E-3	 2.933695E-6
1.820000E+1	 3.829069E-10	 9.999976E-3	 2.969380E-6
1.800000E+1	 3.751002E-10	 9.999906E-3	 3.004868E-6
1.780000E+1	 3.659426E-10	 9.999832E-3	 3.040290E-6
1.760000E+1	 3.516794E-10	 9.999869E-3	 3.076015E-6
1.740000E+1	 3.456448E-10	 9.999855E-3	 3.109985E-6
1.720000E+1	 3.380490E-10	 9.999946E-3	 3.144470E-6
1.700000E+1	 3.250517E-10	 9.999855E-3	 3.178247E-6
1.680000E+1	 3.012507E-10	 9.999897E-3	 3.214035E-6
1.660000E+1	 3.088471E-10	 9.999911E-3	 3.249571E-6
1.640000E+1	 2.958070E-10	 9.999847E-3	 3.281826E-6
1.620000E+1	 2.713737E-10	 9.999729E-3	 3.317160E-6
1.600000E+1	 2.634404E-10	 9.999892E-3	 3.350400E-6
1.580000E+1	 2.634401E-10	 9.999773E-3	 3.384618E-6
1.560000E+1	 2.417073E-10	 9.999907E-3	 3.418978E-6
1.540000E+1	 2.451679E-10	 9.999847E-3	 3.450404E-6
1.520000E+1	 2.244472E-10	 9.999895E-3	 3.484352E-6
1.500000E+1	 2.038966E-10	 9.999856E-3	 3.517768E-6
1.480000E+1	 2.119991E-10	 9.999957E-3	 3.551771E-6
1.460000E+1	 1.995077E-10	 9.999856E-3	 3.586726E-6
1.440000E+1	 1.876918E-10	 9.999799E-3	 3.616893E-6
1.420000E+1	 1.762136E-10	 9.999888E-3	 3.651626E-6
1.400000E+1	 1.630474E-10	 9.999895E-3	 3.681745E-6
1.380000E+1	 1.558733E-10	 9.999900E-3	 3.714839E-6
1.360000E+1	 1.373057E-10	 9.999908E-3	 3.746921E-6
1.340000E+1	 1.328747E-10	 9.999847E-3	 3.779998E-6
1.320000E+1	 1.416103E-10	 1.000005E-2	 3.810256E-6
1.300000E+1	 1.021957E-10	 9.999783E-3	 3.845464E-6
1.280000E+1	 1.092430E-10	 9.999692E-3	 3.872561E-6
1.260000E+1	 9.987464E-11	 9.999863E-3	 3.908261E-6
1.240000E+1	 8.561121E-11	 9.999881E-3	 3.940534E-6
1.220000E+1	 5.113424E-11	 9.999882E-3	 3.972363E-6
1.200000E+1	 5.104989E-11	 9.999842E-3	 4.003005E-6
1.180000E+1	 5.113415E-11	 9.999734E-3	 4.033171E-6
1.160000E+1	 3.096283E-11	 9.999743E-3	 4.065132E-6
1.140000E+1	 2.260744E-11	 9.999769E-3	 4.094790E-6
1.120000E+1	 8.892401E-12	 9.999553E-3	 4.125560E-6
1.100000E+1	 -1.077262E-11	 9.999637E-3	 4.157131E-6
1.080000E+1	 -7.354381E-12	 1.000009E-2	 4.186065E-6
1.060000E+1	 -1.634284E-11	 9.999852E-3	 4.218516E-6
1.040000E+1	 -3.085952E-11	 9.999833E-3	 4.246602E-6
1.020000E+1	 -3.879302E-11	 9.999799E-3	 4.277369E-6
1.000000E+1	 -5.103092E-11	 9.999806E-3	 4.306644E-6
9.800000E+0	 -5.651681E-11	 9.999931E-3	 4.335872E-6
9.600000E+0	 -7.774317E-11	 9.999825E-3	 4.367000E-6
9.400001E+0	 -8.344014E-11	 9.999679E-3	 4.394120E-6
9.200001E+0	 -9.082507E-11	 1.000002E-2	 4.423495E-6
9.000000E+0	 -1.139083E-10	 9.999941E-3	 4.451822E-6
8.800000E+0	 -1.109542E-10	 9.999813E-3	 4.480873E-6
8.600000E+0	 -1.136972E-10	 9.999746E-3	 4.507810E-6
8.400001E+0	 -1.354300E-10	 9.999829E-3	 4.535449E-6
8.200000E+0	 -1.354722E-10	 9.999838E-3	 4.564271E-6
8.000000E+0	 -1.560234E-10	 9.999799E-3	 4.591367E-6
7.800000E+0	 -1.605387E-10	 9.999842E-3	 4.617304E-6
7.600000E+0	 -1.760682E-10	 9.999712E-3	 4.646100E-6
7.400000E+0	 -1.881794E-10	 9.999875E-3	 4.670865E-6
7.200000E+0	 -1.896564E-10	 9.999823E-3	 4.699066E-6
7.000000E+0	 -2.060307E-10	 9.999816E-3	 4.723936E-6
6.800000E+0	 -2.174253E-10	 9.999968E-3	 4.747984E-6
6.600000E+0	 -2.259079E-10	 9.999854E-3	 4.769753E-6
6.400000E+0	 -2.275116E-10	 9.999716E-3	 4.793018E-6
6.200000E+0	 -2.557026E-10	 9.999818E-3	 4.817574E-6
6.000000E+0	 -2.636366E-10	 9.999704E-3	 4.838065E-6
5.800000E+0	 -2.711063E-10	 9.999872E-3	 4.859687E-6
5.600000E+0	 -2.776476E-10	 9.999798E-3	 4.880099E-6
5.400000E+0	 -2.903082E-10	 9.999794E-3	 4.900393E-6
5.200000E+0	 -2.915743E-10	 9.999988E-3	 4.920177E-6
5.000000E+0	 -3.106074E-10	 9.999868E-3	 4.938790E-6
4.800000E+0	 -3.254203E-10	 9.999839E-3	 4.956474E-6
4.600000E+0	 -3.298515E-10	 9.999922E-3	 4.973448E-6
4.400000E+0	 -3.462682E-10	 9.999944E-3	 4.994806E-6
4.200000E+0	 -3.407397E-10	 9.999749E-3	 5.009555E-6
4.000000E+0	 -3.620517E-10	 9.999692E-3	 5.027523E-6
3.800000E+0	 -3.667784E-10	 9.999990E-3	 5.043665E-6
3.600000E+0	 -3.848409E-10	 9.999803E-3	 5.059343E-6
3.400000E+0	 -4.196154E-10	 9.999689E-3	 5.076827E-6
3.200000E+0	 -4.040006E-10	 9.999907E-3	 5.090350E-6
3.000000E+0	 -4.247641E-10	 9.999742E-3	 5.109036E-6
2.800000E+0	 -4.302081E-10	 9.999851E-3	 5.124273E-6
2.600000E+0	 -4.257347E-10	 9.999900E-3	 5.142526E-6
2.400000E+0	 -4.435438E-10	 9.999833E-3	 5.161258E-6
2.200000E+0	 -4.589899E-10	 1.000005E-2	 5.180992E-6
2.000000E+0	 -4.690338E-10	 9.999868E-3	 5.204790E-6
1.800000E+0	 -4.674725E-10	 9.999680E-3	 5.220780E-6
1.600000E+0	 -4.973517E-10	 9.999908E-3	 5.245691E-6
1.400000E+0	 -5.279057E-10	 9.999918E-3	 5.272810E-6
1.200000E+0	 -5.503149E-10	 9.999950E-3	 5.296054E-6
1.000000E+0	 -5.781264E-10	 9.999773E-3	 5.324105E-6
8.000002E-1	 -6.120568E-10	 9.999759E-3	 5.355286E-6
6.000001E-1	 -6.097355E-10	 9.999895E-3	 5.399042E-6
4.000002E-1	 -6.188090E-10	 9.999868E-3	 5.466465E-6
2.000002E-1	 -6.078789E-10	 9.999860E-3	 5.504598E-6
1.490116E-7	 -5.880437E-10	 9.999941E-3	 5.516875E-6
-1.999999E-1	 -5.914620E-10	 9.999847E-3	 5.525803E-6
-3.999999E-1	 -5.988050E-10	 9.999918E-3	 5.536214E-6
-5.999998E-1	 -5.948804E-10	 9.999800E-3	 5.540801E-6
-7.999998E-1	 -6.026032E-10	 9.999860E-3	 5.545721E-6
-9.999999E-1	 -6.261942E-10	 9.999902E-3	 5.550408E-6
-1.200000E+0	 -6.260255E-10	 9.999673E-3	 5.552218E-6
-1.400000E+0	 -6.463247E-10	 9.999817E-3	 5.558067E-6
-1.600000E+0	 -6.431596E-10	 9.999907E-3	 5.560031E-6
-1.800000E+0	 -6.584789E-10	 9.999739E-3	 5.563443E-6
-2.000000E+0	 -6.773853E-10	 9.999832E-3	 5.567581E-6
-2.200000E+0	 -6.793688E-10	 9.999982E-3	 5.572217E-6
-2.400000E+0	 -6.979800E-10	 9.999950E-3	 5.577259E-6
-2.600000E+0	 -7.109782E-10	 9.999905E-3	 5.578178E-6
-2.800000E+0	 -7.195874E-10	 1.000003E-2	 5.584561E-6
-3.000000E+0	 -8.050886E-10	 1.000011E-2	 5.587245E-6
-3.200000E+0	 -1.169588E-9	 1.000015E-2	 5.590691E-6
-3.400000E+0	 -8.012903E-10	 9.999981E-3	 5.593919E-6
-3.600000E+0	 -7.736485E-10	 1.000003E-2	 5.597597E-6
-3.800000E+0	 -7.708205E-10	 9.999849E-3	 5.601134E-6
-4.000000E+0	 -7.804848E-10	 9.999944E-3	 5.603995E-6
-4.200000E+0	 -7.883766E-10	 1.000002E-2	 5.607711E-6
-4.400000E+0	 -8.011640E-10	 9.999902E-3	 5.609429E-6
-4.600000E+0	 -8.143728E-10	 9.999839E-3	 5.614300E-6
-4.800000E+0	 -8.239109E-10	 9.999931E-3	 5.618467E-6
-5.000000E+0	 -8.366134E-10	 9.999880E-3	 5.619441E-6
-5.200000E+0	 -8.382173E-10	 9.999617E-3	 5.624463E-6
-5.400000E+0	 -8.585166E-10	 9.999812E-3	 5.626898E-6
-5.600000E+0	 -8.611331E-10	 9.999773E-3	 5.630885E-6
-5.800000E+0	 -8.781825E-10	 9.999874E-3	 5.634194E-6
-6.000000E+0	 -8.987769E-10	 9.999813E-3	 5.637811E-6
-6.200000E+0	 -8.844284E-10	 9.999774E-3	 5.640153E-6
-6.400000E+0	 -8.922779E-10	 9.999759E-3	 5.643213E-6
-6.600000E+0	 -9.170930E-10	 9.999918E-3	 5.648282E-6
-6.800000E+0	 -9.190338E-10	 9.999812E-3	 5.650231E-6
-7.000000E+0	 -9.342269E-10	 9.999837E-3	 5.653510E-6
-7.200000E+0	 -9.416966E-10	 9.999763E-3	 5.657753E-6
-7.400000E+0	 -9.606450E-10	 9.999832E-3	 5.661661E-6
-7.600000E+0	 -9.650339E-10	 9.999800E-3	 5.663119E-6
-7.800000E+0	 -9.638945E-10	 9.999700E-3	 5.666646E-6
-8.000000E+0	 -9.827593E-10	 9.999964E-3	 5.670628E-6
-8.200000E+0	 -9.941111E-10	 9.999814E-3	 5.671706E-6
-8.400000E+0	 -1.012006E-9	 9.999898E-3	 5.677597E-6
-8.600000E+0	 -1.026227E-9	 9.999873E-3	 5.679094E-6
-8.800000E+0	 -1.032347E-9	 9.999830E-3	 5.683704E-6
-9.000000E+0	 -1.039564E-9	 9.999642E-3	 5.686576E-6
-9.200000E+0	 -1.046485E-9	 9.999998E-3	 5.689738E-6
-9.400000E+0	 -1.064421E-9	 9.999754E-3	 5.694078E-6
-9.600000E+0	 -9.707738E-10	 9.999827E-3	 5.697991E-6
-9.800000E+0	 -1.077883E-9	 9.999858E-3	 5.701356E-6
-1.000000E+1	 -1.096874E-9	 9.999869E-3	 5.705751E-6
-9.800000E+0	 -7.959729E-10	 9.999835E-3	 5.703093E-6
-9.600000E+0	 -7.067999E-10	 9.999882E-3	 5.700337E-6
-9.400000E+0	 -6.431172E-10	 1.000001E-2	 5.698514E-6
-9.200000E+0	 -6.012529E-10	 9.999823E-3	 5.695204E-6
-9.000000E+0	 -5.579537E-10	 9.999778E-3	 5.691000E-6
-8.800000E+0	 -5.057496E-10	 9.999904E-3	 5.686414E-6
-8.600000E+0	 -4.728320E-10	 9.999930E-3	 5.683714E-6
-8.400000E+0	 -4.345970E-10	 1.000011E-2	 5.679842E-6
-8.200000E+0	 -3.942097E-10	 9.999847E-3	 5.676086E-6
-8.000000E+0	 -3.676223E-10	 9.999761E-3	 5.669805E-6
-7.800000E+0	 -3.367303E-10	 9.999956E-3	 5.665203E-6
-7.600000E+0	 -3.127597E-10	 1.000002E-2	 5.658572E-6
-7.400000E+0	 -2.827963E-10	 1.000004E-2	 5.654541E-6
-7.200000E+0	 -2.607667E-10	 9.999750E-3	 5.648189E-6
-7.000000E+0	 -2.329978E-10	 9.999807E-3	 5.644008E-6
-6.800000E+0	 -2.098289E-10	 9.999955E-3	 5.639542E-6
-6.600000E+0	 -1.853099E-10	 9.999807E-3	 5.633936E-6
-6.400000E+0	 -1.634927E-10	 9.999964E-3	 5.629576E-6
-6.200000E+0	 -1.369914E-10	 9.999774E-3	 5.625415E-6
-6.000000E+0	 -1.251334E-10	 9.999963E-3	 5.621006E-6
-5.800000E+0	 -1.031052E-10	 9.999680E-3	 5.614315E-6
-5.600000E+0	 -8.922155E-11	 9.999968E-3	 5.610581E-6
-5.400000E+0	 -6.744660E-11	 9.999873E-3	 5.605687E-6
-5.200000E+0	 -4.605144E-11	 9.999778E-3	 5.600677E-6
-5.000000E+0	 -4.149385E-11	 9.999831E-3	 5.594668E-6
-4.800000E+0	 -2.018309E-11	 9.999882E-3	 5.589763E-6
-4.600000E+0	 3.955086E-12	 9.999698E-3	 5.584814E-6
-4.400000E+0	 1.222614E-11	 9.999835E-3	 5.577955E-6
-4.200000E+0	 4.374928E-11	 9.999868E-3	 5.570257E-6
-4.000000E+0	 5.915188E-11	 9.999787E-3	 5.564970E-6
-3.800000E+0	 7.189629E-11	 9.999726E-3	 5.558323E-6
-3.600000E+0	 9.350257E-11	 9.999900E-3	 5.552039E-6
-3.400000E+0	 1.170496E-10	 9.999868E-3	 5.544212E-6
-3.200000E+0	 1.118591E-10	 9.999799E-3	 5.537940E-6
-3.000000E+0	 1.450701E-10	 9.999882E-3	 5.529594E-6
-2.800000E+0	 1.388246E-10	 9.999773E-3	 5.525141E-6
-2.600000E+0	 1.677314E-10	 9.999877E-3	 5.515832E-6
-2.400000E+0	 1.981152E-10	 9.999789E-3	 5.507792E-6
-2.200000E+0	 2.534386E-10	 9.999712E-3	 5.500104E-6
-2.000000E+0	 2.669426E-10	 9.999769E-3	 5.489956E-6
-1.800000E+0	 2.667313E-10	 9.999989E-3	 5.479358E-6
-1.600000E+0	 2.953425E-10	 9.999897E-3	 5.470011E-6
-1.400000E+0	 3.083822E-10	 9.999863E-3	 5.458692E-6
-1.200000E+0	 3.645498E-10	 9.999857E-3	 5.442820E-6
-9.999999E-1	 4.221098E-10	 9.999864E-3	 5.409345E-6
-7.999998E-1	 4.305500E-10	 9.999827E-3	 5.375685E-6
-5.999998E-1	 4.627904E-10	 9.999873E-3	 5.344606E-6
-3.999999E-1	 4.458682E-10	 9.999861E-3	 5.311175E-6
-1.999999E-1	 4.637616E-10	 9.999812E-3	 5.276308E-6
1.490116E-7	 4.517342E-10	 9.999837E-3	 5.235152E-6
2.000002E-1	 4.124465E-10	 9.999889E-3	 5.191848E-6
4.000002E-1	 3.728212E-10	 9.999934E-3	 5.157309E-6
6.000001E-1	 3.799531E-10	 9.999836E-3	 5.125693E-6
8.000002E-1	 3.907981E-10	 9.999868E-3	 5.092269E-6
1.000000E+0	 4.135016E-10	 9.999956E-3	 5.062898E-6
1.200000E+0	 4.250221E-10	 9.999822E-3	 5.027558E-6
1.400000E+0	 4.323647E-10	 9.999847E-3	 4.991794E-6
1.600000E+0	 4.318160E-10	 1.000001E-2	 4.957235E-6
1.800000E+0	 4.397078E-10	 9.999856E-3	 4.922240E-6
2.000000E+0	 4.534224E-10	 9.999930E-3	 4.888836E-6
2.200000E+0	 4.713995E-10	 9.999872E-3	 4.853128E-6
2.400000E+0	 4.765901E-10	 9.999795E-3	 4.819967E-6
2.600000E+0	 4.958751E-10	 9.999976E-3	 4.789435E-6
2.800000E+0	 5.065092E-10	 9.999769E-3	 4.756772E-6
3.000000E+0	 5.121643E-10	 9.999782E-3	 4.727627E-6
3.200000E+0	 5.281582E-10	 9.999818E-3	 4.697037E-6
3.400000E+0	 5.319131E-10	 9.999895E-3	 4.668558E-6
3.600000E+0	 5.509031E-10	 9.999988E-3	 4.639147E-6
3.800000E+0	 5.735648E-10	 1.000000E-2	 4.607322E-6
4.000000E+0	 5.856339E-10	 9.999799E-3	 4.575480E-6
4.200000E+0	 5.848317E-10	 9.999773E-3	 4.544422E-6
4.400000E+0	 5.911196E-10	 9.999883E-3	 4.512299E-6
4.600000E+0	 6.091390E-10	 9.999856E-3	 4.479761E-6
4.800000E+0	 6.184230E-10	 9.999905E-3	 4.450876E-6
5.000000E+0	 6.316730E-10	 9.999797E-3	 4.419483E-6
5.200000E+0	 6.494815E-10	 9.999956E-3	 4.389265E-6
5.400000E+0	 6.593982E-10	 9.999969E-3	 4.358987E-6
5.600000E+0	 6.648003E-10	 9.999882E-3	 4.330251E-6
5.800000E+0	 6.887697E-10	 1.000000E-2	 4.296894E-6
6.000000E+0	 6.882629E-10	 1.000001E-2	 4.269768E-6
6.200000E+0	 6.938328E-10	 1.000002E-2	 4.235990E-6
6.400000E+0	 7.059868E-10	 9.999964E-3	 4.202775E-6
6.600000E+0	 7.334588E-10	 9.999942E-3	 4.170889E-6
6.800000E+0	 7.340494E-10	 9.999691E-3	 4.135024E-6
7.000000E+0	 7.429115E-10	 9.999813E-3	 4.100532E-6
7.200000E+0	 7.427426E-10	 9.999892E-3	 4.065378E-6
7.400000E+0	 7.727458E-10	 9.999964E-3	 4.027288E-6
7.600000E+0	 7.717340E-10	 9.999822E-3	 3.989112E-6
7.800000E+0	 7.828744E-10	 9.999753E-3	 3.952106E-6
8.000000E+0	 7.933401E-10	 9.999895E-3	 3.914779E-6
8.200000E+0	 8.050712E-10	 9.999920E-3	 3.876660E-6
8.400001E+0	 8.144394E-10	 9.999885E-3	 3.836828E-6
8.600000E+0	 8.299266E-10	 1.000001E-2	 3.796329E-6
8.800000E+0	 8.384512E-10	 9.999869E-3	 3.758175E-6
9.000000E+0	 8.576518E-10	 1.000000E-2	 3.719617E-6
9.200001E+0	 8.573986E-10	 9.999824E-3	 3.681010E-6
9.400001E+0	 8.888795E-10	 9.999774E-3	 3.640284E-6
9.600000E+0	 8.863897E-10	 9.999818E-3	 3.600406E-6
9.800000E+0	 8.932262E-10	 9.999945E-3	 3.560497E-6
1.000000E+1	 9.030164E-10	 9.999880E-3	 3.521401E-6
1.020000E+1	 9.385063E-10	 9.999743E-3	 3.480965E-6
1.040000E+1	 9.378731E-10	 1.000008E-2	 3.442363E-6
1.060000E+1	 9.358055E-10	 9.999663E-3	 3.400985E-6
1.080000E+1	 9.487602E-10	 9.999839E-3	 3.361345E-6
1.100000E+1	 9.783849E-10	 9.999904E-3	 3.322372E-6
1.120000E+1	 9.764436E-10	 1.000001E-2	 3.281830E-6
1.140000E+1	 9.947586E-10	 9.999942E-3	 3.242478E-6
1.160000E+1	 1.006616E-9	 9.999801E-3	 3.201738E-6
1.180000E+1	 1.014212E-9	 1.000002E-2	 3.162934E-6
1.200000E+1	 1.009866E-9	 9.999806E-3	 3.124302E-6
1.220000E+1	 1.037803E-9	 9.999813E-3	 3.083131E-6
1.240000E+1	 1.046116E-9	 9.999868E-3	 3.043971E-6
1.260000E+1	 1.050462E-9	 9.999860E-3	 3.004949E-6
1.280000E+1	 1.068143E-9	 9.999800E-3	 2.965023E-6
1.300000E+1	 1.068777E-9	 9.999870E-3	 2.926565E-6
1.320000E+1	 1.060632E-9	 9.999844E-3	 2.887546E-6
1.340000E+1	 1.088399E-9	 9.999964E-3	 2.847370E-6
1.360000E+1	 1.094982E-9	 9.999969E-3	 2.808188E-6
1.380000E+1	 1.113761E-9	 9.999719E-3	 2.769403E-6
1.400000E+1	 1.142498E-9	 1.000010E-2	 2.731279E-6
1.420000E+1	 1.140811E-9	 9.999886E-3	 2.690794E-6
1.440000E+1	 1.150517E-9	 9.999991E-3	 2.652353E-6
1.460000E+1	 1.157986E-9	 9.999987E-3	 2.615128E-6
1.480000E+1	 1.172038E-9	 9.999889E-3	 2.577792E-6
1.500000E+1	 1.173221E-9	 9.999868E-3	 2.540369E-6
1.520000E+1	 1.192379E-9	 9.999900E-3	 2.500696E-6
1.540000E+1	 1.198328E-9	 9.999826E-3	 2.464283E-6
1.560000E+1	 1.204996E-9	 9.999741E-3	 2.426712E-6
1.580000E+1	 1.221835E-9	 9.999992E-3	 2.388361E-6
1.600000E+1	 1.226939E-9	 9.999822E-3	 2.350650E-6
1.620000E+1	 1.226224E-9	 9.999936E-3	 2.313935E-6
1.640000E+1	 1.253779E-9	 9.999860E-3	 2.278010E-6
1.660000E+1	 1.257113E-9	 9.999882E-3	 2.240859E-6
1.680000E+1	 1.269773E-9	 9.999734E-3	 2.205752E-6
1.700000E+1	 1.286737E-9	 9.999907E-3	 2.169574E-6
1.720000E+1	 1.282264E-9	 9.999917E-3	 2.133671E-6
1.740000E+1	 1.305727E-9	 9.999843E-3	 2.100373E-6
1.760000E+1	 1.311127E-9	 1.000006E-2	 2.065600E-6
1.780000E+1	 1.318049E-9	 9.999956E-3	 2.030739E-6
1.800000E+1	 1.330667E-9	 9.999968E-3	 1.997644E-6
1.820000E+1	 1.334422E-9	 9.999847E-3	 1.964587E-6
1.840000E+1	 1.353961E-9	 9.999825E-3	 1.930787E-6
1.860000E+1	 1.365608E-9	 9.999907E-3	 1.899476E-6
1.880000E+1	 1.381939E-9	 9.999858E-3	 1.866782E-6
1.900000E+1	 1.374681E-9	 9.999944E-3	 1.833975E-6
1.920000E+1	 1.398945E-9	 9.999782E-3	 1.803304E-6
1.940000E+1	 1.406035E-9	 9.999831E-3	 1.772783E-6
1.960000E+1	 1.312057E-9	 9.999837E-3	 1.742879E-6
1.980000E+1	 1.427178E-9	 9.999982E-3	 1.713213E-6
2.000000E+1	 1.438022E-9	 9.999956E-3	 1.683559E-6
2.020000E+1	 1.442158E-9	 9.999994E-3	 1.656247E-6
2.040000E+1	 1.448531E-9	 9.999944E-3	 1.627752E-6
2.060000E+1	 1.466086E-9	 1.000009E-2	 1.600255E-6
2.080000E+1	 1.473808E-9	 1.000004E-2	 1.573588E-6
2.100000E+1	 1.492291E-9	 9.999934E-3	 1.547417E-6
2.120000E+1	 1.495540E-9	 1.000005E-2	 1.522501E-6
2.140000E+1	 1.507609E-9	 9.999803E-3	 1.497782E-6
2.160000E+1	 1.520185E-9	 9.999983E-3	 1.474555E-6
2.180000E+1	 1.535419E-9	 9.999883E-3	 1.450792E-6
2.200000E+1	 1.528330E-9	 9.999886E-3	 1.427924E-6
2.220000E+1	 1.541031E-9	 9.999819E-3	 1.406857E-6
2.240000E+1	 1.555675E-9	 9.999941E-3	 1.385695E-6
2.260000E+1	 1.570488E-9	 9.999987E-3	 1.365508E-6
2.280000E+1	 1.578969E-9	 1.000005E-2	 1.345594E-6
2.300000E+1	 1.591418E-9	 9.999977E-3	 1.326686E-6
2.320000E+1	 1.601504E-9	 9.999942E-3	 1.309495E-6
2.340000E+1	 1.605766E-9	 9.999911E-3	 1.291730E-6
2.360000E+1	 1.621759E-9	 9.999929E-3	 1.274642E-6
2.380000E+1	 1.625980E-9	 9.999814E-3	 1.259684E-6
2.400000E+1	 1.644886E-9	 1.000003E-2	 1.244437E-6
2.420000E+1	 1.644464E-9	 9.999971E-3	 1.230659E-6
2.440000E+1	 1.650623E-9	 9.999872E-3	 1.217768E-6
2.460000E+1	 1.660498E-9	 1.000004E-2	 1.205263E-6
2.480000E+1	 1.681219E-9	 1.000003E-2	 1.194141E-6
2.500000E+1	 1.698984E-9	 9.999937E-3	 1.183708E-6
2.520000E+1	 1.711687E-9	 9.999813E-3	 1.173114E-6
2.540000E+1	 1.721814E-9	 9.999921E-3	 1.163510E-6
2.560000E+1	 1.727849E-9	 1.000003E-2	 1.155163E-6
2.580000E+1	 1.715948E-9	 9.999977E-3	 1.147703E-6
2.600000E+1	 1.744602E-9	 9.999833E-3	 1.140733E-6
2.620000E+1	 1.750510E-9	 9.999885E-3	 1.134217E-6
2.640000E+1	 1.766841E-9	 9.999907E-3	 1.128506E-6
2.660000E+1	 1.780513E-9	 1.000002E-2	 1.123357E-6
2.680000E+1	 1.793047E-9	 1.000010E-2	 1.119422E-6
2.700000E+1	 1.791992E-9	 9.999799E-3	 1.115366E-6
2.720000E+1	 1.801022E-9	 1.000009E-2	 1.112221E-6
2.740000E+1	 1.817059E-9	 9.999918E-3	 1.109813E-6
2.760000E+1	 1.826385E-9	 9.999886E-3	 1.108598E-6
2.780000E+1	 1.831914E-9	 9.999719E-3	 1.106948E-6
2.800000E+1	 1.833600E-9	 9.999897E-3	 1.106913E-6
2.820000E+1	 1.842885E-9	 9.999900E-3	 1.106729E-6
2.840000E+1	 1.874240E-9	 9.999977E-3	 1.107663E-6
2.860000E+1	 1.890106E-9	 1.000001E-2	 1.108801E-6
2.880000E+1	 1.892089E-9	 9.999948E-3	 1.110574E-6
2.900000E+1	 1.909308E-9	 9.999927E-3	 1.112736E-6
2.920000E+1	 1.909476E-9	 9.999963E-3	 1.115381E-6
2.940000E+1	 1.920532E-9	 9.999813E-3	 1.117851E-6
2.960000E+1	 1.933868E-9	 1.000016E-2	 1.121299E-6
2.980000E+1	 1.937370E-9	 9.999956E-3	 1.125536E-6
3.000000E+1	 1.949353E-9	 9.999886E-3	 1.129560E-6
3.020000E+1	 1.966235E-9	 9.999925E-3	 1.134095E-6
3.040000E+1	 1.957669E-9	 1.000006E-2	 1.139107E-6
3.060000E+1	 1.983199E-9	 9.999813E-3	 1.143921E-6
3.080000E+1	 1.992905E-9	 9.999942E-3	 1.149252E-6
3.100000E+1	 2.005184E-9	 1.000006E-2	 1.155804E-6
3.120000E+1	 2.006028E-9	 9.999942E-3	 1.162134E-6
3.140000E+1	 2.021812E-9	 9.999762E-3	 1.168412E-6
3.160000E+1	 2.031939E-9	 1.000009E-2	 1.175733E-6
3.180000E+1	 2.046540E-9	 9.999992E-3	 1.182289E-6
3.200000E+1	 2.056034E-9	 1.000008E-2	 1.190264E-6
3.220000E+1	 2.057216E-9	 9.999710E-3	 1.197060E-6
3.240000E+1	 2.075615E-9	 1.000001E-2	 1.204446E-6
3.260000E+1	 2.079750E-9	 9.999880E-3	 1.212529E-6
3.280000E+1	 2.086503E-9	 9.999803E-3	 1.221024E-6
3.300000E+1	 2.109207E-9	 9.999938E-3	 1.228446E-6
3.320000E+1	 2.114946E-9	 9.999925E-3	 1.239297E-6
3.340000E+1	 2.118658E-9	 1.000004E-2	 1.247236E-6
3.360000E+1	 2.145498E-9	 9.999974E-3	 1.256330E-6
3.380000E+1	 2.153178E-9	 9.999872E-3	 1.263751E-6
3.400000E+1	 2.156342E-9	 9.999989E-3	 1.273003E-6
3.420000E+1	 2.169972E-9	 1.000010E-2	 1.281663E-6
3.440000E+1	 2.174068E-9	 9.999869E-3	 1.291352E-6
3.460000E+1	 2.197615E-9	 9.999942E-3	 1.299548E-6
3.480000E+1	 2.203184E-9	 1.000000E-2	 1.309057E-6
3.500000E+1	 2.216310E-9	 1.000009E-2	 1.318266E-6
3.520000E+1	 2.219686E-9	 1.000003E-2	 1.327431E-6
3.540000E+1	 2.221203E-9	 1.000003E-2	 1.335737E-6
3.560000E+1	 2.239308E-9	 9.999941E-3	 1.344473E-6
3.580000E+1	 2.260914E-9	 9.999944E-3	 1.354565E-6
3.600000E+1	 2.257917E-9	 9.999968E-3	 1.363614E-6
3.620000E+1	 2.271042E-9	 9.999918E-3	 1.373274E-6
3.640000E+1	 2.279396E-9	 9.999976E-3	 1.381800E-6
3.660000E+1	 2.299483E-9	 9.999963E-3	 1.392159E-6
3.680000E+1	 2.301930E-9	 1.000002E-2	 1.401167E-6
3.700000E+1	 2.305728E-9	 9.999962E-3	 1.409659E-6
3.720000E+1	 2.314507E-9	 1.000001E-2	 1.418579E-6
3.740000E+1	 2.326870E-9	 9.999987E-3	 1.428018E-6
3.760000E+1	 2.332526E-9	 1.000012E-2	 1.436328E-6
3.780000E+1	 2.354341E-9	 9.999909E-3	 1.445503E-6
3.800000E+1	 2.348731E-9	 9.999833E-3	 1.455003E-6
3.820000E+1	 2.363037E-9	 1.000004E-2	 1.464348E-6
3.840000E+1	 2.382700E-9	 1.000004E-2	 1.472620E-6
3.860000E+1	 2.399202E-9	 9.999931E-3	 1.481680E-6
3.880000E+1	 2.402661E-9	 1.000004E-2	 1.490964E-6
3.900000E+1	 2.411481E-9	 1.000012E-2	 1.499807E-6
3.920000E+1	 2.426716E-9	 1.000008E-2	 1.508303E-6
3.940000E+1	 2.439712E-9	 1.000000E-2	 1.517736E-6
3.960000E+1	 2.446505E-9	 9.999931E-3	 1.525705E-6
3.980000E+1	 2.448997E-9	 9.999948E-3	 1.533936E-6
4.000000E+1	 2.457985E-9	 9.999950E-3	 1.543177E-6
4.020000E+1	 2.465541E-9	 9.999842E-3	 1.550589E-6
4.040000E+1	 2.487397E-9	 1.000001E-2	 1.557821E-6
4.060000E+1	 2.495627E-9	 9.999948E-3	 1.566474E-6
4.080000E+1	 2.506134E-9	 9.999898E-3	 1.574772E-6
4.100000E+1	 2.512381E-9	 1.000004E-2	 1.582743E-6
4.120000E+1	 2.532426E-9	 9.999989E-3	 1.590325E-6
4.140000E+1	 2.535760E-9	 1.000019E-2	 1.598333E-6
4.160000E+1	 2.548673E-9	 1.000007E-2	 1.604970E-6
4.180000E+1	 2.553187E-9	 9.999952E-3	 1.613325E-6
4.200000E+1	 2.562091E-9	 9.999922E-3	 1.620996E-6
4.220000E+1	 2.560698E-9	 1.000002E-2	 1.627521E-6
4.240000E+1	 2.575004E-9	 9.999919E-3	 1.638849E-6
4.260000E+1	 2.603784E-9	 9.999981E-3	 1.645505E-6
4.280000E+1	 2.614925E-9	 9.999811E-3	 1.653004E-6
4.300000E+1	 2.626150E-9	 1.000001E-2	 1.659190E-6
4.320000E+1	 2.631088E-9	 9.999850E-3	 1.666576E-6
4.340000E+1	 2.634463E-9	 9.999949E-3	 1.673309E-6
4.360000E+1	 2.657464E-9	 9.999864E-3	 1.679987E-6
4.380000E+1	 2.656113E-9	 1.000003E-2	 1.685866E-6
4.400000E+1	 2.659530E-9	 1.000006E-2	 1.693204E-6
4.420000E+1	 2.680419E-9	 9.999979E-3	 1.699453E-6
4.440000E+1	 2.683880E-9	 1.000001E-2	 1.705856E-6
4.460000E+1	 2.708060E-9	 9.999963E-3	 1.712135E-6
4.480000E+1	 2.707511E-9	 9.999868E-3	 1.719189E-6
4.500000E+1	 2.719202E-9	 9.999799E-3	 1.724723E-6
4.480000E+1	 2.427266E-9	 9.999967E-3	 1.703522E-6
4.460000E+1	 2.329233E-9	 9.999979E-3	 1.683672E-6
4.440000E+1	 2.275346E-9	 9.999930E-3	 1.665071E-6
4.420000E+1	 2.213608E-9	 1.000001E-2	 1.645693E-6
4.400000E+1	 2.165333E-9	 1.000010E-2	 1.628187E-6
4.380000E+1	 2.124610E-9	 1.000015E-2	 1.609856E-6
4.360000E+1	 2.096673E-9	 1.000002E-2	 1.591575E-6
4.340000E+1	 2.053630E-9	 1.000001E-2	 1.575123E-6
4.320000E+1	 2.018645E-9	 1.000000E-2	 1.558241E-6
4.300000E+1	 1.985520E-9	 9.999977E-3	 1.540955E-6
4.280000E+1	 1.964799E-9	 9.999850E-3	 1.525231E-6
4.260000E+1	 1.926146E-9	 9.999852E-3	 1.508553E-6
4.240000E+1	 1.900487E-9	 9.999909E-3	 1.492881E-6
4.220000E+1	 1.883861E-9	 1.000010E-2	 1.476809E-6
4.200000E+1	 1.847443E-9	 1.000006E-2	 1.460556E-6
4.180000E+1	 1.841155E-9	 9.999936E-3	 1.445175E-6
4.160000E+1	 1.814316E-9	 1.000006E-2	 1.429082E-6
4.140000E+1	 1.773720E-9	 9.999967E-3	 1.414098E-6
4.120000E+1	 1.770344E-9	 9.999948E-3	 1.398661E-6
4.100000E+1	 1.848667E-9	 1.000004E-2	 1.383141E-6
4.080000E+1	 1.725275E-9	 9.999882E-3	 1.367591E-6
4.060000E+1	 1.712573E-9	 9.999982E-3	 1.352513E-6
4.040000E+1	 1.697424E-9	 9.999895E-3	 1.337016E-6
4.020000E+1	 1.678433E-9	 9.999957E-3	 1.322743E-6
4.000000E+1	 1.667082E-9	 9.999981E-3	 1.307298E-6
3.980000E+1	 1.635643E-9	 1.000019E-2	 1.292631E-6
3.960000E+1	 1.625263E-9	 1.000004E-2	 1.277950E-6
3.940000E+1	 1.607750E-9	 9.999930E-3	 1.263731E-6
3.920000E+1	 1.588633E-9	 9.999857E-3	 1.250026E-6
3.900000E+1	 1.563609E-9	 9.999944E-3	 1.235853E-6
3.880000E+1	 1.564199E-9	 1.000000E-2	 1.221608E-6
3.860000E+1	 1.551118E-9	 9.999848E-3	 1.209158E-6
3.840000E+1	 1.543860E-9	 1.000005E-2	 1.194375E-6
3.820000E+1	 1.523982E-9	 1.000003E-2	 1.182504E-6
3.800000E+1	 1.483767E-9	 9.999906E-3	 1.169123E-6
3.780000E+1	 1.485666E-9	 1.000003E-2	 1.156854E-6
3.760000E+1	 1.471022E-9	 1.000003E-2	 1.144714E-6
3.740000E+1	 1.451696E-9	 9.999956E-3	 1.132769E-6
3.720000E+1	 1.445533E-9	 9.999872E-3	 1.121667E-6
3.700000E+1	 1.437474E-9	 9.999911E-3	 1.111333E-6
3.680000E+1	 1.418021E-9	 9.999897E-3	 1.101884E-6
3.660000E+1	 1.406668E-9	 9.999956E-3	 1.091460E-6
3.640000E+1	 1.385442E-9	 9.999927E-3	 1.082475E-6
3.620000E+1	 1.375989E-9	 1.000011E-2	 1.074107E-6
3.600000E+1	 1.362950E-9	 1.000002E-2	 1.065977E-6
3.580000E+1	 1.352653E-9	 1.000011E-2	 1.059178E-6
3.560000E+1	 1.331639E-9	 9.999970E-3	 1.051944E-6
3.540000E+1	 1.327923E-9	 9.999944E-3	 1.046457E-6
3.520000E+1	 1.308976E-9	 9.999964E-3	 1.041453E-6
3.500000E+1	 1.302393E-9	 9.999942E-3	 1.037161E-6
3.480000E+1	 1.302858E-9	 1.000002E-2	 1.034108E-6
3.460000E+1	 1.270026E-9	 1.000001E-2	 1.030933E-6
3.440000E+1	 1.258294E-9	 1.000004E-2	 1.029364E-6
3.420000E+1	 1.260784E-9	 1.000001E-2	 1.028399E-6
3.400000E+1	 1.248251E-9	 9.999981E-3	 1.028767E-6
3.380000E+1	 1.221075E-9	 1.000012E-2	 1.030504E-6
3.360000E+1	 1.216052E-9	 9.999933E-3	 1.032283E-6
3.340000E+1	 1.199975E-9	 1.000008E-2	 1.035385E-6
3.320000E+1	 1.184023E-9	 9.999936E-3	 1.038909E-6
3.300000E+1	 1.173220E-9	 9.999957E-3	 1.044209E-6
3.280000E+1	 1.164442E-9	 1.000006E-2	 1.050061E-6
3.260000E+1	 1.146339E-9	 1.000014E-2	 1.056962E-6
3.240000E+1	 1.140642E-9	 9.999917E-3	 1.065031E-6
3.220000E+1	 1.127940E-9	 9.999962E-3	 1.074369E-6
3.200000E+1	 1.102832E-9	 1.000009E-2	 1.084783E-6
3.180000E+1	 1.109795E-9	 9.999919E-3	 1.095506E-6
3.160000E+1	 1.094433E-9	 1.000007E-2	 1.108404E-6
3.140000E+1	 1.077512E-9	 1.000000E-2	 1.121591E-6
3.120000E+1	 1.086205E-9	 1.000004E-2	 1.137575E-6
3.100000E+1	 1.058142E-9	 1.000009E-2	 1.152675E-6
3.080000E+1	 1.038266E-9	 1.000023E-2	 1.169502E-6
3.060000E+1	 1.027168E-9	 1.000015E-2	 1.186502E-6
3.040000E+1	 1.023370E-9	 1.000000E-2	 1.205046E-6
3.020000E+1	 1.006151E-9	 9.999995E-3	 1.223742E-6
3.000000E+1	 1.000076E-9	 1.000002E-2	 1.243752E-6
2.980000E+1	 9.834488E-10	 1.000015E-2	 1.265940E-6
2.960000E+1	 9.769926E-10	 9.999897E-3	 1.287926E-6
2.940000E+1	 9.594364E-10	 1.000008E-2	 1.311312E-6
2.920000E+1	 9.522210E-10	 1.000015E-2	 1.335214E-6
2.900000E+1	 9.415025E-10	 1.000001E-2	 1.360744E-6
2.880000E+1	 9.288006E-10	 1.000017E-2	 1.386561E-6
2.860000E+1	 9.193477E-10	 1.000006E-2	 1.412789E-6
2.840000E+1	 9.170690E-10	 1.000028E-2	 1.441156E-6
2.820000E+1	 9.052534E-10	 1.000018E-2	 1.468493E-6
2.800000E+1	 8.889643E-10	 9.999991E-3	 1.497502E-6
2.780000E+1	 8.858418E-10	 1.000008E-2	 1.526950E-6
2.760000E+1	 8.689194E-10	 9.999883E-3	 1.557160E-6
2.740000E+1	 8.517865E-10	 1.000005E-2	 1.587884E-6
2.720000E+1	 8.496766E-10	 1.000005E-2	 1.620003E-6
2.700000E+1	 8.449076E-10	 9.999993E-3	 1.651340E-6
2.680000E+1	 8.238504E-10	 9.999921E-3	 1.684385E-6
2.660000E+1	 8.234282E-10	 1.000002E-2	 1.716980E-6
2.640000E+1	 8.049451E-10	 1.000002E-2	 1.750382E-6
2.620000E+1	 7.965892E-10	 1.000002E-2	 1.784525E-6
2.600000E+1	 7.862075E-10	 1.000016E-2	 1.819209E-6
2.580000E+1	 7.711428E-10	 9.999999E-3	 1.854401E-6
2.560000E+1	 7.663317E-10	 9.999968E-3	 1.888833E-6
2.540000E+1	 7.565844E-10	 1.000006E-2	 1.924597E-6
2.520000E+1	 7.373833E-10	 9.999962E-3	 1.960455E-6
2.500000E+1	 7.294078E-10	 1.000004E-2	 1.995891E-6
2.480000E+1	 7.235000E-10	 1.000003E-2	 2.031731E-6
2.460000E+1	 7.016827E-10	 1.000001E-2	 2.068233E-6
2.440000E+1	 6.928209E-10	 9.999870E-3	 2.103278E-6
2.420000E+1	 7.035819E-10	 9.999938E-3	 2.145230E-6
2.400000E+1	 6.744219E-10	 1.000003E-2	 2.180681E-6
2.380000E+1	 6.488062E-10	 1.000000E-2	 2.217398E-6
2.360000E+1	 6.508323E-10	 9.999898E-3	 2.253677E-6
2.340000E+1	 6.393114E-10	 1.000015E-2	 2.290404E-6
2.320000E+1	 6.283399E-10	 9.999924E-3	 2.327489E-6
2.300000E+1	 6.158059E-10	 1.000015E-2	 2.364583E-6
2.280000E+1	 6.152584E-10	 9.999964E-3	 2.400924E-6
2.260000E+1	 5.933986E-10	 1.000021E-2	 2.438989E-6
2.240000E+1	 5.874907E-10	 1.000015E-2	 2.473555E-6
2.220000E+1	 5.781223E-10	 1.000004E-2	 2.511832E-6
2.200000E+1	 5.561361E-10	 9.999920E-3	 2.549310E-6
2.180000E+1	 5.600610E-10	 9.999918E-3	 2.584925E-6
2.160000E+1	 5.406068E-10	 1.000003E-2	 2.623470E-6
2.140000E+1	 5.433497E-10	 1.000001E-2	 2.659774E-6
2.120000E+1	 5.196758E-10	 9.999811E-3	 2.697599E-6
2.100000E+1	 5.137260E-10	 1.000001E-2	 2.735215E-6
2.080000E+1	 5.118267E-10	 1.000004E-2	 2.769493E-6
2.060000E+1	 4.970150E-10	 9.999979E-3	 2.811577E-6
2.040000E+1	 4.770963E-10	 9.999877E-3	 2.847442E-6
2.020000E+1	 4.606805E-10	 9.999954E-3	 2.884271E-6
2.000000E+1	 4.521564E-10	 9.999895E-3	 2.918328E-6
1.980000E+1	 4.534646E-10	 9.999907E-3	 2.954838E-6
1.960000E+1	 4.339261E-10	 9.999902E-3	 2.991166E-6
1.940000E+1	 4.227858E-10	 9.999949E-3	 3.025673E-6
1.920000E+1	 4.197051E-10	 9.999941E-3	 3.061896E-6
1.900000E+1	 4.010950E-10	 9.999946E-3	 3.096826E-6
1.880000E+1	 3.912628E-10	 9.999980E-3	 3.133772E-6
1.860000E+1	 3.743409E-10	 9.999964E-3	 3.168674E-6
1.840000E+1	 3.709644E-10	 9.999964E-3	 3.202545E-6
1.820000E+1	 3.623559E-10	 1.000003E-2	 3.238678E-6
1.800000E+1	 3.562368E-10	 9.999990E-3	 3.273342E-6
1.780000E+1	 3.475016E-10	 9.999958E-3	 3.309632E-6
1.760000E+1	 3.369942E-10	 9.999854E-3	 3.344035E-6
1.740000E+1	 3.315081E-10	 9.999914E-3	 3.382548E-6
1.720000E+1	 3.057241E-10	 9.999927E-3	 3.417999E-6
1.700000E+1	 2.912077E-10	 9.999857E-3	 3.450309E-6
1.680000E+1	 2.917985E-10	 1.000006E-2	 3.484742E-6
1.660000E+1	 2.764799E-10	 9.999792E-3	 3.517835E-6
1.640000E+1	 2.665204E-10	 9.999897E-3	 3.550591E-6
1.620000E+1	 2.556755E-10	 9.999929E-3	 3.583580E-6
1.600000E+1	 2.385844E-10	 1.000005E-2	 3.620057E-6
1.580000E+1	 2.342805E-10	 9.999895E-3	 3.652370E-6
1.560000E+1	 2.304824E-10	 9.999882E-3	 3.686634E-6
1.540000E+1	 2.214096E-10	 1.000005E-2	 3.719254E-6
1.520000E+1	 2.126742E-10	 9.999845E-3	 3.753923E-6
1.500000E+1	 2.015333E-10	 9.999933E-3	 3.784721E-6
1.480000E+1	 1.874389E-10	 9.999963E-3	 3.815793E-6
1.460000E+1	 1.833032E-10	 9.999931E-3	 3.849824E-6
1.440000E+1	 1.716984E-10	 9.999882E-3	 3.880874E-6
1.420000E+1	 1.564644E-10	 9.999946E-3	 3.914631E-6
1.400000E+1	 1.509784E-10	 1.000006E-2	 3.948636E-6
1.380000E+1	 1.358288E-10	 9.999968E-3	 3.979085E-6
1.360000E+1	 1.214809E-10	 1.000002E-2	 4.009949E-6
1.340000E+1	 1.266294E-10	 9.999873E-3	 4.041060E-6
1.320000E+1	 1.188648E-10	 9.999992E-3	 4.077005E-6
1.300000E+1	 9.784917E-11	 9.999931E-3	 4.109007E-6
1.280000E+1	 8.160231E-11	 9.999981E-3	 4.140160E-6
1.260000E+1	 6.392073E-11	 1.000010E-2	 4.170713E-6
1.240000E+1	 5.991155E-11	 1.000000E-2	 4.202241E-6
1.220000E+1	 4.594378E-11	 9.999861E-3	 4.230530E-6
1.200000E+1	 3.923392E-11	 1.000009E-2	 4.260593E-6
1.180000E+1	 2.682732E-11	 9.999954E-3	 4.289961E-6
1.160000E+1	 1.876721E-11	 1.000018E-2	 4.321634E-6
1.140000E+1	 1.509590E-11	 9.999954E-3	 4.350334E-6
1.120000E+1	 1.150746E-13	 9.999981E-3	 4.380990E-6
1.100000E+1	 -5.328710E-12	 9.999964E-3	 4.410860E-6
1.080000E+1	 -2.625966E-11	 1.000004E-2	 4.442305E-6
1.060000E+1	 -2.672391E-11	 9.999911E-3	 4.471716E-6
1.040000E+1	 -4.292869E-11	 9.999966E-3	 4.499611E-6
1.020000E+1	 -4.816132E-11	 9.999918E-3	 4.527206E-6
1.000000E+1	 -5.115754E-11	 9.999902E-3	 4.556829E-6
9.800000E+0	 -7.116004E-11	 9.999894E-3	 4.585499E-6
9.600000E+0	 -8.457951E-11	 9.999986E-3	 4.613328E-6
9.400001E+0	 -9.842097E-11	 9.999917E-3	 4.642927E-6
9.200001E+0	 -9.550923E-11	 9.999920E-3	 4.669840E-6
9.000000E+0	 -1.088021E-10	 1.000004E-2	 4.701728E-6
8.800000E+0	 -1.212932E-10	 9.999863E-3	 4.728111E-6
8.600000E+0	 -1.538290E-10	 1.000002E-2	 4.754489E-6
8.400001E+0	 -1.497356E-10	 9.999981E-3	 4.783270E-6
8.200000E+0	 -1.645055E-10	 9.999946E-3	 4.809517E-6
8.000000E+0	 -1.714262E-10	 1.000003E-2	 4.837174E-6
7.800000E+0	 -1.675016E-10	 1.000001E-2	 4.863264E-6
7.600000E+0	 -1.875042E-10	 9.999827E-3	 4.888294E-6
7.400000E+0	 -2.080986E-10	 9.999930E-3	 4.914853E-6
7.200000E+0	 -1.952692E-10	 1.000013E-2	 4.937758E-6
7.000000E+0	 -2.138803E-10	 9.999854E-3	 4.962392E-6
6.800000E+0	 -2.360786E-10	 9.999976E-3	 4.985764E-6
6.600000E+0	 -2.268364E-10	 9.999898E-3	 5.007952E-6
6.400000E+0	 -2.370915E-10	 9.999838E-3	 5.029371E-6
6.200000E+0	 -2.576017E-10	 9.999929E-3	 5.051060E-6
6.000000E+0	 -2.729210E-10	 9.999918E-3	 5.072212E-6
5.800000E+0	 -2.547319E-10	 9.999962E-3	 5.091067E-6
5.600000E+0	 -2.852018E-10	 9.999857E-3	 5.109275E-6
5.400000E+0	 -2.981157E-10	 9.999977E-3	 5.130627E-6
5.200000E+0	 -3.009011E-10	 9.999822E-3	 5.149060E-6
5.000000E+0	 -3.155030E-10	 9.999876E-3	 5.166877E-6
4.800000E+0	 -3.259689E-10	 9.999794E-3	 5.184825E-6
4.600000E+0	 -3.276149E-10	 9.999971E-3	 5.202703E-6
4.400000E+0	 -3.424278E-10	 9.999808E-3	 5.218785E-6
4.200000E+0	 -3.655546E-10	 9.999921E-3	 5.237258E-6
4.000000E+0	 -3.755143E-10	 9.999806E-3	 5.252859E-6
3.800000E+0	 -3.834483E-10	 9.999862E-3	 5.266505E-6
3.600000E+0	 -3.807895E-10	 9.999971E-3	 5.282962E-6
3.400000E+0	 -4.069969E-10	 9.999837E-3	 5.298585E-6
3.200000E+0	 -4.140869E-10	 9.999942E-3	 5.310404E-6
3.000000E+0	 -4.164925E-10	 9.999833E-3	 5.328120E-6
2.800000E+0	 -4.375092E-10	 1.000000E-2	 5.342226E-6
2.600000E+0	 -4.450209E-10	 9.999950E-3	 5.359788E-6
2.400000E+0	 -4.480596E-10	 9.999912E-3	 5.379521E-6
2.200000E+0	 -4.597496E-10	 9.999959E-3	 5.399863E-6
2.000000E+0	 -4.827496E-10	 9.999917E-3	 5.418439E-6
1.800000E+0	 -4.803021E-10	 9.999894E-3	 5.443841E-6
1.600000E+0	 -5.180305E-10	 9.999778E-3	 5.468976E-6
1.400000E+0	 -5.085775E-10	 9.999887E-3	 5.490240E-6
1.200000E+0	 -5.329281E-10	 9.999863E-3	 5.512984E-6
1.000000E+0	 -5.747504E-10	 9.999950E-3	 5.538678E-6
8.000002E-1	 -6.074148E-10	 9.999778E-3	 5.569434E-6
6.000001E-1	 -6.108330E-10	 1.000003E-2	 5.611786E-6
4.000002E-1	 -6.232406E-10	 1.000002E-2	 5.672212E-6
2.000002E-1	 -6.056841E-10	 1.000001E-2	 5.704876E-6
1.490116E-7	 -5.888037E-10	 9.999857E-3	 5.716613E-6
-1.999999E-1	 -5.800254E-10	 1.000006E-2	 5.725686E-6
-3.999999E-1	 -5.983832E-10	 1.000003E-2	 5.729797E-6
-5.999998E-1	 -6.082583E-10	 9.999991E-3	 5.733337E-6
-7.999998E-1	 -6.153483E-10	 9.999930E-3	 5.737370E-6
-9.999999E-1	 -6.232824E-10	 9.999921E-3	 5.743383E-6
-1.200000E+0	 -6.399524E-10	 9.999964E-3	 5.746523E-6
-1.400000E+0	 -6.554827E-10	 9.999844E-3	 5.752020E-6
-1.600000E+0	 -6.620237E-10	 9.999990E-3	 5.754968E-6
-1.800000E+0	 -6.553982E-10	 9.999968E-3	 5.756830E-6
-2.000000E+0	 -6.848127E-10	 1.000013E-2	 5.759307E-6
-2.200000E+0	 -6.750221E-10	 1.000007E-2	 5.764867E-6
-2.400000E+0	 -6.938446E-10	 1.000001E-2	 5.767720E-6
-2.600000E+0	 -6.975159E-10	 9.999946E-3	 5.769069E-6
-2.800000E+0	 -7.102185E-10	 9.999918E-3	 5.773332E-6
-3.000000E+0	 -7.228794E-10	 1.000003E-2	 5.777210E-6
-3.200000E+0	 -7.312776E-10	 1.000004E-2	 5.777930E-6
-3.400000E+0	 -7.479050E-10	 9.999955E-3	 5.782755E-6
-3.600000E+0	 -7.521254E-10	 9.999927E-3	 5.786271E-6
-3.800000E+0	 -7.695548E-10	 1.000000E-2	 5.791364E-6
-4.000000E+0	 -7.713696E-10	 9.999860E-3	 5.794388E-6
-4.200000E+0	 -7.989696E-10	 9.999895E-3	 5.796359E-6
-4.400000E+0	 -8.083383E-10	 9.999901E-3	 5.799532E-6
-4.600000E+0	 -8.305788E-10	 9.999881E-3	 5.803555E-6
-4.800000E+0	 -8.333640E-10	 9.999976E-3	 5.805185E-6
-5.000000E+0	 -8.498651E-10	 1.000008E-2	 5.810409E-6
-5.200000E+0	 -8.734986E-10	 1.000012E-2	 5.812561E-6
-5.400000E+0	 -9.044748E-10	 1.000016E-2	 5.816066E-6
-5.600000E+0	 -9.772734E-10	 9.999921E-3	 5.818279E-6
-5.800000E+0	 -1.042729E-9	 9.999895E-3	 5.821514E-6
-6.000000E+0	 -1.154184E-9	 9.999933E-3	 5.824014E-6
-6.200000E+0	 -1.313033E-9	 9.999986E-3	 5.827967E-6
-6.400000E+0	 -1.463652E-9	 9.999989E-3	 5.830485E-6
-6.600000E+0	 -1.168364E-9	 9.999948E-3	 5.831394E-6
-6.800000E+0	 -9.748257E-10	 9.999930E-3	 5.834506E-6
-7.000000E+0	 -9.603504E-10	 1.000002E-2	 5.836708E-6
-7.200000E+0	 -9.884569E-10	 9.999858E-3	 5.842323E-6
-7.400000E+0	 -9.819999E-10	 9.999799E-3	 5.844735E-6
-7.600000E+0	 -9.799318E-10	 9.999794E-3	 5.849324E-6
-7.800000E+0	 -9.861361E-10	 9.999813E-3	 5.852154E-6
-8.000000E+0	 -1.005127E-9	 9.999897E-3	 5.854778E-6
-8.200000E+0	 -1.003945E-9	 9.999706E-3	 5.857868E-6
-8.400000E+0	 -1.019982E-9	 9.999787E-3	 5.860751E-6
-8.600000E+0	 -1.028844E-9	 9.999570E-3	 5.863783E-6
-8.800000E+0	 -1.034162E-9	 9.999944E-3	 5.865686E-6
-9.000000E+0	 -1.055516E-9	 9.999867E-3	 5.868804E-6
-9.200000E+0	 -1.059736E-9	 9.999732E-3	 5.874709E-6
-9.400000E+0	 -1.066741E-9	 9.999827E-3	 5.876478E-6
-9.600000E+0	 -1.084129E-9	 9.999848E-3	 5.879270E-6
-9.800000E+0	 -1.095312E-9	 9.999822E-3	 5.881396E-6
-1.000000E+1	 -1.093371E-9	 9.999848E-3	 5.885671E-6
-9.800000E+0	 -7.936517E-10	 9.999819E-3	 5.883931E-6
-9.600000E+0	 -7.000477E-10	 9.999882E-3	 5.878660E-6
-9.400000E+0	 -6.533727E-10	 9.999892E-3	 5.873997E-6
-9.200000E+0	 -5.905758E-10	 9.999944E-3	 5.870873E-6
-9.000000E+0	 -5.377388E-10	 9.999931E-3	 5.867898E-6
-8.800000E+0	 -5.111517E-10	 9.999763E-3	 5.863307E-6
-8.600000E+0	 -4.708062E-10	 9.999760E-3	 5.858303E-6
-8.400000E+0	 -4.346393E-10	 9.999754E-3	 5.854513E-6
-8.200000E+0	 -3.956024E-10	 9.999981E-3	 5.849319E-6
-8.000000E+0	 -3.674114E-10	 9.999847E-3	 5.845541E-6
-7.800000E+0	 -3.399379E-10	 9.999799E-3	 5.842286E-6
-7.600000E+0	 -3.102698E-10	 9.999841E-3	 5.837286E-6
-7.400000E+0	 -2.933468E-10	 9.999881E-3	 5.832924E-6
-7.200000E+0	 -2.736384E-10	 9.999668E-3	 5.829678E-6
-7.000000E+0	 -2.327024E-10	 9.999827E-3	 5.823333E-6
-6.800000E+0	 -2.114326E-10	 9.999848E-3	 5.818792E-6
-6.600000E+0	 -1.947628E-10	 9.999623E-3	 5.813699E-6
-6.400000E+0	 -1.670797E-10	 9.999937E-3	 5.809305E-6
-6.200000E+0	 -1.566564E-10	 9.999691E-3	 5.804470E-6
-6.000000E+0	 -1.233188E-10	 9.999717E-3	 5.797814E-6
-5.800000E+0	 -1.024722E-10	 9.999860E-3	 5.792441E-6
-5.600000E+0	 -7.905136E-11	 9.999754E-3	 5.786408E-6
-5.400000E+0	 -5.592601E-11	 9.999742E-3	 5.783521E-6
-5.200000E+0	 -4.347721E-11	 9.999863E-3	 5.777423E-6
-5.000000E+0	 -1.317790E-11	 9.999797E-3	 5.769559E-6
-4.800000E+0	 2.948583E-11	 9.999836E-3	 5.762082E-6
-4.600000E+0	 4.252548E-11	 9.999930E-3	 5.759379E-6
-4.400000E+0	 4.003564E-11	 9.999804E-3	 5.752516E-6
-4.200000E+0	 6.548198E-11	 9.999737E-3	 5.748074E-6
-4.000000E+0	 1.335498E-10	 9.999865E-3	 5.741106E-6
-3.800000E+0	 1.365462E-10	 9.999760E-3	 5.734572E-6
-3.600000E+0	 1.608950E-10	 1.000002E-2	 5.727154E-6
-3.400000E+0	 1.868899E-10	 9.999786E-3	 5.720162E-6
-3.200000E+0	 1.895907E-10	 1.000011E-2	 5.716426E-6
-3.000000E+0	 2.139400E-10	 9.999854E-3	 5.710303E-6
-2.800000E+0	 2.209871E-10	 9.999886E-3	 5.700521E-6
-2.600000E+0	 2.323813E-10	 1.000002E-2	 5.691273E-6
-2.400000E+0	 2.274438E-10	 9.999984E-3	 5.684356E-6
-2.200000E+0	 2.314526E-10	 9.999932E-3	 5.676350E-6
-2.000000E+0	 2.420446E-10	 9.999917E-3	 5.669330E-6
-1.800000E+0	 2.909963E-10	 1.000001E-2	 5.661670E-6
-1.600000E+0	 3.023898E-10	 9.999836E-3	 5.649555E-6
-1.400000E+0	 3.164423E-10	 9.999823E-3	 5.639622E-6
-1.200000E+0	 3.599080E-10	 9.999976E-3	 5.623257E-6
-9.999999E-1	 4.202533E-10	 9.999908E-3	 5.596651E-6
-7.999998E-1	 4.334199E-10	 9.999938E-3	 5.566059E-6
-5.999998E-1	 4.645629E-10	 1.000004E-2	 5.534218E-6
-3.999999E-1	 4.465018E-10	 9.999874E-3	 5.500950E-6
-1.999999E-1	 4.680657E-10	 9.999889E-3	 5.468491E-6
1.490116E-7	 4.421553E-10	 9.999966E-3	 5.429966E-6
2.000002E-1	 4.346858E-10	 1.000002E-2	 5.384064E-6
4.000002E-1	 3.771681E-10	 9.999728E-3	 5.352013E-6
6.000001E-1	 3.717243E-10	 9.999890E-3	 5.322217E-6
8.000002E-1	 3.850593E-10	 1.000002E-2	 5.293307E-6
1.000000E+0	 4.014748E-10	 1.000004E-2	 5.263205E-6
1.200000E+0	 4.025723E-10	 9.999939E-3	 5.230337E-6
1.400000E+0	 4.209293E-10	 9.999776E-3	 5.194885E-6
1.600000E+0	 4.345593E-10	 9.999860E-3	 5.160540E-6
1.800000E+0	 4.365431E-10	 9.999993E-3	 5.125898E-6
2.000000E+0	 4.385683E-10	 9.999852E-3	 5.093448E-6
2.200000E+0	 4.671373E-10	 9.999801E-3	 5.057875E-6
2.400000E+0	 4.878573E-10	 9.999892E-3	 5.031728E-6
2.600000E+0	 4.858316E-10	 9.999811E-3	 4.997971E-6
2.800000E+0	 4.975209E-10	 9.999977E-3	 4.969660E-6
3.000000E+0	 5.213215E-10	 1.000010E-2	 4.940610E-6
3.200000E+0	 5.288330E-10	 9.999888E-3	 4.910552E-6
3.400000E+0	 5.379060E-10	 9.999879E-3	 4.883241E-6
3.600000E+0	 5.577399E-10	 9.999816E-3	 4.853011E-6
3.800000E+0	 5.678254E-10	 9.999886E-3	 4.823555E-6
4.000000E+0	 5.705260E-10	 9.999844E-3	 4.793575E-6
4.200000E+0	 5.915843E-10	 9.999854E-3	 4.760585E-6
4.400000E+0	 6.019229E-10	 9.999910E-3	 4.733057E-6
4.600000E+0	 5.947489E-10	 1.000008E-2	 4.702420E-6
4.800000E+0	 6.326018E-10	 9.999907E-3	 4.670878E-6
5.000000E+0	 6.300698E-10	 9.999979E-3	 4.641965E-6
5.200000E+0	 6.390166E-10	 9.999847E-3	 4.612689E-6
5.400000E+0	 6.496505E-10	 9.999977E-3	 4.584801E-6
5.600000E+0	 6.661928E-10	 1.000007E-2	 4.555993E-6
5.800000E+0	 6.832412E-10	 9.999967E-3	 4.525888E-6
6.000000E+0	 6.934536E-10	 9.999819E-3	 4.496294E-6
6.200000E+0	 6.872503E-10	 9.999813E-3	 4.465541E-6
6.400000E+0	 7.061972E-10	 9.999920E-3	 4.434910E-6
6.600000E+0	 7.267066E-10	 9.999786E-3	 4.402119E-6
6.800000E+0	 7.274242E-10	 1.000001E-2	 4.368627E-6
7.000000E+0	 7.339233E-10	 1.000003E-2	 4.334346E-6
7.200000E+0	 7.683156E-10	 9.999977E-3	 4.298648E-6
7.400000E+0	 7.777256E-10	 9.999914E-3	 4.263546E-6
7.600000E+0	 7.858706E-10	 9.999822E-3	 4.228244E-6
7.800000E+0	 7.874317E-10	 9.999860E-3	 4.191362E-6
8.000000E+0	 8.092071E-10	 9.999817E-3	 4.154704E-6
8.200000E+0	 8.249055E-10	 9.999971E-3	 4.116141E-6
8.400001E+0	 8.346953E-10	 9.999838E-3	 4.077888E-6
8.600000E+0	 8.428821E-10	 9.999982E-3	 4.039677E-6
8.800000E+0	 8.585805E-10	 9.999991E-3	 4.001394E-6
9.000000E+0	 8.555420E-10	 9.999922E-3	 3.964233E-6
9.200001E+0	 8.747847E-10	 1.000007E-2	 3.926490E-6
9.400001E+0	 8.900615E-10	 1.000002E-2	 3.886516E-6
9.600000E+0	 8.948723E-10	 9.999904E-3	 3.846959E-6
9.800000E+0	 9.005694E-10	 9.999915E-3	 3.808003E-6
1.000000E+1	 9.050843E-10	 1.000009E-2	 3.770696E-6
1.020000E+1	 9.118779E-10	 9.999818E-3	 3.731090E-6
1.040000E+1	 9.420086E-10	 1.000018E-2	 3.691097E-6
1.060000E+1	 9.531496E-10	 9.999813E-3	 3.652463E-6
1.080000E+1	 9.734054E-10	 1.000004E-2	 3.611357E-6
1.100000E+1	 9.739122E-10	 1.000006E-2	 3.573239E-6
1.120000E+1	 9.823101E-10	 9.999851E-3	 3.533642E-6
1.140000E+1	 9.858542E-10	 9.999933E-3	 3.492337E-6
1.160000E+1	 1.008980E-9	 9.999948E-3	 3.454662E-6
1.180000E+1	 1.017545E-9	 9.999865E-3	 3.414090E-6
1.200000E+1	 1.031430E-9	 9.999827E-3	 3.376058E-6
1.220000E+1	 1.043162E-9	 1.000000E-2	 3.336398E-6
1.240000E+1	 1.043879E-9	 1.000016E-2	 3.295903E-6
1.260000E+1	 1.060379E-9	 1.000002E-2	 3.255930E-6
1.280000E+1	 1.066371E-9	 9.999868E-3	 3.218018E-6
1.300000E+1	 1.086247E-9	 1.000002E-2	 3.177749E-6
1.320000E+1	 1.090932E-9	 9.999970E-3	 3.138522E-6
1.340000E+1	 1.087640E-9	 1.000023E-2	 3.098424E-6
1.360000E+1	 1.115069E-9	 1.000014E-2	 3.058850E-6
1.380000E+1	 1.127519E-9	 1.000006E-2	 3.018375E-6
1.400000E+1	 1.140262E-9	 1.000004E-2	 2.979835E-6
1.420000E+1	 1.146043E-9	 1.000010E-2	 2.939617E-6
1.440000E+1	 1.152965E-9	 1.000004E-2	 2.900971E-6
1.460000E+1	 1.172544E-9	 9.999856E-3	 2.862914E-6
1.480000E+1	 1.174191E-9	 1.000017E-2	 2.822843E-6
1.500000E+1	 1.193137E-9	 1.000002E-2	 2.785434E-6
1.520000E+1	 1.188370E-9	 1.000011E-2	 2.745938E-6
1.540000E+1	 1.210946E-9	 1.000005E-2	 2.707468E-6
1.560000E+1	 1.231962E-9	 9.999954E-3	 2.669508E-6
1.580000E+1	 1.228290E-9	 1.000002E-2	 2.629826E-6
1.600000E+1	 1.243905E-9	 1.000006E-2	 2.591281E-6
1.620000E+1	 1.261881E-9	 1.000007E-2	 2.552788E-6
1.640000E+1	 1.280913E-9	 1.000009E-2	 2.516015E-6
1.660000E+1	 1.282433E-9	 1.000000E-2	 2.478355E-6
1.680000E+1	 1.294332E-9	 1.000002E-2	 2.440832E-6
1.700000E+1	 1.298932E-9	 9.999892E-3	 2.404124E-6
1.720000E+1	 1.299270E-9	 9.999938E-3	 2.366585E-6
1.740000E+1	 1.320455E-9	 9.999919E-3	 2.330940E-6
1.760000E+1	 1.330794E-9	 9.999952E-3	 2.294099E-6
1.780000E+1	 1.339697E-9	 1.000006E-2	 2.256475E-6
1.800000E+1	 1.370081E-9	 9.999908E-3	 2.220287E-6
1.820000E+1	 1.360249E-9	 9.999794E-3	 2.185943E-6
1.840000E+1	 1.384346E-9	 1.000017E-2	 2.150491E-6
1.860000E+1	 1.389492E-9	 9.999822E-3	 2.115010E-6
1.880000E+1	 1.394347E-9	 1.000000E-2	 2.080055E-6
1.900000E+1	 1.409368E-9	 1.000002E-2	 2.044892E-6
1.920000E+1	 1.402194E-9	 1.000005E-2	 2.012171E-6
1.940000E+1	 1.427430E-9	 1.000010E-2	 1.977487E-6
1.960000E+1	 1.424054E-9	 1.000002E-2	 1.945645E-6
1.980000E+1	 1.436925E-9	 9.999968E-3	 1.911672E-6
2.000000E+1	 1.450935E-9	 9.999909E-3	 1.879885E-6
2.020000E+1	 1.463848E-9	 1.000003E-2	 1.847376E-6
2.040000E+1	 1.482374E-9	 9.999987E-3	 1.815751E-6
2.060000E+1	 1.476339E-9	 1.000009E-2	 1.784261E-6
2.080000E+1	 1.503305E-9	 9.999907E-3	 1.753870E-6
2.100000E+1	 1.506217E-9	 1.000010E-2	 1.723671E-6
2.120000E+1	 1.518792E-9	 9.999922E-3	 1.694745E-6
2.140000E+1	 1.524574E-9	 9.999919E-3	 1.665396E-6
2.160000E+1	 1.534617E-9	 1.000004E-2	 1.637837E-6
2.180000E+1	 1.553818E-9	 9.999949E-3	 1.609505E-6
2.200000E+1	 1.549978E-9	 9.999892E-3	 1.582682E-6
2.220000E+1	 1.559557E-9	 1.000002E-2	 1.556059E-6
2.240000E+1	 1.583653E-9	 9.999991E-3	 1.531072E-6
2.260000E+1	 1.593316E-9	 1.000007E-2	 1.505261E-6
2.280000E+1	 1.597790E-9	 9.999929E-3	 1.481506E-6
2.300000E+1	 1.617456E-9	 9.999825E-3	 1.457824E-6
2.320000E+1	 1.622898E-9	 9.999963E-3	 1.435677E-6
2.340000E+1	 1.631001E-9	 9.999906E-3	 1.413329E-6
2.360000E+1	 1.658937E-9	 1.000006E-2	 1.391818E-6
2.380000E+1	 1.653198E-9	 9.999879E-3	 1.371107E-6
2.400000E+1	 1.667420E-9	 9.999908E-3	 1.351284E-6
2.420000E+1	 1.682486E-9	 1.000005E-2	 1.332131E-6
2.440000E+1	 1.692781E-9	 1.000000E-2	 1.313560E-6
2.460000E+1	 1.708394E-9	 1.000004E-2	 1.296214E-6
2.480000E+1	 1.706411E-9	 9.999804E-3	 1.280207E-6
2.500000E+1	 1.713797E-9	 9.999944E-3	 1.264406E-6
2.520000E+1	 1.726371E-9	 1.000004E-2	 1.248639E-6
2.540000E+1	 1.732490E-9	 9.999969E-3	 1.234300E-6
2.560000E+1	 1.746122E-9	 1.000000E-2	 1.220845E-6
2.580000E+1	 1.752030E-9	 9.999979E-3	 1.207868E-6
2.600000E+1	 1.767178E-9	 1.000006E-2	 1.195379E-6
2.620000E+1	 1.779079E-9	 9.999849E-3	 1.184800E-6
2.640000E+1	 1.791570E-9	 9.999920E-3	 1.175057E-6
2.660000E+1	 1.808535E-9	 1.000000E-2	 1.164834E-6
2.680000E+1	 1.814654E-9	 1.000007E-2	 1.156579E-6
2.700000E+1	 1.819548E-9	 1.000001E-2	 1.148761E-6
2.720000E+1	 1.825160E-9	 9.999954E-3	 1.141506E-6
2.740000E+1	 1.846176E-9	 1.000005E-2	 1.135163E-6
2.760000E+1	 1.854617E-9	 9.999980E-3	 1.128837E-6
2.780000E+1	 1.856346E-9	 1.000014E-2	 1.124330E-6
2.800000E+1	 1.871284E-9	 1.000012E-2	 1.119702E-6
2.820000E+1	 1.890276E-9	 1.000011E-2	 1.116463E-6
2.840000E+1	 1.904917E-9	 9.999943E-3	 1.112728E-6
2.860000E+1	 1.912769E-9	 1.000004E-2	 1.110112E-6
2.880000E+1	 1.927495E-9	 9.999976E-3	 1.108836E-6
2.900000E+1	 1.926904E-9	 1.000014E-2	 1.107408E-6
2.920000E+1	 1.945178E-9	 1.000009E-2	 1.106812E-6
2.940000E+1	 1.946274E-9	 9.999921E-3	 1.106686E-6
2.960000E+1	 1.967162E-9	 1.000003E-2	 1.107063E-6
2.980000E+1	 1.957964E-9	 1.000004E-2	 1.108225E-6
3.000000E+1	 1.987208E-9	 9.999966E-3	 1.110035E-6
3.020000E+1	 1.986659E-9	 1.000001E-2	 1.111525E-6
3.040000E+1	 2.000078E-9	 9.999822E-3	 1.114065E-6
3.060000E+1	 2.003624E-9	 1.000015E-2	 1.116915E-6
3.080000E+1	 2.011980E-9	 1.000000E-2	 1.121001E-6
3.100000E+1	 2.029280E-9	 9.999899E-3	 1.125384E-6
3.120000E+1	 2.043627E-9	 1.000002E-2	 1.129405E-6
3.140000E+1	 2.051603E-9	 9.999946E-3	 1.133957E-6
3.160000E+1	 2.063588E-9	 1.000002E-2	 1.139196E-6
3.180000E+1	 2.072746E-9	 9.999898E-3	 1.143982E-6
3.200000E+1	 2.084898E-9	 1.000014E-2	 1.150346E-6
3.220000E+1	 2.092665E-9	 1.000005E-2	 1.156673E-6
3.240000E+1	 2.115366E-9	 9.999895E-3	 1.162486E-6
3.260000E+1	 2.125495E-9	 9.999875E-3	 1.169195E-6
3.280000E+1	 2.126592E-9	 1.000017E-2	 1.176318E-6
3.300000E+1	 2.135835E-9	 9.999906E-3	 1.183541E-6
3.320000E+1	 2.152249E-9	 9.999952E-3	 1.191029E-6
3.340000E+1	 2.159212E-9	 1.000007E-2	 1.199135E-6
3.360000E+1	 2.170648E-9	 1.000014E-2	 1.206466E-6
3.380000E+1	 2.185291E-9	 1.000000E-2	 1.214544E-6
3.400000E+1	 2.189215E-9	 9.999952E-3	 1.222399E-6
3.420000E+1	 2.198373E-9	 9.999987E-3	 1.230877E-6
3.440000E+1	 2.216815E-9	 1.000009E-2	 1.239995E-6
3.460000E+1	 2.230783E-9	 1.000002E-2	 1.249059E-6
3.480000E+1	 2.234116E-9	 1.000002E-2	 1.257227E-6
3.500000E+1	 2.247663E-9	 1.000002E-2	 1.266479E-6
3.520000E+1	 2.249858E-9	 1.000012E-2	 1.275776E-6
3.540000E+1	 2.267664E-9	 1.000006E-2	 1.284938E-6
3.560000E+1	 2.280492E-9	 1.000006E-2	 1.293377E-6
3.580000E+1	 2.295560E-9	 9.999981E-3	 1.302988E-6
3.600000E+1	 2.293197E-9	 1.000004E-2	 1.311784E-6
3.620000E+1	 2.300624E-9	 9.999945E-3	 1.321704E-6
3.640000E+1	 2.323749E-9	 9.999856E-3	 1.331257E-6
3.660000E+1	 2.316955E-9	 9.999979E-3	 1.340236E-6
3.680000E+1	 2.341136E-9	 9.999957E-3	 1.350535E-6
3.700000E+1	 2.348815E-9	 1.000001E-2	 1.360137E-6
3.720000E+1	 2.361855E-9	 9.999924E-3	 1.369475E-6
3.740000E+1	 2.374305E-9	 9.999880E-3	 1.378363E-6
3.760000E+1	 2.385149E-9	 9.999877E-3	 1.388090E-6
3.780000E+1	 2.382954E-9	 1.000002E-2	 1.397196E-6
3.800000E+1	 2.385107E-9	 1.000001E-2	 1.406509E-6
3.820000E+1	 2.416165E-9	 9.999897E-3	 1.416035E-6
3.840000E+1	 2.421736E-9	 9.999963E-3	 1.425137E-6
3.860000E+1	 2.435368E-9	 9.999850E-3	 1.434794E-6
3.880000E+1	 2.443808E-9	 1.000004E-2	 1.444059E-6
3.900000E+1	 2.449673E-9	 9.999895E-3	 1.453580E-6
3.920000E+1	 2.459251E-9	 9.999990E-3	 1.462158E-6
3.940000E+1	 2.482713E-9	 9.999836E-3	 1.471488E-6
3.960000E+1	 2.480562E-9	 1.000012E-2	 1.480528E-6
3.980000E+1	 2.507022E-9	 1.000018E-2	 1.489823E-6
4.000000E+1	 2.506979E-9	 9.999813E-3	 1.498423E-6
4.020000E+1	 2.522719E-9	 1.000005E-2	 1.507570E-6
4.040000E+1	 2.534366E-9	 1.000001E-2	 1.516188E-6
4.060000E+1	 2.545506E-9	 9.999889E-3	 1.526262E-6
4.080000E+1	 2.553020E-9	 1.000017E-2	 1.534021E-6
4.100000E+1	 2.562430E-9	 1.000004E-2	 1.542771E-6
4.120000E+1	 2.573865E-9	 1.000007E-2	 1.551797E-6
4.140000E+1	 2.576271E-9	 9.999934E-3	 1.560055E-6
4.160000E+1	 2.592053E-9	 1.000006E-2	 1.568640E-6
4.180000E+1	 2.604336E-9	 1.000023E-2	 1.577345E-6
4.200000E+1	 2.612141E-9	 9.999863E-3	 1.585348E-6
4.220000E+1	 2.622225E-9	 9.999924E-3	 1.593423E-6
4.240000E+1	 2.645944E-9	 1.000003E-2	 1.600564E-6
4.260000E+1	 2.641429E-9	 9.999973E-3	 1.608303E-6
4.280000E+1	 2.655268E-9	 9.999968E-3	 1.616975E-6
4.300000E+1	 2.663539E-9	 9.999837E-3	 1.624401E-6
4.320000E+1	 2.677972E-9	 9.999869E-3	 1.632077E-6
4.340000E+1	 2.690717E-9	 9.999991E-3	 1.639860E-6
4.360000E+1	 2.695400E-9	 9.999988E-3	 1.646891E-6
4.380000E+1	 2.694853E-9	 9.999888E-3	 1.654752E-6
4.400000E+1	 2.731608E-9	 9.999983E-3	 1.661941E-6
4.420000E+1	 2.735954E-9	 9.999857E-3	 1.669185E-6
4.440000E+1	 2.735279E-9	 9.999860E-3	 1.676890E-6
4.460000E+1	 2.745828E-9	 9.999990E-3	 1.683470E-6
4.480000E+1	 2.766760E-9	 9.999963E-3	 1.690884E-6
4.500000E+1	 2.767689E-9	 9.999927E-3	 1.696749E-6
4.480000E+1	 2.463555E-9	 9.999963E-3	 1.675702E-6
4.460000E+1	 2.377131E-9	 9.999995E-3	 1.655864E-6
4.440000E+1	 2.309654E-9	 9.999921E-3	 1.636822E-6
4.420000E+1	 2.265597E-9	 9.999775E-3	 1.617603E-6
4.400000E+1	 2.201877E-9	 1.000001E-2	 1.599834E-6
4.380000E+1	 2.181453E-9	 1.000001E-2	 1.582442E-6
4.360000E+1	 2.131995E-9	 1.000002E-2	 1.564722E-6
4.340000E+1	 2.102961E-9	 9.999979E-3	 1.547574E-6
4.320000E+1	 2.066796E-9	 9.999882E-3	 1.529747E-6
4.300000E+1	 2.029828E-9	 9.999691E-3	 1.512061E-6
4.280000E+1	 2.006830E-9	 1.000000E-2	 1.496044E-6
4.260000E+1	 1.975391E-9	 1.000002E-2	 1.479580E-6
4.240000E+1	 1.963914E-9	 9.999848E-3	 1.463264E-6
4.220000E+1	 1.919267E-9	 1.000017E-2	 1.446893E-6
4.200000E+1	 1.905847E-9	 1.000009E-2	 1.431114E-6
4.180000E+1	 1.878585E-9	 9.999852E-3	 1.414842E-6
4.160000E+1	 1.853689E-9	 1.000011E-2	 1.399181E-6
4.140000E+1	 1.834994E-9	 9.999991E-3	 1.383743E-6
4.120000E+1	 1.827777E-9	 9.999941E-3	 1.367546E-6
4.100000E+1	 1.804610E-9	 1.000001E-2	 1.352594E-6
4.080000E+1	 1.781231E-9	 1.000004E-2	 1.336905E-6
4.060000E+1	 1.755574E-9	 9.999756E-3	 1.321824E-6
4.040000E+1	 1.743632E-9	 9.999977E-3	 1.306429E-6
4.020000E+1	 1.719789E-9	 1.000002E-2	 1.291571E-6
4.000000E+1	 1.717637E-9	 1.000005E-2	 1.276020E-6
3.980000E+1	 1.678011E-9	 1.000004E-2	 1.261672E-6
3.960000E+1	 1.670204E-9	 9.999976E-3	 1.246937E-6
3.940000E+1	 1.645602E-9	 1.000005E-2	 1.232745E-6
3.920000E+1	 1.642225E-9	 1.000016E-2	 1.219023E-6
3.900000E+1	 1.611084E-9	 9.999921E-3	 1.204708E-6
3.880000E+1	 1.607833E-9	 9.999854E-3	 1.191531E-6
3.860000E+1	 1.583231E-9	 1.000007E-2	 1.178145E-6
3.840000E+1	 1.572724E-9	 9.999952E-3	 1.165171E-6
3.820000E+1	 1.556983E-9	 9.999993E-3	 1.153089E-6
3.800000E+1	 1.539766E-9	 1.000000E-2	 1.141009E-6
3.780000E+1	 1.527149E-9	 9.999942E-3	 1.130048E-6
3.760000E+1	 1.506302E-9	 9.999963E-3	 1.118049E-6
3.740000E+1	 1.485666E-9	 9.999931E-3	 1.107794E-6
3.720000E+1	 1.483936E-9	 9.999764E-3	 1.097568E-6
3.700000E+1	 1.468534E-9	 9.999860E-3	 1.088023E-6
3.680000E+1	 1.456252E-9	 1.000006E-2	 1.079863E-6
3.660000E+1	 1.450682E-9	 1.000001E-2	 1.070678E-6
3.640000E+1	 1.434436E-9	 9.999950E-3	 1.062690E-6
3.620000E+1	 1.410382E-9	 9.999930E-3	 1.055946E-6
3.600000E+1	 1.405486E-9	 1.000016E-2	 1.050062E-6
3.580000E+1	 1.375905E-9	 9.999976E-3	 1.044594E-6
3.560000E+1	 1.367718E-9	 9.999942E-3	 1.040388E-6
3.540000E+1	 1.361093E-9	 9.999938E-3	 1.036237E-6
3.520000E+1	 1.345183E-9	 1.000016E-2	 1.033099E-6
3.500000E+1	 1.338558E-9	 1.000003E-2	 1.031005E-6
3.480000E+1	 1.331258E-9	 1.000011E-2	 1.030542E-6
3.460000E+1	 1.292941E-9	 9.999952E-3	 1.029903E-6
3.440000E+1	 1.300452E-9	 9.999932E-3	 1.030749E-6
3.420000E+1	 1.277833E-9	 9.999976E-3	 1.032690E-6
3.400000E+1	 1.267748E-9	 1.000006E-2	 1.035461E-6
3.380000E+1	 1.256269E-9	 1.000008E-2	 1.039098E-6
3.360000E+1	 1.253062E-9	 1.000004E-2	 1.044147E-6
3.340000E+1	 1.228080E-9	 9.999976E-3	 1.050273E-6
3.320000E+1	 1.216011E-9	 9.999976E-3	 1.057318E-6
3.300000E+1	 1.209554E-9	 9.999952E-3	 1.065327E-6
3.280000E+1	 1.202338E-9	 9.999974E-3	 1.074012E-6
3.260000E+1	 1.185542E-9	 9.999991E-3	 1.084310E-6
3.240000E+1	 1.180647E-9	 9.999913E-3	 1.096615E-6
3.220000E+1	 1.166046E-9	 9.999915E-3	 1.108130E-6
3.200000E+1	 1.155834E-9	 9.999811E-3	 1.121686E-6
3.180000E+1	 1.144440E-9	 9.999961E-3	 1.136874E-6
3.160000E+1	 1.123003E-9	 9.999869E-3	 1.151900E-6
3.140000E+1	 1.121569E-9	 9.999917E-3	 1.169414E-6
3.120000E+1	 1.101270E-9	 9.999877E-3	 1.186724E-6
3.100000E+1	 1.089117E-9	 9.999769E-3	 1.205525E-6
3.080000E+1	 1.079917E-9	 1.000004E-2	 1.225449E-6
3.060000E+1	 1.072701E-9	 9.999856E-3	 1.246339E-6
3.040000E+1	 1.047128E-9	 9.999977E-3	 1.268763E-6
3.020000E+1	 1.040250E-9	 9.999852E-3	 1.290213E-6
3.000000E+1	 1.028560E-9	 9.999906E-3	 1.314104E-6
2.980000E+1	 1.015647E-9	 9.999952E-3	 1.340051E-6
2.960000E+1	 1.004844E-9	 9.999868E-3	 1.364881E-6
2.940000E+1	 9.997378E-10	 9.999761E-3	 1.391774E-6
2.920000E+1	 9.952653E-10	 1.000001E-2	 1.418842E-6
2.900000E+1	 9.681737E-10	 9.999968E-3	 1.446808E-6
2.880000E+1	 9.690588E-10	 1.000003E-2	 1.475407E-6
2.860000E+1	 9.478331E-10	 9.999837E-3	 1.504648E-6
2.840000E+1	 9.393928E-10	 9.999857E-3	 1.534844E-6
2.820000E+1	 9.190522E-10	 9.999967E-3	 1.565631E-6
2.800000E+1	 9.051687E-10	 9.999909E-3	 1.597112E-6
2.780000E+1	 9.057172E-10	 9.999976E-3	 1.630188E-6
2.760000E+1	 8.971078E-10	 9.999941E-3	 1.662822E-6
2.740000E+1	 8.816214E-10	 1.000004E-2	 1.696086E-6
2.720000E+1	 8.731819E-10	 9.999949E-3	 1.730455E-6
2.700000E+1	 8.673157E-10	 9.999804E-3	 1.764274E-6
2.680000E+1	 8.546137E-10	 9.999924E-3	 1.799150E-6
2.660000E+1	 8.489592E-10	 9.999792E-3	 1.831850E-6
2.640000E+1	 8.248205E-10	 9.999833E-3	 1.868570E-6
2.620000E+1	 7.979821E-10	 9.999914E-3	 1.904114E-6
2.600000E+1	 8.038061E-10	 1.000001E-2	 1.939850E-6
2.580000E+1	 7.989521E-10	 9.999816E-3	 1.977445E-6
2.560000E+1	 7.716492E-10	 1.000003E-2	 2.012945E-6
2.540000E+1	 7.771783E-10	 9.999811E-3	 2.049732E-6
2.520000E+1	 7.650239E-10	 1.000002E-2	 2.086044E-6
2.500000E+1	 7.407173E-10	 1.000004E-2	 2.123289E-6
2.480000E+1	 7.358220E-10	 9.999895E-3	 2.159381E-6
2.460000E+1	 7.342606E-10	 1.000005E-2	 2.196819E-6
2.440000E+1	 7.296607E-10	 1.000000E-2	 2.235342E-6
2.420000E+1	 7.175918E-10	 1.000007E-2	 2.272822E-6
2.400000E+1	 6.995304E-10	 1.000007E-2	 2.310122E-6
2.380000E+1	 6.797812E-10	 9.999857E-3	 2.347420E-6
2.360000E+1	 6.799917E-10	 1.000013E-2	 2.384416E-6
2.340000E+1	 6.680491E-10	 1.000005E-2	 2.423036E-6
2.320000E+1	 6.497771E-10	 1.000002E-2	 2.460243E-6
2.300000E+1	 6.458525E-10	 9.999865E-3	 2.497139E-6
2.280000E+1	 6.345854E-10	 1.000003E-2	 2.533887E-6
2.260000E+1	 6.273690E-10	 1.000005E-2	 2.571843E-6
2.240000E+1	 6.183387E-10	 9.999971E-3	 2.609386E-6
2.220000E+1	 5.885459E-10	 1.000013E-2	 2.645736E-6
2.200000E+1	 5.890515E-10	 9.999825E-3	 2.682852E-6
2.180000E+1	 5.779955E-10	 1.000002E-2	 2.719941E-6
2.160000E+1	 5.717502E-10	 1.000005E-2	 2.758999E-6
2.140000E+1	 5.638586E-10	 9.999938E-3	 2.795340E-6
2.120000E+1	 5.356275E-10	 9.999999E-3	 2.832857E-6
2.100000E+1	 5.388343E-10	 1.000013E-2	 2.867380E-6
2.080000E+1	 5.194228E-10	 1.000006E-2	 2.905727E-6
2.060000E+1	 5.133039E-10	 1.000019E-2	 2.943962E-6
2.040000E+1	 5.095053E-10	 9.999973E-3	 2.978724E-6
2.020000E+1	 4.780670E-10	 9.999958E-3	 3.017429E-6
2.000000E+1	 4.844391E-10	 9.999963E-3	 3.051834E-6
1.980000E+1	 4.592881E-10	 1.000010E-2	 3.090254E-6
1.960000E+1	 4.469661E-10	 1.000005E-2	 3.123721E-6
1.940000E+1	 4.530849E-10	 1.000007E-2	 3.158998E-6
1.920000E+1	 4.368800E-10	 1.000018E-2	 3.196797E-6
1.900000E+1	 4.184387E-10	 9.999939E-3	 3.232822E-6
1.880000E+1	 4.090709E-10	 1.000012E-2	 3.268102E-6
1.860000E+1	 4.037960E-10	 9.999990E-3	 3.304220E-6
1.840000E+1	 3.957779E-10	 1.000013E-2	 3.338646E-6
1.820000E+1	 3.929506E-10	 1.000007E-2	 3.374439E-6
1.800000E+1	 3.673354E-10	 1.000002E-2	 3.409773E-6
1.780000E+1	 3.618496E-10	 9.999836E-3	 3.443691E-6
1.760000E+1	 3.498226E-10	 9.999986E-3	 3.478667E-6
1.740000E+1	 3.275410E-10	 1.000004E-2	 3.514049E-6
1.720000E+1	 3.264441E-10	 1.000002E-2	 3.546326E-6
1.700000E+1	 3.233214E-10	 1.000006E-2	 3.579369E-6
1.680000E+1	 3.211691E-10	 9.999929E-3	 3.614490E-6
1.660000E+1	 2.946252E-10	 9.999907E-3	 3.649458E-6
1.640000E+1	 2.827677E-10	 9.999975E-3	 3.681539E-6
1.620000E+1	 2.831050E-10	 9.999822E-3	 3.715182E-6
1.600000E+1	 2.593047E-10	 9.999971E-3	 3.749931E-6
1.580000E+1	 2.546626E-10	 9.999895E-3	 3.784549E-6
1.560000E+1	 2.408636E-10	 9.999858E-3	 3.814896E-6
1.540000E+1	 2.339425E-10	 9.999981E-3	 3.850274E-6
1.520000E+1	 2.236881E-10	 9.999967E-3	 3.881513E-6
1.500000E+1	 2.210718E-10	 9.999820E-3	 3.913237E-6
1.480000E+1	 1.970181E-10	 9.999868E-3	 3.947124E-6
1.460000E+1	 1.935999E-10	 9.999828E-3	 3.978493E-6
1.440000E+1	 1.857509E-10	 9.999872E-3	 4.008566E-6
1.420000E+1	 1.725001E-10	 9.999820E-3	 4.042156E-6
1.400000E+1	 1.564642E-10	 9.999861E-3	 4.074502E-6
1.380000E+1	 1.486153E-10	 9.999983E-3	 4.103717E-6
1.360000E+1	 1.388248E-10	 9.999872E-3	 4.136180E-6
1.340000E+1	 1.275153E-10	 9.999991E-3	 4.169251E-6
1.320000E+1	 1.122391E-10	 1.000000E-2	 4.200601E-6
1.300000E+1	 9.734269E-11	 9.999921E-3	 4.229414E-6
1.280000E+1	 1.059935E-10	 9.999938E-3	 4.261107E-6
1.260000E+1	 7.725567E-11	 1.000005E-2	 4.291007E-6
1.240000E+1	 7.054593E-11	 9.999844E-3	 4.321526E-6
1.220000E+1	 5.687323E-11	 9.999913E-3	 4.353052E-6
1.200000E+1	 4.412903E-11	 9.999998E-3	 4.382349E-6
1.180000E+1	 3.189131E-11	 9.999942E-3	 4.411634E-6
1.160000E+1	 3.184893E-11	 9.999817E-3	 4.440229E-6
1.140000E+1	 2.167885E-11	 9.999943E-3	 4.470514E-6
1.120000E+1	 1.138230E-11	 1.000017E-2	 4.502145E-6
1.100000E+1	 3.659711E-12	 1.000008E-2	 4.531669E-6
1.080000E+1	 -6.172673E-12	 9.999930E-3	 4.561990E-6
1.060000E+1	 -2.402317E-11	 1.000000E-2	 4.590303E-6
1.040000E+1	 -3.794895E-11	 9.999931E-3	 4.619937E-6
1.020000E+1	 -5.124198E-11	 1.000007E-2	 4.647116E-6
1.000000E+1	 -5.955531E-11	 1.000000E-2	 4.675102E-6
9.800000E+0	 -6.862809E-11	 9.999724E-3	 4.702160E-6
9.600000E+0	 -7.318564E-11	 1.000001E-2	 4.731757E-6
9.400001E+0	 -9.335700E-11	 1.000002E-2	 4.760281E-6
9.200001E+0	 -9.664864E-11	 1.000000E-2	 4.788003E-6
9.000000E+0	 -1.141192E-10	 9.999827E-3	 4.814253E-6
8.800000E+0	 -1.060591E-10	 9.999839E-3	 4.842881E-6
8.600000E+0	 -1.236985E-10	 9.999855E-3	 4.870913E-6
8.400001E+0	 -1.395234E-10	 9.999938E-3	 4.896790E-6
8.200000E+0	 -1.532382E-10	 9.999799E-3	 4.923645E-6
8.000000E+0	 -1.633661E-10	 9.999897E-3	 4.948577E-6
7.800000E+0	 -1.709620E-10	 9.999844E-3	 4.974334E-6
7.600000E+0	 -1.758572E-10	 9.999904E-3	 5.001787E-6
7.400000E+0	 -1.881794E-10	 9.999856E-3	 5.027271E-6
7.200000E+0	 -2.050601E-10	 9.999844E-3	 5.051777E-6
7.000000E+0	 -2.035408E-10	 9.999778E-3	 5.075251E-6
6.800000E+0	 -2.123189E-10	 9.999969E-3	 5.098038E-6
6.600000E+0	 -2.469668E-10	 9.999994E-3	 5.123264E-6
6.400000E+0	 -2.540145E-10	 9.999897E-3	 5.143320E-6
6.200000E+0	 -2.478530E-10	 1.000009E-2	 5.165337E-6
6.000000E+0	 -2.577283E-10	 1.000006E-2	 5.184166E-6
5.800000E+0	 -2.726678E-10	 9.999879E-3	 5.204509E-6
5.600000E+0	 -2.673082E-10	 9.999956E-3	 5.223302E-6
5.400000E+0	 -2.967653E-10	 9.999773E-3	 5.244290E-6
5.200000E+0	 -3.096368E-10	 9.999652E-3	 5.260228E-6
5.000000E+0	 -3.220019E-10	 9.999805E-3	 5.278902E-6
4.800000E+0	 -3.288810E-10	 9.999904E-3	 5.297063E-6
4.600000E+0	 -3.337764E-10	 9.999840E-3	 5.314015E-6
4.400000E+0	 -3.451709E-10	 9.999905E-3	 5.328091E-6
4.200000E+0	 -3.537801E-10	 9.999782E-3	 5.347017E-6
4.000000E+0	 -3.598995E-10	 9.999876E-3	 5.363517E-6
3.800000E+0	 -3.737418E-10	 9.999882E-3	 5.377839E-6
3.600000E+0	 -3.903272E-10	 9.999761E-3	 5.394413E-6
3.400000E+0	 -4.069548E-10	 9.999867E-3	 5.407705E-6
3.200000E+0	 -4.127787E-10	 9.999829E-3	 5.424204E-6
3.000000E+0	 -4.124411E-10	 1.000002E-2	 5.438424E-6
2.800000E+0	 -4.268741E-10	 1.000001E-2	 5.452884E-6
2.600000E+0	 -4.386907E-10	 9.999774E-3	 5.469784E-6
2.400000E+0	 -4.494523E-10	 9.999842E-3	 5.486450E-6
2.200000E+0	 -4.610999E-10	 9.999855E-3	 5.506824E-6
2.000000E+0	 -4.686121E-10	 9.999886E-3	 5.527839E-6
1.800000E+0	 -4.813993E-10	 1.000006E-2	 5.551139E-6
1.600000E+0	 -4.961278E-10	 9.999951E-3	 5.574440E-6
1.400000E+0	 -5.144857E-10	 9.999854E-3	 5.596752E-6
1.200000E+0	 -5.451666E-10	 9.999793E-3	 5.618836E-6
1.000000E+0	 -5.691375E-10	 9.999885E-3	 5.644234E-6
8.000002E-1	 -5.899007E-10	 9.999968E-3	 5.673446E-6
6.000001E-1	 -6.061906E-10	 9.999901E-3	 5.718321E-6
4.000002E-1	 -6.278825E-10	 9.999669E-3	 5.773551E-6
2.000002E-1	 -6.100734E-10	 9.999927E-3	 5.798032E-6
1.490116E-7	 -5.940786E-10	 1.000005E-2	 5.812855E-6
-1.999999E-1	 -5.926438E-10	 9.999914E-3	 5.819184E-6
-3.999999E-1	 -5.915461E-10	 1.000004E-2	 5.827368E-6
-5.999998E-1	 -5.978345E-10	 9.999924E-3	 5.833862E-6
-7.999998E-1	 -6.199904E-10	 9.999948E-3	 5.835492E-6
-9.999999E-1	 -6.401210E-10	 9.999735E-3	 5.840532E-6
-1.200000E+0	 -6.256879E-10	 1.000009E-2	 5.845887E-6
-1.400000E+0	 -6.394034E-10	 9.999929E-3	 5.848386E-6
-1.600000E+0	 -6.615171E-10	 9.999890E-3	 5.853644E-6
-1.800000E+0	 -6.628255E-10	 1.000007E-2	 5.857531E-6
-2.000000E+0	 -6.748955E-10	 9.999831E-3	 5.858491E-6
-2.200000E+0	 -6.739669E-10	 9.999874E-3	 5.860866E-6
-2.400000E+0	 -6.980223E-10	 9.999687E-3	 5.865161E-6
-2.600000E+0	 -7.030861E-10	 9.999930E-3	 5.868858E-6
-2.800000E+0	 -7.122440E-10	 9.999854E-3	 5.872964E-6
-3.000000E+0	 -7.328386E-10	 9.999831E-3	 5.876154E-6
-3.200000E+0	 -7.295469E-10	 1.000005E-2	 5.877390E-6
-3.400000E+0	 -7.522098E-10	 9.999906E-3	 5.877913E-6
-3.600000E+0	 -7.620849E-10	 1.000006E-2	 5.883440E-6
-3.800000E+0	 -7.600591E-10	 9.999888E-3	 5.887137E-6
-4.000000E+0	 -7.739016E-10	 9.999902E-3	 5.887508E-6
-4.200000E+0	 -7.776991E-10	 9.999722E-3	 5.890391E-6
-4.400000E+0	 -8.015439E-10	 9.999854E-3	 5.895628E-6
-4.600000E+0	 -8.109125E-10	 9.999983E-3	 5.896747E-6
-4.800000E+0	 -8.107858E-10	 9.999932E-3	 5.900478E-6
-5.000000E+0	 -8.378795E-10	 9.999840E-3	 5.903127E-6
-5.200000E+0	 -8.315494E-10	 9.999976E-3	 5.906496E-6
-5.400000E+0	 -8.577989E-10	 9.999990E-3	 5.909662E-6
-5.600000E+0	 -8.588539E-10	 9.999762E-3	 5.910271E-6
-5.800000E+0	 -8.765787E-10	 9.999854E-3	 5.914932E-6
-6.000000E+0	 -8.798284E-10	 9.999850E-3	 5.915065E-6
-6.200000E+0	 -8.907163E-10	 9.999880E-3	 5.921244E-6
-6.400000E+0	 -8.964562E-10	 9.999893E-3	 5.921055E-6
-6.600000E+0	 -9.111002E-10	 9.999830E-3	 5.923564E-6
-6.800000E+0	 -9.193297E-10	 9.999782E-3	 5.927932E-6
-7.000000E+0	 -9.441866E-10	 9.999786E-3	 5.930830E-6
-7.200000E+0	 -9.445662E-10	 9.999833E-3	 5.935987E-6
-7.400000E+0	 -9.563406E-10	 9.999773E-3	 5.937236E-6
-7.600000E+0	 -9.815774E-10	 9.999783E-3	 5.940017E-6
-7.800000E+0	 -9.716600E-10	 9.999876E-3	 5.943792E-6
-8.000000E+0	 -9.861353E-10	 9.999782E-3	 5.946954E-6
-8.200000E+0	 -1.007532E-9	 9.999850E-3	 5.949397E-6
-8.400000E+0	 -1.009262E-9	 9.999769E-3	 5.950385E-6
-8.600000E+0	 -1.011499E-9	 9.999900E-3	 5.953587E-6
-8.800000E+0	 -1.025088E-9	 9.999767E-3	 5.955246E-6
-9.000000E+0	 -1.027113E-9	 9.999748E-3	 5.959291E-6
-9.200000E+0	 -1.046864E-9	 1.000006E-2	 5.962608E-6
-9.400000E+0	 -1.063197E-9	 9.999876E-3	 5.966929E-6
-9.600000E+0	 -1.077334E-9	 9.999914E-3	 5.968076E-6
-9.800000E+0	 -1.086619E-9	 9.999899E-3	 5.969657E-6
-1.000000E+1	 -1.105989E-9	 9.999829E-3	 5.971721E-6
