-1.000000E+1	 -1.133252E-9	 9.999918E-3	 6.069130E-6
-9.800000E+0	 -9.449461E-10	 9.999942E-3	 6.023157E-6
-9.600000E+0	 -8.310430E-10	 9.999795E-3	 5.981258E-6
-9.400000E+0	 -7.506482E-10	 9.999713E-3	 5.941105E-6
-9.200000E+0	 -7.034239E-10	 9.999941E-3	 5.900545E-6
-9.000000E+0	 -6.359853E-10	 9.999844E-3	 5.860349E-6
-8.800000E+0	 -5.908711E-10	 9.999794E-3	 5.823249E-6
-8.600000E+0	 -5.418324E-10	 9.999650E-3	 5.783083E-6
-8.400000E+0	 -5.049901E-10	 9.999825E-3	 5.745875E-6
-8.200000E+0	 -4.543897E-10	 9.999909E-3	 5.710237E-6
-8.000000E+0	 -4.184758E-10	 9.999800E-3	 5.676043E-6
-7.800000E+0	 -3.861069E-10	 9.999862E-3	 5.637874E-6
-7.600000E+0	 -3.616296E-10	 9.999800E-3	 5.603236E-6
-7.400000E+0	 -3.252515E-10	 9.999810E-3	 5.569533E-6
-7.200000E+0	 -2.926716E-10	 9.999933E-3	 5.535371E-6
-7.000000E+0	 -2.734696E-10	 9.999754E-3	 5.501983E-6
-6.800000E+0	 -2.482750E-10	 9.999610E-3	 5.469557E-6
-6.600000E+0	 -2.246840E-10	 9.999999E-3	 5.436927E-6
-6.400000E+0	 -1.931169E-10	 9.999907E-3	 5.403762E-6
-6.200000E+0	 -1.721014E-10	 1.000002E-2	 5.370751E-6
-6.000000E+0	 -1.474147E-10	 1.000003E-2	 5.342234E-6
-5.800000E+0	 -1.276653E-10	 9.999828E-3	 5.307023E-6
-5.600000E+0	 -1.045821E-10	 9.999798E-3	 5.277655E-6
-5.400000E+0	 -8.677398E-11	 9.999778E-3	 5.244838E-6
-5.200000E+0	 -5.841584E-11	 9.999930E-3	 5.213237E-6
-5.000000E+0	 -5.204373E-11	 9.999888E-3	 5.182189E-6
-4.800000E+0	 -3.242108E-11	 9.999824E-3	 5.153358E-6
-4.600000E+0	 -1.452832E-11	 9.999984E-3	 5.124686E-6
-4.400000E+0	 6.909015E-12	 9.999911E-3	 5.094638E-6
-4.200000E+0	 3.661745E-11	 9.999814E-3	 5.065870E-6
-4.000000E+0	 4.045757E-11	 9.999849E-3	 5.035797E-6
-3.800000E+0	 5.231565E-11	 1.000011E-2	 5.006546E-6
-3.600000E+0	 8.404963E-11	 1.000005E-2	 4.978121E-6
-3.400000E+0	 9.907261E-11	 9.999811E-3	 4.948457E-6
-3.200000E+0	 1.108042E-10	 9.999988E-3	 4.917817E-6
-3.000000E+0	 1.404281E-10	 9.999909E-3	 4.890467E-6
-2.800000E+0	 1.440573E-10	 9.999856E-3	 4.860730E-6
-2.600000E+0	 1.631738E-10	 9.999885E-3	 4.834509E-6
-2.400000E+0	 1.785345E-10	 9.999920E-3	 4.806798E-6
-2.200000E+0	 1.919116E-10	 9.999837E-3	 4.775986E-6
-2.000000E+0	 2.012799E-10	 9.999907E-3	 4.749939E-6
-1.800000E+0	 2.182021E-10	 9.999886E-3	 4.721413E-6
-1.600000E+0	 2.198480E-10	 9.999774E-3	 4.694672E-6
-1.400000E+0	 2.373184E-10	 9.999900E-3	 4.667600E-6
-1.200000E+0	 2.468557E-10	 9.999876E-3	 4.638302E-6
-9.999999E-1	 2.683350E-10	 9.999944E-3	 4.613792E-6
-7.999998E-1	 2.833160E-10	 9.999808E-3	 4.585242E-6
-5.999998E-1	 2.946253E-10	 9.999897E-3	 4.558194E-6
-3.999999E-1	 3.133618E-10	 1.000001E-2	 4.531822E-6
-1.999999E-1	 3.118854E-10	 9.999887E-3	 4.503518E-6
1.490116E-7	 3.247981E-10	 9.999992E-3	 4.476633E-6
2.000002E-1	 3.454341E-10	 1.000000E-2	 4.449542E-6
4.000002E-1	 3.586847E-10	 9.999861E-3	 4.422377E-6
6.000001E-1	 3.749738E-10	 9.999951E-3	 4.394883E-6
8.000002E-1	 3.822740E-10	 9.999763E-3	 4.369004E-6
1.000000E+0	 3.986055E-10	 9.999812E-3	 4.344206E-6
1.200000E+0	 4.041754E-10	 9.999825E-3	 4.314904E-6
1.400000E+0	 4.160761E-10	 9.999925E-3	 4.289251E-6
1.600000E+0	 4.430418E-10	 9.999956E-3	 4.262644E-6
1.800000E+0	 4.540558E-10	 9.999860E-3	 4.238304E-6
2.000000E+0	 4.516501E-10	 9.999830E-3	 4.210241E-6
2.200000E+0	 4.032473E-10	 9.999672E-3	 4.184765E-6
2.400000E+0	 4.717371E-10	 9.999975E-3	 4.159965E-6
2.600000E+0	 5.123756E-10	 9.999883E-3	 4.135277E-6
2.800000E+0	 5.190008E-10	 9.999776E-3	 4.109195E-6
3.000000E+0	 5.292552E-10	 9.999973E-3	 4.083708E-6
3.200000E+0	 5.688381E-10	 9.999930E-3	 4.060202E-6
3.400000E+0	 5.812449E-10	 9.999897E-3	 4.037160E-6
3.600000E+0	 5.602715E-10	 9.999970E-3	 4.013556E-6
3.800000E+0	 5.607782E-10	 9.999885E-3	 3.990155E-6
4.000000E+0	 5.749997E-10	 1.000001E-2	 3.965662E-6
4.200000E+0	 5.815403E-10	 9.999877E-3	 3.941727E-6
4.400000E+0	 5.913730E-10	 9.999833E-3	 3.919217E-6
4.600000E+0	 6.085905E-10	 1.000005E-2	 3.895657E-6
4.800000E+0	 6.253854E-10	 9.999976E-3	 3.872650E-6
5.000000E+0	 6.185071E-10	 9.999843E-3	 3.847757E-6
5.200000E+0	 6.447971E-10	 1.000009E-2	 3.821583E-6
5.400000E+0	 6.551782E-10	 1.000001E-2	 3.800811E-6
5.600000E+0	 6.599050E-10	 9.999979E-3	 3.776387E-6
5.800000E+0	 6.994462E-10	 9.999720E-3	 3.753718E-6
6.000000E+0	 6.704974E-10	 9.999807E-3	 3.729245E-6
6.200000E+0	 6.980955E-10	 9.999848E-3	 3.707414E-6
6.400000E+0	 7.111348E-10	 9.999899E-3	 3.683238E-6
6.600000E+0	 7.185204E-10	 9.999750E-3	 3.658713E-6
6.800000E+0	 7.390707E-10	 9.999944E-3	 3.634057E-6
7.000000E+0	 7.505916E-10	 9.999780E-3	 3.611252E-6
7.200000E+0	 7.503810E-10	 1.000001E-2	 3.584425E-6
7.400000E+0	 7.738438E-10	 1.000003E-2	 3.559117E-6
7.600000E+0	 7.790342E-10	 9.999810E-3	 3.535020E-6
7.800000E+0	 7.962940E-10	 9.999799E-3	 3.508402E-6
8.000000E+0	 8.101771E-10	 9.999778E-3	 3.484660E-6
8.200000E+0	 8.155795E-10	 1.000001E-2	 3.457173E-6
8.400001E+0	 8.224150E-10	 9.999828E-3	 3.430708E-6
8.600000E+0	 8.193768E-10	 9.999863E-3	 3.404582E-6
8.800000E+0	 8.457518E-10	 9.999895E-3	 3.378624E-6
9.000000E+0	 8.453297E-10	 9.999875E-3	 3.352367E-6
9.200001E+0	 8.646572E-10	 9.999876E-3	 3.326432E-6
9.400001E+0	 8.859676E-10	 9.999838E-3	 3.300105E-6
9.600000E+0	 8.646150E-10	 9.999787E-3	 3.266686E-6
9.800000E+0	 8.866008E-10	 9.999860E-3	 3.244030E-6
1.000000E+1	 9.139042E-10	 9.999739E-3	 3.216234E-6
1.020000E+1	 9.269017E-10	 9.999963E-3	 3.187939E-6
1.040000E+1	 9.388863E-10	 9.999927E-3	 3.163595E-6
1.060000E+1	 9.461452E-10	 9.999803E-3	 3.135730E-6
1.080000E+1	 8.585381E-10	 9.999907E-3	 3.108550E-6
1.100000E+1	 9.702413E-10	 9.999869E-3	 3.082416E-6
1.120000E+1	 9.725192E-10	 9.999812E-3	 3.055910E-6
1.140000E+1	 9.820141E-10	 9.999952E-3	 3.027659E-6
1.160000E+1	 9.952649E-10	 9.999841E-3	 3.001881E-6
1.180000E+1	 1.015478E-9	 1.000003E-2	 2.973231E-6
1.200000E+1	 1.016196E-9	 9.999904E-3	 2.948677E-6
1.220000E+1	 1.038984E-9	 9.999968E-3	 2.921744E-6
1.240000E+1	 1.029404E-9	 9.999833E-3	 2.896118E-6
1.260000E+1	 1.045272E-9	 9.999971E-3	 2.869519E-6
1.280000E+1	 1.046917E-9	 1.000003E-2	 2.835769E-6
1.300000E+1	 1.068354E-9	 9.999925E-3	 2.810942E-6
1.320000E+1	 1.088694E-9	 9.999827E-3	 2.784808E-6
1.340000E+1	 1.107853E-9	 9.999875E-3	 2.757286E-6
1.360000E+1	 1.124058E-9	 1.000000E-2	 2.732610E-6
1.380000E+1	 1.126632E-9	 9.999962E-3	 2.705511E-6
1.400000E+1	 1.128953E-9	 1.000000E-2	 2.679078E-6
1.420000E+1	 1.135410E-9	 9.999814E-3	 2.652700E-6
1.440000E+1	 1.152669E-9	 9.999870E-3	 2.626163E-6
1.460000E+1	 1.164823E-9	 9.999860E-3	 2.598647E-6
1.480000E+1	 1.170266E-9	 9.999872E-3	 2.573814E-6
1.500000E+1	 1.178748E-9	 9.999957E-3	 2.547946E-6
1.520000E+1	 1.201537E-9	 9.999992E-3	 2.522121E-6
1.540000E+1	 1.202169E-9	 9.999958E-3	 2.495325E-6
1.560000E+1	 1.209470E-9	 1.000000E-2	 2.469488E-6
1.580000E+1	 1.221961E-9	 9.999908E-3	 2.443218E-6
1.600000E+1	 1.234410E-9	 9.999748E-3	 2.417450E-6
1.620000E+1	 1.240191E-9	 9.999788E-3	 2.390292E-6
1.640000E+1	 1.262008E-9	 9.999848E-3	 2.365301E-6
1.660000E+1	 1.262050E-9	 9.999991E-3	 2.339725E-6
1.680000E+1	 1.284628E-9	 9.999766E-3	 2.312903E-6
1.700000E+1	 1.283192E-9	 9.999848E-3	 2.287551E-6
1.720000E+1	 1.295177E-9	 9.999707E-3	 2.262092E-6
1.740000E+1	 1.299609E-9	 9.999725E-3	 2.236846E-6
1.760000E+1	 1.316657E-9	 9.999755E-3	 2.212533E-6
1.780000E+1	 1.319990E-9	 9.999860E-3	 2.188715E-6
1.800000E+1	 1.336447E-9	 9.999746E-3	 2.157035E-6
1.820000E+1	 1.338221E-9	 9.999883E-3	 2.133584E-6
1.840000E+1	 1.361472E-9	 9.999803E-3	 2.108995E-6
1.860000E+1	 1.388185E-9	 9.999995E-3	 2.084595E-6
1.880000E+1	 1.382108E-9	 9.999895E-3	 2.060742E-6
1.900000E+1	 1.399241E-9	 9.999908E-3	 2.035430E-6
1.920000E+1	 1.407343E-9	 9.999874E-3	 2.011409E-6
1.940000E+1	 1.425531E-9	 9.999968E-3	 1.986960E-6
1.960000E+1	 1.423548E-9	 9.999745E-3	 1.962954E-6
1.980000E+1	 1.426671E-9	 1.000005E-2	 1.939156E-6
2.000000E+1	 1.435996E-9	 1.000015E-2	 1.918485E-6
2.020000E+1	 1.448277E-9	 9.999922E-3	 1.887589E-6
2.040000E+1	 1.459291E-9	 9.999957E-3	 1.866434E-6
2.060000E+1	 1.484738E-9	 9.999837E-3	 1.843999E-6
2.080000E+1	 1.481741E-9	 9.999801E-3	 1.822224E-6
2.100000E+1	 1.506976E-9	 9.999828E-3	 1.798498E-6
2.120000E+1	 1.539342E-9	 9.999762E-3	 1.778035E-6
2.140000E+1	 1.529808E-9	 9.999921E-3	 1.755409E-6
2.160000E+1	 1.532084E-9	 9.999969E-3	 1.733933E-6
2.180000E+1	 1.522548E-9	 9.999830E-3	 1.712677E-6
2.200000E+1	 1.545716E-9	 9.999954E-3	 1.691020E-6
2.220000E+1	 1.558629E-9	 1.000001E-2	 1.671303E-6
2.240000E+1	 1.572428E-9	 9.999924E-3	 1.649333E-6
2.260000E+1	 1.580361E-9	 9.999758E-3	 1.629828E-6
2.280000E+1	 1.589519E-9	 9.999959E-3	 1.609243E-6
2.300000E+1	 1.609690E-9	 9.999993E-3	 1.589702E-6
2.320000E+1	 1.609310E-9	 1.000001E-2	 1.570972E-6
2.340000E+1	 1.624374E-9	 9.999994E-3	 1.551443E-6
2.360000E+1	 1.634209E-9	 9.999850E-3	 1.531950E-6
2.380000E+1	 1.641129E-9	 9.999874E-3	 1.514779E-6
2.400000E+1	 1.643786E-9	 9.999993E-3	 1.495882E-6
2.420000E+1	 1.654338E-9	 9.999875E-3	 1.478859E-6
2.440000E+1	 1.678560E-9	 9.999955E-3	 1.460522E-6
2.460000E+1	 1.680585E-9	 1.000003E-2	 1.443601E-6
2.480000E+1	 1.691431E-9	 9.999786E-3	 1.428086E-6
2.500000E+1	 1.710041E-9	 9.999822E-3	 1.410505E-6
2.520000E+1	 1.710420E-9	 9.999946E-3	 1.394761E-6
2.540000E+1	 1.718270E-9	 9.999964E-3	 1.379227E-6
2.560000E+1	 1.730802E-9	 9.999948E-3	 1.363673E-6
2.580000E+1	 1.746333E-9	 9.999885E-3	 1.349368E-6
2.600000E+1	 1.757093E-9	 9.999852E-3	 1.333857E-6
2.620000E+1	 1.771187E-9	 9.999800E-3	 1.319978E-6
2.640000E+1	 1.767263E-9	 9.999876E-3	 1.306511E-6
2.660000E+1	 1.790516E-9	 9.999704E-3	 1.292963E-6
2.680000E+1	 1.792921E-9	 9.999898E-3	 1.280466E-6
2.700000E+1	 1.805749E-9	 9.999839E-3	 1.267929E-6
2.720000E+1	 1.813978E-9	 9.999982E-3	 1.255457E-6
2.740000E+1	 1.827777E-9	 9.999875E-3	 1.243704E-6
2.760000E+1	 1.850060E-9	 9.999863E-3	 1.231780E-6
2.780000E+1	 1.852127E-9	 9.999787E-3	 1.221362E-6
2.800000E+1	 1.853772E-9	 9.999789E-3	 1.210414E-6
2.820000E+1	 1.867951E-9	 9.999901E-3	 1.200699E-6
2.840000E+1	 1.888080E-9	 9.999828E-3	 1.190747E-6
2.860000E+1	 1.899559E-9	 9.999986E-3	 1.181564E-6
2.880000E+1	 1.890866E-9	 9.999930E-3	 1.172704E-6
2.900000E+1	 1.909139E-9	 9.999908E-3	 1.164162E-6
2.920000E+1	 1.923740E-9	 9.999882E-3	 1.156193E-6
2.940000E+1	 1.926482E-9	 9.999818E-3	 1.148627E-6
2.960000E+1	 1.947033E-9	 9.999854E-3	 1.141495E-6
2.980000E+1	 1.957796E-9	 1.000009E-2	 1.134907E-6
3.000000E+1	 1.962394E-9	 1.000004E-2	 1.129172E-6
3.020000E+1	 1.973536E-9	 9.999977E-3	 1.123031E-6
3.040000E+1	 1.979823E-9	 9.999971E-3	 1.117642E-6
3.060000E+1	 1.995606E-9	 9.999990E-3	 1.112457E-6
3.080000E+1	 1.999993E-9	 9.999933E-3	 1.108536E-6
3.100000E+1	 2.017591E-9	 1.000008E-2	 1.102912E-6
3.120000E+1	 2.024470E-9	 9.999911E-3	 1.098663E-6
3.140000E+1	 2.051983E-9	 9.999840E-3	 1.096458E-6
3.160000E+1	 2.072154E-9	 9.999921E-3	 1.093007E-6
3.180000E+1	 2.055571E-9	 9.999635E-3	 1.090214E-6
3.200000E+1	 2.080089E-9	 1.000010E-2	 1.088298E-6
3.220000E+1	 2.088907E-9	 9.999918E-3	 1.085734E-6
3.240000E+1	 2.093802E-9	 9.999875E-3	 1.084330E-6
3.260000E+1	 2.109966E-9	 9.999816E-3	 1.083401E-6
3.280000E+1	 2.127056E-9	 9.999996E-3	 1.082334E-6
3.300000E+1	 2.141658E-9	 9.999889E-3	 1.081755E-6
3.320000E+1	 2.144147E-9	 9.999909E-3	 1.081385E-6
3.340000E+1	 2.159929E-9	 1.000006E-2	 1.081557E-6
3.360000E+1	 2.155287E-9	 9.999917E-3	 1.081884E-6
3.380000E+1	 2.174026E-9	 1.000005E-2	 1.083206E-6
3.400000E+1	 2.186304E-9	 9.999839E-3	 1.083614E-6
3.420000E+1	 2.199386E-9	 9.999957E-3	 1.084974E-6
3.440000E+1	 2.198670E-9	 9.999926E-3	 1.086292E-6
3.460000E+1	 2.229306E-9	 9.999918E-3	 1.088350E-6
3.480000E+1	 2.216266E-9	 9.999913E-3	 1.090668E-6
3.500000E+1	 2.237239E-9	 9.999882E-3	 1.092796E-6
3.520000E+1	 2.232049E-9	 9.999949E-3	 1.095965E-6
3.540000E+1	 2.246565E-9	 1.000004E-2	 1.098696E-6
3.560000E+1	 2.258677E-9	 9.999836E-3	 1.101756E-6
3.580000E+1	 2.279776E-9	 9.999801E-3	 1.104984E-6
3.600000E+1	 2.282097E-9	 9.999995E-3	 1.108988E-6
3.620000E+1	 2.289988E-9	 9.999946E-3	 1.113042E-6
3.640000E+1	 2.302396E-9	 9.999814E-3	 1.116974E-6
3.660000E+1	 2.314888E-9	 9.999881E-3	 1.120792E-6
3.680000E+1	 2.319866E-9	 9.999888E-3	 1.125391E-6
3.700000E+1	 2.328264E-9	 9.999932E-3	 1.128995E-6
3.720000E+1	 2.338138E-9	 9.999901E-3	 1.134030E-6
3.740000E+1	 2.351642E-9	 9.999933E-3	 1.139576E-6
3.760000E+1	 2.350249E-9	 9.999948E-3	 1.144470E-6
3.780000E+1	 2.373797E-9	 9.999995E-3	 1.149869E-6
3.800000E+1	 2.371519E-9	 9.999906E-3	 1.154571E-6
3.820000E+1	 2.407052E-9	 9.999987E-3	 1.160126E-6
3.840000E+1	 2.401142E-9	 9.999854E-3	 1.166065E-6
3.860000E+1	 2.417474E-9	 1.000004E-2	 1.171995E-6
3.880000E+1	 2.429502E-9	 9.999843E-3	 1.177414E-6
3.900000E+1	 2.444989E-9	 1.000006E-2	 1.183902E-6
3.920000E+1	 2.439122E-9	 1.000009E-2	 1.189637E-6
3.940000E+1	 2.463050E-9	 9.999955E-3	 1.194591E-6
3.960000E+1	 2.449757E-9	 1.000018E-2	 1.204409E-6
3.980000E+1	 2.454061E-9	 9.999776E-3	 1.211091E-6
4.000000E+1	 2.400003E-9	 9.999920E-3	 1.218087E-6
4.020000E+1	 2.509974E-9	 1.000007E-2	 1.223417E-6
4.040000E+1	 2.512590E-9	 9.999994E-3	 1.229456E-6
4.060000E+1	 2.527868E-9	 9.999964E-3	 1.236099E-6
4.080000E+1	 2.542215E-9	 9.999971E-3	 1.242272E-6
4.100000E+1	 2.535759E-9	 9.999868E-3	 1.248823E-6
4.120000E+1	 2.548208E-9	 1.000005E-2	 1.255626E-6
4.140000E+1	 2.567408E-9	 9.999798E-3	 1.263380E-6
4.160000E+1	 2.578802E-9	 9.999999E-3	 1.268911E-6
4.180000E+1	 2.583993E-9	 1.000004E-2	 1.274794E-6
4.200000E+1	 2.596990E-9	 9.999994E-3	 1.281544E-6
4.220000E+1	 2.598807E-9	 9.999952E-3	 1.288852E-6
4.240000E+1	 2.616150E-9	 1.000004E-2	 1.295633E-6
4.260000E+1	 2.616825E-9	 9.999851E-3	 1.301929E-6
4.280000E+1	 2.623153E-9	 1.000007E-2	 1.308746E-6
4.300000E+1	 2.641048E-9	 9.999991E-3	 1.315961E-6
4.320000E+1	 2.656661E-9	 1.000007E-2	 1.322847E-6
4.340000E+1	 2.669574E-9	 1.000001E-2	 1.329829E-6
4.360000E+1	 2.670460E-9	 9.999991E-3	 1.336610E-6
4.380000E+1	 2.689661E-9	 9.999989E-3	 1.343680E-6
4.400000E+1	 2.696837E-9	 9.999811E-3	 1.350232E-6
4.420000E+1	 2.707722E-9	 9.999882E-3	 1.356241E-6
4.440000E+1	 2.711393E-9	 9.999968E-3	 1.363480E-6
4.460000E+1	 2.727725E-9	 9.999892E-3	 1.370018E-6
4.480000E+1	 2.732620E-9	 1.000003E-2	 1.376578E-6
4.500000E+1	 2.645731E-9	 9.999974E-3	 1.383919E-6
4.480000E+1	 2.449631E-9	 9.999854E-3	 1.359860E-6
4.460000E+1	 2.358900E-9	 9.999861E-3	 1.338216E-6
4.440000E+1	 2.296024E-9	 9.999970E-3	 1.317780E-6
4.420000E+1	 2.240110E-9	 9.999895E-3	 1.297786E-6
4.400000E+1	 2.183520E-9	 9.999977E-3	 1.279373E-6
4.380000E+1	 2.156384E-9	 9.999999E-3	 1.260669E-6
4.360000E+1	 2.124144E-9	 1.000008E-2	 1.243588E-6
4.340000E+1	 2.084435E-9	 9.999908E-3	 1.226320E-6
4.320000E+1	 2.043373E-9	 9.999869E-3	 1.209698E-6
4.300000E+1	 2.007422E-9	 9.999938E-3	 1.193837E-6
4.280000E+1	 1.991427E-9	 9.999959E-3	 1.178896E-6
4.260000E+1	 1.945303E-9	 1.000010E-2	 1.164466E-6
4.240000E+1	 1.929098E-9	 1.000003E-2	 1.150709E-6
4.220000E+1	 1.913528E-9	 9.999956E-3	 1.138078E-6
4.200000E+1	 1.873816E-9	 9.999993E-3	 1.125415E-6
4.180000E+1	 1.865335E-9	 9.999952E-3	 1.113514E-6
4.160000E+1	 1.833137E-9	 1.000003E-2	 1.102887E-6
4.140000E+1	 1.833981E-9	 9.999938E-3	 1.093189E-6
4.120000E+1	 1.796001E-9	 9.999908E-3	 1.084120E-6
4.100000E+1	 1.784565E-9	 9.999877E-3	 1.075667E-6
4.080000E+1	 1.748779E-9	 9.999693E-3	 1.068920E-6
4.060000E+1	 1.744813E-9	 9.999861E-3	 1.062440E-6
4.040000E+1	 1.715906E-9	 9.999949E-3	 1.056546E-6
4.020000E+1	 1.699490E-9	 9.999901E-3	 1.052576E-6
4.000000E+1	 1.682021E-9	 9.999930E-3	 1.049117E-6
3.980000E+1	 1.665858E-9	 9.999939E-3	 1.046929E-6
3.960000E+1	 1.646109E-9	 9.999959E-3	 1.046072E-6
3.940000E+1	 1.637753E-9	 9.999943E-3	 1.045669E-6
3.920000E+1	 1.625937E-9	 9.999778E-3	 1.046647E-6
3.900000E+1	 1.599943E-9	 9.999921E-3	 1.048920E-6
3.880000E+1	 1.603233E-9	 9.999918E-3	 1.052069E-6
3.860000E+1	 1.575044E-9	 9.999976E-3	 1.056711E-6
3.840000E+1	 1.550611E-9	 9.999921E-3	 1.062208E-6
3.820000E+1	 1.552172E-9	 9.999854E-3	 1.068804E-6
3.800000E+1	 1.531241E-9	 9.999872E-3	 1.076281E-6
3.780000E+1	 1.517441E-9	 9.999813E-3	 1.084427E-6
3.760000E+1	 1.494866E-9	 9.999848E-3	 1.093816E-6
3.740000E+1	 1.486257E-9	 9.999921E-3	 1.104788E-6
3.720000E+1	 1.464566E-9	 9.999909E-3	 1.115952E-6
3.700000E+1	 1.447095E-9	 9.999990E-3	 1.128352E-6
3.680000E+1	 1.432326E-9	 9.999724E-3	 1.141121E-6
3.660000E+1	 1.446715E-9	 1.000001E-2	 1.157875E-6
3.640000E+1	 1.420552E-9	 1.000009E-2	 1.173178E-6
3.620000E+1	 1.398523E-9	 1.000000E-2	 1.189033E-6
3.600000E+1	 1.387468E-9	 1.000022E-2	 1.205861E-6
3.580000E+1	 1.387805E-9	 9.999870E-3	 1.223548E-6
3.560000E+1	 1.341132E-9	 9.999938E-3	 1.242419E-6
3.540000E+1	 1.338008E-9	 9.999868E-3	 1.261844E-6
3.520000E+1	 1.332101E-9	 9.999979E-3	 1.280358E-6
3.500000E+1	 1.325855E-9	 9.999861E-3	 1.301549E-6
3.480000E+1	 1.305304E-9	 1.000001E-2	 1.322751E-6
3.460000E+1	 1.290492E-9	 9.999926E-3	 1.344341E-6
3.440000E+1	 1.279605E-9	 9.999993E-3	 1.368527E-6
3.420000E+1	 1.268086E-9	 9.999941E-3	 1.389835E-6
3.400000E+1	 1.270110E-9	 9.999959E-3	 1.419186E-6
3.380000E+1	 1.249138E-9	 9.999843E-3	 1.443196E-6
3.360000E+1	 1.220019E-9	 1.000006E-2	 1.466998E-6
3.340000E+1	 1.217530E-9	 9.999901E-3	 1.492646E-6
3.320000E+1	 1.194826E-9	 9.999848E-3	 1.518198E-6
3.300000E+1	 1.196895E-9	 9.999895E-3	 1.543788E-6
3.280000E+1	 1.189087E-9	 9.999811E-3	 1.567847E-6
3.260000E+1	 1.186850E-9	 9.999968E-3	 1.600976E-6
3.240000E+1	 1.153133E-9	 9.999892E-3	 1.626421E-6
3.220000E+1	 1.144018E-9	 9.999967E-3	 1.660700E-6
3.200000E+1	 1.129839E-9	 9.999993E-3	 1.687546E-6
3.180000E+1	 1.102621E-9	 1.000002E-2	 1.715480E-6
3.160000E+1	 1.096713E-9	 9.999779E-3	 1.743184E-6
3.140000E+1	 1.099582E-9	 9.999968E-3	 1.771259E-6
3.120000E+1	 1.082365E-9	 9.999977E-3	 1.798776E-6
3.100000E+1	 1.072996E-9	 9.999943E-3	 1.829554E-6
3.080000E+1	 1.070844E-9	 9.999958E-3	 1.858088E-6
3.060000E+1	 1.061855E-9	 9.999984E-3	 1.887564E-6
3.040000E+1	 1.043709E-9	 1.000002E-2	 1.916616E-6
3.020000E+1	 1.037929E-9	 9.999927E-3	 1.945804E-6
3.000000E+1	 1.014002E-9	 9.999676E-3	 1.976148E-6
2.980000E+1	 1.004464E-9	 9.999977E-3	 2.007665E-6
2.960000E+1	 9.997804E-10	 9.999939E-3	 2.037159E-6
2.940000E+1	 9.907914E-10	 9.999951E-3	 2.067859E-6
2.920000E+1	 9.682576E-10	 1.000011E-2	 2.097925E-6
2.900000E+1	 9.624762E-10	 1.000002E-2	 2.130246E-6
2.880000E+1	 9.469039E-10	 1.000002E-2	 2.159670E-6
2.860000E+1	 9.405318E-10	 1.000001E-2	 2.190759E-6
2.840000E+1	 9.296877E-10	 1.000001E-2	 2.222429E-6
2.820000E+1	 9.286322E-10	 9.999847E-3	 2.253216E-6
2.800000E+1	 8.985436E-10	 9.999966E-3	 2.283979E-6
2.780000E+1	 9.051683E-10	 9.999887E-3	 2.315655E-6
2.760000E+1	 8.846603E-10	 9.999970E-3	 2.344747E-6
2.740000E+1	 8.811573E-10	 9.999799E-3	 2.377898E-6
2.720000E+1	 8.599307E-10	 9.999930E-3	 2.409059E-6
2.700000E+1	 8.536430E-10	 9.999842E-3	 2.439624E-6
2.680000E+1	 8.486208E-10	 9.999881E-3	 2.472175E-6
2.660000E+1	 8.338511E-10	 9.999921E-3	 2.502569E-6
2.640000E+1	 8.236389E-10	 9.999988E-3	 2.532491E-6
2.620000E+1	 8.181951E-10	 9.999770E-3	 2.563439E-6
2.600000E+1	 7.972643E-10	 9.999894E-3	 2.594510E-6
2.580000E+1	 7.927911E-10	 9.999942E-3	 2.625244E-6
2.560000E+1	 7.805115E-10	 9.999952E-3	 2.655768E-6
2.540000E+1	 7.674718E-10	 9.999842E-3	 2.685077E-6
2.520000E+1	 7.620709E-10	 9.999713E-3	 2.717088E-6
2.500000E+1	 7.503801E-10	 9.999849E-3	 2.748870E-6
2.480000E+1	 7.305472E-10	 9.999852E-3	 2.777974E-6
2.460000E+1	 7.253563E-10	 9.999830E-3	 2.808855E-6
2.440000E+1	 7.199547E-10	 9.999894E-3	 2.837565E-6
2.420000E+1	 6.937068E-10	 9.999962E-3	 2.868846E-6
2.400000E+1	 7.026112E-10	 9.999881E-3	 2.899366E-6
2.380000E+1	 6.831148E-10	 9.999848E-3	 2.929738E-6
2.360000E+1	 6.756035E-10	 9.999988E-3	 2.958965E-6
2.340000E+1	 6.624788E-10	 1.000009E-2	 2.990875E-6
2.320000E+1	 6.544184E-10	 9.999832E-3	 3.019952E-6
2.300000E+1	 6.376240E-10	 9.999979E-3	 3.049015E-6
2.280000E+1	 6.082099E-10	 9.999860E-3	 3.079904E-6
2.260000E+1	 6.194775E-10	 9.999915E-3	 3.109126E-6
2.240000E+1	 6.103203E-10	 1.000005E-2	 3.135955E-6
2.220000E+1	 5.877857E-10	 9.999904E-3	 3.165071E-6
2.200000E+1	 5.952971E-10	 9.999982E-3	 3.194449E-6
2.180000E+1	 5.838192E-10	 9.999845E-3	 3.225056E-6
2.160000E+1	 5.557143E-10	 9.999956E-3	 3.254623E-6
2.140000E+1	 5.532660E-10	 9.999918E-3	 3.281980E-6
2.120000E+1	 5.361762E-10	 1.000002E-2	 3.310309E-6
2.100000E+1	 5.381171E-10	 1.000005E-2	 3.336650E-6
2.080000E+1	 5.181567E-10	 9.999907E-3	 3.365394E-6
2.060000E+1	 5.061718E-10	 9.999751E-3	 3.394729E-6
2.040000E+1	 5.058345E-10	 1.000004E-2	 3.421590E-6
2.020000E+1	 4.874355E-10	 9.999930E-3	 3.450331E-6
2.000000E+1	 4.804299E-10	 9.999964E-3	 3.479191E-6
1.980000E+1	 4.690786E-10	 9.999905E-3	 3.504450E-6
1.960000E+1	 4.499623E-10	 9.999949E-3	 3.534117E-6
1.940000E+1	 4.546888E-10	 1.000002E-2	 3.559569E-6
1.920000E+1	 4.296220E-10	 1.000013E-2	 3.587194E-6
1.900000E+1	 4.272164E-10	 1.000005E-2	 3.614738E-6
1.880000E+1	 4.151475E-10	 9.999917E-3	 3.642110E-6
1.860000E+1	 3.980147E-10	 1.000002E-2	 3.669627E-6
1.840000E+1	 3.960312E-10	 9.999883E-3	 3.696164E-6
1.820000E+1	 3.712600E-10	 9.999881E-3	 3.722176E-6
1.800000E+1	 3.696141E-10	 9.999832E-3	 3.748892E-6
1.780000E+1	 3.601616E-10	 1.000003E-2	 3.775485E-6
1.760000E+1	 3.512151E-10	 1.000012E-2	 3.801807E-6
1.740000E+1	 3.335757E-10	 9.999912E-3	 3.827996E-6
1.720000E+1	 3.301575E-10	 1.000015E-2	 3.855057E-6
1.700000E+1	 3.307064E-10	 9.999907E-3	 3.880546E-6
1.680000E+1	 3.128136E-10	 1.000005E-2	 3.905217E-6
1.660000E+1	 2.953431E-10	 9.999939E-3	 3.931861E-6
1.640000E+1	 2.833583E-10	 9.999917E-3	 3.954749E-6
1.620000E+1	 2.893508E-10	 9.999907E-3	 3.987942E-6
1.600000E+1	 2.736103E-10	 9.999951E-3	 4.012115E-6
1.580000E+1	 2.465602E-10	 9.999971E-3	 4.037398E-6
1.560000E+1	 2.357995E-10	 9.999931E-3	 4.061522E-6
1.540000E+1	 2.303135E-10	 9.999967E-3	 4.085801E-6
1.520000E+1	 2.179909E-10	 9.999949E-3	 4.111603E-6
1.500000E+1	 2.105642E-10	 9.999895E-3	 4.132312E-6
1.480000E+1	 2.001830E-10	 9.999999E-3	 4.156760E-6
1.460000E+1	 1.906461E-10	 9.999930E-3	 4.182188E-6
1.440000E+1	 1.804759E-10	 9.999949E-3	 4.205140E-6
1.420000E+1	 1.651152E-10	 9.999897E-3	 4.230527E-6
1.400000E+1	 1.506830E-10	 9.999923E-3	 4.252945E-6
1.380000E+1	 1.456190E-10	 9.999833E-3	 4.275779E-6
1.360000E+1	 1.270511E-10	 9.999818E-3	 4.301605E-6
1.340000E+1	 1.370102E-10	 1.000002E-2	 4.324397E-6
1.320000E+1	 1.157418E-10	 9.999870E-3	 4.347123E-6
1.300000E+1	 1.086099E-10	 9.999876E-3	 4.370899E-6
1.280000E+1	 8.839632E-11	 9.999888E-3	 4.393988E-6
1.260000E+1	 7.826856E-11	 9.999992E-3	 4.418398E-6
1.240000E+1	 8.459830E-11	 9.999872E-3	 4.440602E-6
1.220000E+1	 5.746417E-11	 1.000010E-2	 4.462263E-6
1.200000E+1	 4.885539E-11	 9.999962E-3	 4.483317E-6
1.180000E+1	 4.560607E-11	 1.000002E-2	 4.505464E-6
1.160000E+1	 2.053957E-11	 9.999814E-3	 4.527526E-6
1.140000E+1	 2.408436E-11	 9.999938E-3	 4.551096E-6
1.120000E+1	 1.674154E-11	 9.999991E-3	 4.571141E-6
1.100000E+1	 2.689168E-12	 9.999820E-3	 4.592488E-6
1.080000E+1	 1.549830E-12	 9.999962E-3	 4.613808E-6
1.060000E+1	 -2.292598E-11	 9.999778E-3	 4.637625E-6
1.040000E+1	 -2.925586E-11	 9.999933E-3	 4.657329E-6
1.020000E+1	 -4.204237E-11	 9.999836E-3	 4.680224E-6
1.000000E+1	 -5.124191E-11	 9.999652E-3	 4.699720E-6
9.800000E+0	 -4.955382E-11	 9.999949E-3	 4.727169E-6
9.600000E+0	 -7.124450E-11	 9.999737E-3	 4.749301E-6
9.400001E+0	 -9.858980E-11	 9.999975E-3	 4.766991E-6
9.200001E+0	 -1.066499E-10	 9.999819E-3	 4.794840E-6
9.000000E+0	 -1.016703E-10	 9.999927E-3	 4.812925E-6
8.800000E+0	 -1.338686E-10	 9.999938E-3	 4.832649E-6
8.600000E+0	 -1.347126E-10	 9.999657E-3	 4.853429E-6
8.400001E+0	 -1.463597E-10	 9.999783E-3	 4.871856E-6
8.200000E+0	 -1.463597E-10	 9.999748E-3	 4.891700E-6
8.000000E+0	 -1.666998E-10	 9.999929E-3	 4.912513E-6
7.800000E+0	 -1.840017E-10	 9.999854E-3	 4.928411E-6
7.600000E+0	 -1.824825E-10	 1.000004E-2	 4.947875E-6
7.400000E+0	 -2.002913E-10	 9.999652E-3	 4.967691E-6
7.200000E+0	 -2.090271E-10	 1.000005E-2	 4.985686E-6
7.000000E+0	 -2.233758E-10	 9.999902E-3	 5.004378E-6
6.800000E+0	 -2.192400E-10	 9.999827E-3	 5.020225E-6
6.600000E+0	 -2.342217E-10	 9.999795E-3	 5.037686E-6
6.400000E+0	 -2.448145E-10	 9.999748E-3	 5.054454E-6
6.200000E+0	 -2.619063E-10	 9.999754E-3	 5.072817E-6
6.000000E+0	 -2.595852E-10	 9.999757E-3	 5.087838E-6
5.800000E+0	 -2.614421E-10	 9.999743E-3	 5.101423E-6
5.600000E+0	 -2.804330E-10	 9.999783E-3	 5.122028E-6
5.400000E+0	 -2.935157E-10	 9.999678E-3	 5.138312E-6
5.200000E+0	 -3.148277E-10	 9.999773E-3	 5.152147E-6
5.000000E+0	 -3.239855E-10	 9.999678E-3	 5.169034E-6
4.800000E+0	 -3.326790E-10	 9.999923E-3	 5.185227E-6
4.600000E+0	 -3.566499E-10	 9.999818E-3	 5.199053E-6
4.400000E+0	 -3.611233E-10	 9.999933E-3	 5.216860E-6
4.200000E+0	 -3.658078E-10	 9.999915E-3	 5.234037E-6
4.000000E+0	 -3.762739E-10	 9.999856E-3	 5.250067E-6
3.800000E+0	 -3.942097E-10	 9.999936E-3	 5.267932E-6
3.600000E+0	 -3.791015E-10	 9.999779E-3	 5.283111E-6
3.400000E+0	 -4.031988E-10	 9.999641E-3	 5.301648E-6
3.200000E+0	 -4.194044E-10	 9.999694E-3	 5.315660E-6
3.000000E+0	 -4.295329E-10	 9.999831E-3	 5.331021E-6
2.800000E+0	 -4.305881E-10	 9.999833E-3	 5.348048E-6
2.600000E+0	 -4.375513E-10	 9.999876E-3	 5.369903E-6
2.400000E+0	 -4.547274E-10	 9.999689E-3	 5.385194E-6
2.200000E+0	 -4.870542E-10	 9.999870E-3	 5.401721E-6
2.000000E+0	 -4.780652E-10	 9.999922E-3	 5.418003E-6
1.800000E+0	 -4.924140E-10	 9.999737E-3	 5.431699E-6
1.600000E+0	 -4.873074E-10	 9.999880E-3	 5.449847E-6
1.400000E+0	 -5.180307E-10	 9.999897E-3	 5.464284E-6
1.200000E+0	 -5.192545E-10	 9.999969E-3	 5.478767E-6
1.000000E+0	 -5.274838E-10	 9.999848E-3	 5.496593E-6
8.000002E-1	 -5.416637E-10	 9.999876E-3	 5.509794E-6
6.000001E-1	 -5.522141E-10	 9.999848E-3	 5.527991E-6
4.000002E-1	 -5.786751E-10	 9.999751E-3	 5.543228E-6
2.000002E-1	 -5.568986E-10	 9.999778E-3	 5.560436E-6
1.490116E-7	 -5.900275E-10	 9.999795E-3	 5.575272E-6
-1.999999E-1	 -5.754253E-10	 9.999811E-3	 5.592970E-6
-3.999999E-1	 -6.059374E-10	 9.999976E-3	 5.605986E-6
-5.999998E-1	 -6.071612E-10	 9.999767E-3	 5.624001E-6
-7.999998E-1	 -6.125208E-10	 9.999652E-3	 5.637402E-6
-9.999999E-1	 -6.231557E-10	 9.999893E-3	 5.652469E-6
-1.200000E+0	 -6.245062E-10	 9.999804E-3	 5.666866E-6
-1.400000E+0	 -6.476329E-10	 9.999882E-3	 5.683160E-6
-1.600000E+0	 -6.524860E-10	 9.999781E-3	 5.696745E-6
-1.800000E+0	 -6.679322E-10	 9.999858E-3	 5.712835E-6
-2.000000E+0	 -6.782294E-10	 9.999751E-3	 5.728503E-6
-2.200000E+0	 -6.921558E-10	 9.999881E-3	 5.743098E-6
-2.400000E+0	 -7.013142E-10	 1.000003E-2	 5.757100E-6
-2.600000E+0	 -7.081083E-10	 9.999678E-3	 5.770834E-6
-2.800000E+0	 -7.133413E-10	 9.999911E-3	 5.786941E-6
-3.000000E+0	 -7.290828E-10	 9.999719E-3	 5.799865E-6
-3.200000E+0	 -7.527580E-10	 9.999711E-3	 5.815242E-6
-3.400000E+0	 -7.668957E-10	 9.999703E-3	 5.829388E-6
-3.600000E+0	 -7.679929E-10	 9.999734E-3	 5.844454E-6
-3.800000E+0	 -7.710738E-10	 9.999888E-3	 5.858673E-6
-4.000000E+0	 -7.624643E-10	 9.999750E-3	 5.872688E-6
-4.200000E+0	 -8.007837E-10	 9.999810E-3	 5.886286E-6
-4.400000E+0	 -8.034005E-10	 9.999844E-3	 5.901887E-6
-4.600000E+0	 -8.224756E-10	 9.999868E-3	 5.910399E-6
-4.800000E+0	 -8.308315E-10	 9.999914E-3	 5.926275E-6
-5.000000E+0	 -8.278779E-10	 9.999705E-3	 5.943160E-6
-5.200000E+0	 -8.389769E-10	 9.999768E-3	 5.953006E-6
-5.400000E+0	 -8.648890E-10	 9.999870E-3	 5.967392E-6
-5.600000E+0	 -8.755662E-10	 9.999773E-3	 5.979399E-6
-5.800000E+0	 -8.632427E-10	 9.999737E-3	 5.993812E-6
-6.000000E+0	 -8.824871E-10	 9.999725E-3	 6.006798E-6
-6.200000E+0	 -9.097074E-10	 9.999819E-3	 6.018853E-6
-6.400000E+0	 -9.036727E-10	 9.999876E-3	 6.032639E-6
-6.600000E+0	 -9.148139E-10	 9.999631E-3	 6.043830E-6
-6.800000E+0	 -9.383621E-10	 9.999688E-3	 6.056526E-6
-7.000000E+0	 -9.455788E-10	 9.999734E-3	 6.070154E-6
-7.200000E+0	 -9.603075E-10	 9.999785E-3	 6.083314E-6
-7.400000E+0	 -9.697604E-10	 9.999722E-3	 6.092448E-6
-7.600000E+0	 -9.684102E-10	 9.999498E-3	 6.106854E-6
-7.800000E+0	 -9.888786E-10	 9.999637E-3	 6.121069E-6
-8.000000E+0	 -9.971078E-10	 9.999618E-3	 6.130147E-6
-8.200000E+0	 -1.001666E-9	 9.999888E-3	 6.144103E-6
-8.400000E+0	 -1.021375E-9	 9.999762E-3	 6.153221E-6
-8.600000E+0	 -1.037369E-9	 9.999951E-3	 6.165885E-6
-8.800000E+0	 -1.043741E-9	 9.999799E-3	 6.177027E-6
-9.000000E+0	 -1.045261E-9	 9.999760E-3	 6.189585E-6
-9.200000E+0	 -1.058427E-9	 9.999865E-3	 6.200183E-6
-9.400000E+0	 -1.076996E-9	 9.999868E-3	 6.211040E-6
-9.600000E+0	 -1.079781E-9	 9.999569E-3	 6.222923E-6
-9.800000E+0	 -1.099237E-9	 9.999606E-3	 6.231934E-6
-1.000000E+1	 -1.102824E-9	 9.999812E-3	 6.243589E-6
-9.800000E+0	 -7.971543E-10	 9.999738E-3	 6.210852E-6
-9.600000E+0	 -7.026647E-10	 9.999739E-3	 6.177078E-6
-9.400000E+0	 -6.560310E-10	 9.999599E-3	 6.141297E-6
-9.200000E+0	 -5.905336E-10	 9.999839E-3	 6.111560E-6
-9.000000E+0	 -5.435627E-10	 9.999843E-3	 6.080839E-6
-8.800000E+0	 -5.073111E-10	 9.999654E-3	 6.045055E-6
-8.600000E+0	 -4.758706E-10	 9.999920E-3	 6.014585E-6
-8.400000E+0	 -4.346394E-10	 9.999820E-3	 5.981218E-6
-8.200000E+0	 -4.082628E-10	 9.999883E-3	 5.952255E-6
-8.000000E+0	 -3.601104E-10	 9.999988E-3	 5.922317E-6
-7.800000E+0	 -3.592663E-10	 9.999829E-3	 5.890267E-6
-7.600000E+0	 -2.967229E-10	 9.999865E-3	 5.858977E-6
-7.400000E+0	 -2.865101E-10	 9.999711E-3	 5.831480E-6
-7.200000E+0	 -2.607245E-10	 9.999732E-3	 5.797365E-6
-7.000000E+0	 -2.242620E-10	 9.999858E-3	 5.769484E-6
-6.800000E+0	 -2.072124E-10	 9.999990E-3	 5.741155E-6
-6.600000E+0	 -1.916398E-10	 9.999832E-3	 5.710963E-6
-6.400000E+0	 -1.664889E-10	 9.999895E-3	 5.683801E-6
-6.200000E+0	 -1.428149E-10	 9.999843E-3	 5.652413E-6
-6.000000E+0	 -1.357254E-10	 9.999927E-3	 5.622550E-6
-5.800000E+0	 -1.009530E-10	 9.999799E-3	 5.593679E-6
-5.600000E+0	 -8.816654E-11	 9.999974E-3	 5.564350E-6
-5.400000E+0	 -5.588394E-11	 9.999881E-3	 5.536866E-6
-5.200000E+0	 -4.913188E-11	 9.999758E-3	 5.504854E-6
-5.000000E+0	 -3.837113E-11	 9.999754E-3	 5.477162E-6
-4.800000E+0	 -3.134465E-12	 9.999767E-3	 5.450194E-6
-4.600000E+0	 -2.163950E-12	 9.999944E-3	 5.423078E-6
-4.400000E+0	 1.260589E-11	 9.999823E-3	 5.394920E-6
-4.200000E+0	 4.121734E-11	 9.999793E-3	 5.363014E-6
-4.000000E+0	 4.733608E-11	 9.999927E-3	 5.335058E-6
-3.800000E+0	 5.476328E-11	 9.999858E-3	 5.308314E-6
-3.600000E+0	 7.666476E-11	 9.999845E-3	 5.280298E-6
-3.400000E+0	 1.073438E-10	 9.999750E-3	 5.253522E-6
-3.200000E+0	 1.298785E-10	 9.999832E-3	 5.224804E-6
-3.000000E+0	 1.198349E-10	 9.999844E-3	 5.199268E-6
-2.800000E+0	 1.488260E-10	 9.999763E-3	 5.170540E-6
-2.600000E+0	 1.481929E-10	 9.999900E-3	 5.142155E-6
-2.400000E+0	 1.765089E-10	 9.999880E-3	 5.114011E-6
-2.200000E+0	 1.738924E-10	 9.999888E-3	 5.086113E-6
-2.000000E+0	 2.031367E-10	 1.000002E-2	 5.061013E-6
-1.800000E+0	 2.130535E-10	 9.999921E-3	 5.034231E-6
-1.600000E+0	 2.276545E-10	 9.999942E-3	 5.005552E-6
-1.400000E+0	 2.455468E-10	 9.999705E-3	 4.977407E-6
-1.200000E+0	 2.515819E-10	 9.999849E-3	 4.951024E-6
-9.999999E-1	 2.690944E-10	 9.999946E-3	 4.921884E-6
-7.999998E-1	 2.882529E-10	 9.999895E-3	 4.895307E-6
-5.999998E-1	 2.908695E-10	 9.999795E-3	 4.867343E-6
-3.999999E-1	 3.145432E-10	 9.999705E-3	 4.840625E-6
-1.999999E-1	 3.162314E-10	 1.000000E-2	 4.814145E-6
1.490116E-7	 3.377532E-10	 9.999839E-3	 4.787521E-6
2.000002E-1	 3.413824E-10	 9.999981E-3	 4.761762E-6
4.000002E-1	 3.492318E-10	 9.999895E-3	 4.732878E-6
6.000001E-1	 3.764927E-10	 9.999748E-3	 4.704790E-6
8.000002E-1	 3.686856E-10	 9.999870E-3	 4.678184E-6
1.000000E+0	 4.036266E-10	 9.999882E-3	 4.653234E-6
1.200000E+0	 4.125310E-10	 9.999872E-3	 4.625214E-6
1.400000E+0	 4.240515E-10	 9.999923E-3	 4.599502E-6
1.600000E+0	 4.343904E-10	 9.999883E-3	 4.571586E-6
1.800000E+0	 4.428723E-10	 9.999786E-3	 4.545440E-6
2.000000E+0	 4.547307E-10	 9.999839E-3	 4.519946E-6
2.200000E+0	 4.598372E-10	 9.999930E-3	 4.491439E-6
2.400000E+0	 4.719059E-10	 9.999730E-3	 4.468637E-6
2.600000E+0	 4.943140E-10	 9.999942E-3	 4.441397E-6
2.800000E+0	 5.013190E-10	 9.999908E-3	 4.417255E-6
3.000000E+0	 5.111089E-10	 9.999676E-3	 4.388263E-6
3.200000E+0	 5.273984E-10	 9.999895E-3	 4.364173E-6
3.400000E+0	 5.468525E-10	 9.999797E-3	 4.339541E-6
3.600000E+0	 5.539417E-10	 9.999807E-3	 4.317923E-6
3.800000E+0	 5.599758E-10	 9.999964E-3	 4.293419E-6
4.000000E+0	 5.660110E-10	 9.999692E-3	 4.269794E-6
4.200000E+0	 5.886296E-10	 9.999775E-3	 4.243770E-6
4.400000E+0	 5.838188E-10	 9.999904E-3	 4.218793E-6
4.600000E+0	 6.169459E-10	 9.999748E-3	 4.193690E-6
4.800000E+0	 6.245412E-10	 9.999904E-3	 4.168755E-6
5.000000E+0	 6.193089E-10	 9.999910E-3	 4.144964E-6
5.200000E+0	 6.531530E-10	 9.999805E-3	 4.120172E-6
5.400000E+0	 6.395226E-10	 9.999868E-3	 4.097547E-6
5.600000E+0	 6.631125E-10	 9.999828E-3	 4.072359E-6
5.800000E+0	 6.766159E-10	 9.999757E-3	 4.046362E-6
6.000000E+0	 6.914703E-10	 9.999822E-3	 4.022066E-6
6.200000E+0	 6.938756E-10	 1.000001E-2	 3.997340E-6
6.400000E+0	 7.143843E-10	 9.999580E-3	 3.975219E-6
6.600000E+0	 7.184777E-10	 9.999808E-3	 3.946050E-6
6.800000E+0	 7.453169E-10	 9.999814E-3	 3.920040E-6
7.000000E+0	 7.439244E-10	 9.999907E-3	 3.898052E-6
7.200000E+0	 7.567946E-10	 9.999787E-3	 3.870714E-6
7.400000E+0	 7.640532E-10	 9.999923E-3	 3.843916E-6
7.600000E+0	 7.821568E-10	 9.999868E-3	 3.817530E-6
7.800000E+0	 7.876849E-10	 9.999822E-3	 3.790482E-6
8.000000E+0	 7.940146E-10	 9.999861E-3	 3.764106E-6
8.200000E+0	 8.051970E-10	 9.999713E-3	 3.735388E-6
8.400001E+0	 8.320370E-10	 9.999833E-3	 3.709388E-6
8.600000E+0	 8.361299E-10	 9.999898E-3	 3.682147E-6
8.800000E+0	 8.365517E-10	 9.999872E-3	 3.652259E-6
9.000000E+0	 8.520817E-10	 9.999774E-3	 3.627651E-6
9.200001E+0	 8.629273E-10	 9.999818E-3	 3.600122E-6
9.400001E+0	 8.780758E-10	 9.999800E-3	 3.571881E-6
9.600000E+0	 9.013287E-10	 9.999826E-3	 3.545418E-6
9.800000E+0	 8.907364E-10	 9.999858E-3	 3.511984E-6
1.000000E+1	 9.014129E-10	 9.999739E-3	 3.484818E-6
1.020000E+1	 9.238206E-10	 9.999906E-3	 3.456473E-6
1.040000E+1	 9.541631E-10	 1.000022E-2	 3.430348E-6
1.060000E+1	 9.468625E-10	 9.999975E-3	 3.399414E-6
1.080000E+1	 9.685527E-10	 1.000016E-2	 3.372056E-6
1.100000E+1	 9.636574E-10	 9.999848E-3	 3.345261E-6
1.120000E+1	 9.796506E-10	 9.999869E-3	 3.316795E-6
1.140000E+1	 9.979233E-10	 1.000003E-2	 3.288729E-6
1.160000E+1	 1.014339E-9	 9.999787E-3	 3.261741E-6
1.180000E+1	 1.017462E-9	 1.000006E-2	 3.233439E-6
1.200000E+1	 1.025437E-9	 1.000012E-2	 3.204482E-6
1.220000E+1	 1.031683E-9	 9.999786E-3	 3.177162E-6
1.240000E+1	 1.039827E-9	 9.999895E-3	 3.148959E-6
1.260000E+1	 1.063712E-9	 9.999855E-3	 3.120368E-6
1.280000E+1	 1.053880E-9	 9.999729E-3	 3.092188E-6
1.300000E+1	 1.082491E-9	 9.999773E-3	 3.065057E-6
1.320000E+1	 1.087850E-9	 9.999751E-3	 3.035324E-6
1.340000E+1	 1.101355E-9	 1.000008E-2	 3.007315E-6
1.360000E+1	 1.110048E-9	 9.999877E-3	 2.980827E-6
1.380000E+1	 1.114774E-9	 9.999840E-3	 2.951679E-6
1.400000E+1	 1.136043E-9	 9.999926E-3	 2.925834E-6
1.420000E+1	 1.131485E-9	 9.999754E-3	 2.890967E-6
1.440000E+1	 1.146297E-9	 9.999744E-3	 2.861855E-6
1.460000E+1	 1.164612E-9	 9.999751E-3	 2.835018E-6
1.480000E+1	 1.188328E-9	 9.999926E-3	 2.807132E-6
1.500000E+1	 1.186133E-9	 9.999743E-3	 2.778488E-6
1.520000E+1	 1.210777E-9	 9.999994E-3	 2.750129E-6
1.540000E+1	 1.211580E-9	 9.999991E-3	 2.723411E-6
1.560000E+1	 1.219007E-9	 9.999967E-3	 2.697559E-6
1.580000E+1	 1.230232E-9	 9.999886E-3	 2.668735E-6
1.600000E+1	 1.241625E-9	 9.999854E-3	 2.640076E-6
1.620000E+1	 1.249981E-9	 9.999948E-3	 2.612275E-6
1.640000E+1	 1.254581E-9	 9.999868E-3	 2.584565E-6
1.660000E+1	 1.273528E-9	 9.999929E-3	 2.558619E-6
1.680000E+1	 1.286357E-9	 9.999787E-3	 2.529235E-6
1.700000E+1	 1.286146E-9	 1.000004E-2	 2.502518E-6
1.720000E+1	 1.293362E-9	 9.999932E-3	 2.473865E-6
1.740000E+1	 1.309271E-9	 1.000000E-2	 2.446832E-6
1.760000E+1	 1.329485E-9	 9.999692E-3	 2.420527E-6
1.780000E+1	 1.335013E-9	 9.999968E-3	 2.392455E-6
1.800000E+1	 1.343242E-9	 1.000001E-2	 2.365872E-6
1.820000E+1	 1.349572E-9	 9.999812E-3	 2.338785E-6
1.840000E+1	 1.372739E-9	 9.999926E-3	 2.311688E-6
1.860000E+1	 1.382867E-9	 9.999689E-3	 2.284662E-6
1.880000E+1	 1.387256E-9	 9.999775E-3	 2.258018E-6
1.900000E+1	 1.412745E-9	 9.999929E-3	 2.230591E-6
1.920000E+1	 1.415571E-9	 9.999952E-3	 2.204074E-6
1.940000E+1	 1.423252E-9	 9.999873E-3	 2.176761E-6
1.960000E+1	 1.432621E-9	 9.999819E-3	 2.152774E-6
1.980000E+1	 1.446800E-9	 9.999907E-3	 2.125662E-6
2.000000E+1	 1.447939E-9	 9.999907E-3	 2.099514E-6
2.020000E+1	 1.454185E-9	 9.999868E-3	 2.074647E-6
2.040000E+1	 1.477267E-9	 9.999836E-3	 2.049192E-6
2.060000E+1	 1.474187E-9	 9.999944E-3	 2.024946E-6
2.080000E+1	 1.508748E-9	 9.999788E-3	 1.999766E-6
2.100000E+1	 1.503938E-9	 9.999854E-3	 1.974216E-6
2.120000E+1	 1.502292E-9	 9.999848E-3	 1.949079E-6
2.140000E+1	 1.532718E-9	 9.999895E-3	 1.924787E-6
2.160000E+1	 1.529468E-9	 9.999933E-3	 1.901344E-6
2.180000E+1	 1.540524E-9	 9.999793E-3	 1.876907E-6
2.200000E+1	 1.548754E-9	 9.999868E-3	 1.852285E-6
2.220000E+1	 1.562678E-9	 9.999944E-3	 1.829775E-6
2.240000E+1	 1.585468E-9	 9.999955E-3	 1.807618E-6
2.260000E+1	 1.577280E-9	 9.999749E-3	 1.779012E-6
2.280000E+1	 1.594920E-9	 9.999823E-3	 1.757858E-6
2.300000E+1	 1.620493E-9	 9.999634E-3	 1.734310E-6
2.320000E+1	 1.632225E-9	 9.999944E-3	 1.713099E-6
2.340000E+1	 1.637921E-9	 9.999910E-3	 1.690027E-6
2.360000E+1	 1.650244E-9	 9.999872E-3	 1.668307E-6
2.380000E+1	 1.644800E-9	 1.000007E-2	 1.649852E-6
2.400000E+1	 1.659190E-9	 9.999996E-3	 1.623542E-6
2.420000E+1	 1.667545E-9	 9.999825E-3	 1.604458E-6
2.440000E+1	 1.699238E-9	 1.000001E-2	 1.584547E-6
2.460000E+1	 1.696156E-9	 9.999852E-3	 1.564764E-6
2.480000E+1	 1.701135E-9	 9.999904E-3	 1.545000E-6
2.500000E+1	 1.724430E-9	 9.999902E-3	 1.525443E-6
2.520000E+1	 1.731603E-9	 9.999991E-3	 1.507697E-6
2.540000E+1	 1.733756E-9	 9.999885E-3	 1.488491E-6
2.560000E+1	 1.752578E-9	 9.999844E-3	 1.470910E-6
2.580000E+1	 1.767473E-9	 9.999982E-3	 1.453213E-6
2.600000E+1	 1.785957E-9	 9.999867E-3	 1.435937E-6
2.620000E+1	 1.770302E-9	 1.000002E-2	 1.419154E-6
2.640000E+1	 1.795664E-9	 9.999837E-3	 1.403195E-6
2.660000E+1	 1.792372E-9	 1.000005E-2	 1.381979E-6
2.680000E+1	 1.809251E-9	 1.000003E-2	 1.367643E-6
2.700000E+1	 1.821066E-9	 1.000002E-2	 1.352932E-6
2.720000E+1	 1.841408E-9	 9.999946E-3	 1.338382E-6
2.740000E+1	 1.838326E-9	 1.000006E-2	 1.323648E-6
2.760000E+1	 1.857444E-9	 1.000005E-2	 1.310049E-6
2.780000E+1	 1.869512E-9	 9.999914E-3	 1.296369E-6
2.800000E+1	 1.891878E-9	 1.000002E-2	 1.282942E-6
2.820000E+1	 1.881666E-9	 9.999845E-3	 1.270361E-6
2.840000E+1	 1.899769E-9	 9.999932E-3	 1.257675E-6
2.860000E+1	 1.907407E-9	 1.000013E-2	 1.245342E-6
2.880000E+1	 1.909095E-9	 1.000005E-2	 1.234012E-6
2.900000E+1	 1.924920E-9	 1.000014E-2	 1.223476E-6
2.920000E+1	 1.937073E-9	 9.999988E-3	 1.213059E-6
2.940000E+1	 1.944289E-9	 9.999988E-3	 1.202448E-6
2.960000E+1	 1.955431E-9	 1.000000E-2	 1.192649E-6
2.980000E+1	 1.957625E-9	 9.999976E-3	 1.183220E-6
3.000000E+1	 1.976403E-9	 9.999966E-3	 1.174183E-6
3.020000E+1	 1.983324E-9	 9.999956E-3	 1.165790E-6
3.040000E+1	 1.994086E-9	 9.999968E-3	 1.158025E-6
3.060000E+1	 2.005353E-9	 9.999886E-3	 1.150545E-6
3.080000E+1	 2.021051E-9	 9.999994E-3	 1.143077E-6
3.100000E+1	 2.026705E-9	 1.000005E-2	 1.136549E-6
3.120000E+1	 2.032232E-9	 9.999990E-3	 1.130214E-6
3.140000E+1	 2.036116E-9	 9.999862E-3	 1.124491E-6
3.160000E+1	 2.056499E-9	 1.000009E-2	 1.118810E-6
3.180000E+1	 2.074940E-9	 9.999917E-3	 1.113643E-6
3.200000E+1	 2.062154E-9	 9.999991E-3	 1.109103E-6
3.220000E+1	 2.089414E-9	 9.999897E-3	 1.104817E-6
3.240000E+1	 2.090258E-9	 9.999904E-3	 1.101383E-6
3.260000E+1	 2.106462E-9	 1.000018E-2	 1.097413E-6
3.280000E+1	 2.125790E-9	 9.999860E-3	 1.094237E-6
3.300000E+1	 2.135116E-9	 9.999919E-3	 1.092141E-6
3.320000E+1	 2.129716E-9	 9.999988E-3	 1.090491E-6
3.340000E+1	 2.148959E-9	 9.999908E-3	 1.087742E-6
3.360000E+1	 2.168496E-9	 9.999813E-3	 1.086855E-6
3.380000E+1	 2.176979E-9	 9.999826E-3	 1.085244E-6
3.400000E+1	 2.183139E-9	 9.999921E-3	 1.084276E-6
3.420000E+1	 2.191074E-9	 9.999882E-3	 1.084220E-6
3.440000E+1	 2.192720E-9	 9.999895E-3	 1.084096E-6
3.460000E+1	 2.197402E-9	 1.000003E-2	 1.084658E-6
3.480000E+1	 2.223271E-9	 9.999944E-3	 1.084331E-6
3.500000E+1	 2.221709E-9	 1.000010E-2	 1.085341E-6
3.520000E+1	 2.233356E-9	 1.000001E-2	 1.086331E-6
3.540000E+1	 2.251799E-9	 9.999918E-3	 1.087804E-6
3.560000E+1	 2.252768E-9	 9.999880E-3	 1.089926E-6
3.580000E+1	 2.262221E-9	 9.999848E-3	 1.091875E-6
3.600000E+1	 2.284165E-9	 9.999819E-3	 1.094333E-6
3.620000E+1	 2.284123E-9	 9.999943E-3	 1.096974E-6
3.640000E+1	 2.296825E-9	 9.999979E-3	 1.099522E-6
3.660000E+1	 2.297584E-9	 9.999895E-3	 1.102541E-6
3.680000E+1	 2.321343E-9	 9.999908E-3	 1.105827E-6
3.700000E+1	 2.328475E-9	 9.999885E-3	 1.109112E-6
3.720000E+1	 2.348435E-9	 1.000018E-2	 1.113116E-6
3.740000E+1	 2.350165E-9	 9.999882E-3	 1.116830E-6
3.760000E+1	 2.354089E-9	 1.000005E-2	 1.123445E-6
3.780000E+1	 2.366876E-9	 1.000001E-2	 1.128060E-6
3.800000E+1	 2.396628E-9	 9.999791E-3	 1.131965E-6
3.820000E+1	 2.389790E-9	 9.999973E-3	 1.136655E-6
3.840000E+1	 2.405575E-9	 1.000006E-2	 1.141612E-6
3.860000E+1	 2.417938E-9	 1.000014E-2	 1.146178E-6
3.880000E+1	 2.421482E-9	 1.000038E-2	 1.152026E-6
3.900000E+1	 2.433381E-9	 9.999813E-3	 1.157491E-6
3.920000E+1	 2.441189E-9	 1.000011E-2	 1.162364E-6
3.940000E+1	 2.452330E-9	 1.000001E-2	 1.171185E-6
3.960000E+1	 2.459545E-9	 9.999921E-3	 1.176155E-6
3.980000E+1	 2.485077E-9	 1.000009E-2	 1.182383E-6
4.000000E+1	 2.493770E-9	 1.000003E-2	 1.187580E-6
4.020000E+1	 2.503517E-9	 1.000006E-2	 1.194104E-6
4.040000E+1	 2.518119E-9	 9.999868E-3	 1.200029E-6
4.060000E+1	 2.521327E-9	 1.000011E-2	 1.206054E-6
4.080000E+1	 2.523817E-9	 9.999990E-3	 1.212578E-6
4.100000E+1	 2.549768E-9	 9.999926E-3	 1.219143E-6
4.120000E+1	 2.549979E-9	 9.999967E-3	 1.225381E-6
4.140000E+1	 2.565761E-9	 9.999919E-3	 1.232324E-6
4.160000E+1	 2.557661E-9	 1.000015E-2	 1.238230E-6
4.180000E+1	 2.584837E-9	 1.000008E-2	 1.244638E-6
4.200000E+1	 2.585089E-9	 1.000005E-2	 1.251447E-6
4.220000E+1	 2.603067E-9	 1.000002E-2	 1.257778E-6
4.240000E+1	 2.620452E-9	 9.999900E-3	 1.264884E-6
4.260000E+1	 2.615306E-9	 9.999858E-3	 1.271784E-6
4.280000E+1	 2.632354E-9	 9.999938E-3	 1.277267E-6
4.300000E+1	 2.626953E-9	 1.000000E-2	 1.288309E-6
4.320000E+1	 2.650753E-9	 9.999895E-3	 1.294717E-6
4.340000E+1	 2.685778E-9	 9.999881E-3	 1.300630E-6
4.360000E+1	 2.672105E-9	 9.999870E-3	 1.306916E-6
4.380000E+1	 2.679575E-9	 9.999976E-3	 1.313456E-6
4.400000E+1	 2.687888E-9	 9.999942E-3	 1.320006E-6
4.420000E+1	 2.699491E-9	 9.999906E-3	 1.327111E-6
4.440000E+1	 2.713503E-9	 9.999944E-3	 1.333538E-6
4.460000E+1	 2.736797E-9	 9.999917E-3	 1.339295E-6
4.480000E+1	 2.736629E-9	 1.000001E-2	 1.346034E-6
4.500000E+1	 2.738949E-9	 9.999918E-3	 1.352132E-6
4.480000E+1	 2.449123E-9	 9.999860E-3	 1.329386E-6
4.460000E+1	 2.355820E-9	 9.999817E-3	 1.307702E-6
4.440000E+1	 2.279228E-9	 9.999984E-3	 1.287911E-6
4.420000E+1	 2.312649E-9	 9.999981E-3	 1.269007E-6
4.400000E+1	 2.180693E-9	 9.999909E-3	 1.249752E-6
4.380000E+1	 2.156175E-9	 9.999943E-3	 1.231487E-6
4.360000E+1	 2.092536E-9	 9.999956E-3	 1.214219E-6
4.340000E+1	 2.070046E-9	 9.999983E-3	 1.198299E-6
4.320000E+1	 2.039914E-9	 9.999993E-3	 1.181919E-6
4.300000E+1	 1.995225E-9	 9.999995E-3	 1.167663E-6
4.280000E+1	 1.981298E-9	 9.999963E-3	 1.153503E-6
4.260000E+1	 1.941167E-9	 1.000002E-2	 1.139900E-6
4.240000E+1	 1.935892E-9	 9.999991E-3	 1.127094E-6
4.220000E+1	 1.890359E-9	 9.999968E-3	 1.115125E-6
4.200000E+1	 1.876138E-9	 1.000008E-2	 1.103440E-6
4.180000E+1	 1.852548E-9	 9.999823E-3	 1.093836E-6
4.160000E+1	 1.825371E-9	 1.000004E-2	 1.084119E-6
4.140000E+1	 1.816046E-9	 9.999994E-3	 1.076135E-6
4.120000E+1	 1.789163E-9	 9.999899E-3	 1.068895E-6
4.100000E+1	 1.761143E-9	 9.999868E-3	 1.062739E-6
4.080000E+1	 1.750426E-9	 9.999814E-3	 1.057471E-6
4.060000E+1	 1.725782E-9	 1.000017E-2	 1.053688E-6
4.040000E+1	 1.717382E-9	 1.000008E-2	 1.050377E-6
4.020000E+1	 1.684679E-9	 9.999933E-3	 1.048451E-6
4.000000E+1	 1.665141E-9	 9.999983E-3	 1.047704E-6
3.980000E+1	 1.646489E-9	 1.000013E-2	 1.048460E-6
3.960000E+1	 1.633152E-9	 9.999970E-3	 1.049982E-6
3.940000E+1	 1.628215E-9	 9.999973E-3	 1.053218E-6
3.920000E+1	 1.596187E-9	 1.000008E-2	 1.056746E-6
3.900000E+1	 1.579939E-9	 9.999955E-3	 1.061776E-6
3.880000E+1	 1.567026E-9	 1.000014E-2	 1.068000E-6
3.860000E+1	 1.557869E-9	 1.000002E-2	 1.075536E-6
3.840000E+1	 1.541959E-9	 1.000005E-2	 1.083797E-6
3.820000E+1	 1.530060E-9	 9.999993E-3	 1.093279E-6
3.800000E+1	 1.507229E-9	 1.000005E-2	 1.104271E-6
3.780000E+1	 1.502503E-9	 9.999963E-3	 1.115320E-6
3.760000E+1	 1.484062E-9	 9.999705E-3	 1.128534E-6
3.740000E+1	 1.474863E-9	 9.999882E-3	 1.142378E-6
3.720000E+1	 1.456421E-9	 9.999868E-3	 1.157080E-6
3.700000E+1	 1.444816E-9	 1.000003E-2	 1.172218E-6
3.680000E+1	 1.430174E-9	 9.999930E-3	 1.188590E-6
3.660000E+1	 1.421185E-9	 9.999994E-3	 1.206549E-6
3.640000E+1	 1.395189E-9	 9.999934E-3	 1.224639E-6
3.620000E+1	 1.388311E-9	 9.999942E-3	 1.243777E-6
3.600000E+1	 1.382739E-9	 9.999968E-3	 1.262148E-6
3.580000E+1	 1.384808E-9	 1.000001E-2	 1.287225E-6
3.560000E+1	 1.350078E-9	 9.999946E-3	 1.308544E-6
3.540000E+1	 1.334127E-9	 9.999956E-3	 1.330257E-6
3.520000E+1	 1.308681E-9	 1.000006E-2	 1.352275E-6
3.500000E+1	 1.307920E-9	 1.000016E-2	 1.375406E-6
3.480000E+1	 1.276693E-9	 1.000006E-2	 1.398773E-6
3.460000E+1	 1.274330E-9	 1.000003E-2	 1.423858E-6
3.440000E+1	 1.257408E-9	 9.999895E-3	 1.449106E-6
3.420000E+1	 1.249053E-9	 1.000003E-2	 1.473475E-6
3.400000E+1	 1.242722E-9	 1.000003E-2	 1.501313E-6
3.380000E+1	 1.226729E-9	 9.999992E-3	 1.528198E-6
3.360000E+1	 1.218879E-9	 9.999897E-3	 1.553858E-6
3.340000E+1	 1.199257E-9	 9.999967E-3	 1.581543E-6
3.320000E+1	 1.193096E-9	 9.999907E-3	 1.609090E-6
3.300000E+1	 1.184277E-9	 9.999936E-3	 1.636132E-6
3.280000E+1	 1.165329E-9	 1.000005E-2	 1.665511E-6
3.260000E+1	 1.164063E-9	 1.000011E-2	 1.694788E-6
3.240000E+1	 1.141782E-9	 1.000008E-2	 1.723879E-6
3.220000E+1	 1.139291E-9	 9.999920E-3	 1.751862E-6
3.200000E+1	 1.115660E-9	 9.999919E-3	 1.782580E-6
3.180000E+1	 1.104899E-9	 9.999874E-3	 1.813001E-6
3.160000E+1	 1.092197E-9	 9.999964E-3	 1.843435E-6
3.140000E+1	 1.087935E-9	 9.999942E-3	 1.873230E-6
3.120000E+1	 1.069789E-9	 9.999949E-3	 1.903886E-6
3.100000E+1	 1.064346E-9	 9.999952E-3	 1.933978E-6
3.080000E+1	 1.050377E-9	 9.999918E-3	 1.965341E-6
3.060000E+1	 1.044132E-9	 9.999824E-3	 1.996125E-6
3.040000E+1	 1.027970E-9	 9.999868E-3	 2.027717E-6
3.020000E+1	 1.026703E-9	 9.999851E-3	 2.056240E-6
3.000000E+1	 1.007630E-9	 9.999921E-3	 2.096917E-6
2.980000E+1	 1.001511E-9	 9.999909E-3	 2.127109E-6
2.960000E+1	 9.745454E-10	 9.999844E-3	 2.157661E-6
2.940000E+1	 9.483389E-10	 1.000004E-2	 2.189380E-6
2.920000E+1	 9.599015E-10	 9.999792E-3	 2.220848E-6
2.900000E+1	 9.381687E-10	 9.999855E-3	 2.251873E-6
2.880000E+1	 9.323028E-10	 1.000000E-2	 2.284196E-6
2.860000E+1	 9.282102E-10	 9.999968E-3	 2.313799E-6
2.840000E+1	 9.136925E-10	 9.999705E-3	 2.347125E-6
2.820000E+1	 8.994293E-10	 9.999907E-3	 2.377986E-6
2.800000E+1	 8.918335E-10	 9.999976E-3	 2.410000E-6
2.780000E+1	 8.887101E-10	 9.999851E-3	 2.440112E-6
2.760000E+1	 8.658387E-10	 9.999995E-3	 2.471723E-6
2.740000E+1	 8.556681E-10	 1.000004E-2	 2.503848E-6
2.720000E+1	 8.450342E-10	 1.000006E-2	 2.534808E-6
2.700000E+1	 8.342731E-10	 9.999966E-3	 2.565638E-6
2.680000E+1	 8.319946E-10	 9.999932E-3	 2.596414E-6
2.660000E+1	 8.168028E-10	 9.999858E-3	 2.629291E-6
2.640000E+1	 7.989104E-10	 1.000010E-2	 2.660032E-6
2.620000E+1	 7.909343E-10	 1.000001E-2	 2.693063E-6
2.600000E+1	 7.756576E-10	 9.999895E-3	 2.720958E-6
2.580000E+1	 7.617328E-10	 9.999728E-3	 2.753351E-6
2.560000E+1	 7.529968E-10	 9.999862E-3	 2.785291E-6
2.540000E+1	 7.487346E-10	 9.999892E-3	 2.816374E-6
2.520000E+1	 7.386915E-10	 9.999879E-3	 2.845951E-6
2.500000E+1	 7.267912E-10	 9.999902E-3	 2.878020E-6
2.480000E+1	 7.157772E-10	 9.999850E-3	 2.907923E-6
2.460000E+1	 7.115571E-10	 9.999725E-3	 2.937363E-6
2.440000E+1	 6.938328E-10	 9.999712E-3	 2.966576E-6
2.420000E+1	 6.880093E-10	 1.000018E-2	 2.999102E-6
2.400000E+1	 6.681759E-10	 9.999921E-3	 3.024865E-6
2.380000E+1	 6.755608E-10	 9.999831E-3	 3.065200E-6
2.360000E+1	 6.695262E-10	 9.999943E-3	 3.093811E-6
2.340000E+1	 6.440801E-10	 1.000009E-2	 3.123549E-6
2.320000E+1	 6.215878E-10	 9.999845E-3	 3.152747E-6
2.300000E+1	 6.129789E-10	 9.999895E-3	 3.181522E-6
2.280000E+1	 6.066067E-10	 9.999930E-3	 3.211364E-6
2.260000E+1	 6.060158E-10	 1.000007E-2	 3.239486E-6
2.240000E+1	 5.926816E-10	 9.999787E-3	 3.268649E-6
2.220000E+1	 5.572751E-10	 1.000001E-2	 3.296523E-6
2.200000E+1	 5.810763E-10	 1.000005E-2	 3.325342E-6
2.180000E+1	 5.552078E-10	 9.999773E-3	 3.353988E-6
2.160000E+1	 6.299851E-10	 9.999946E-3	 3.385648E-6
2.140000E+1	 5.276091E-10	 9.999857E-3	 3.409857E-6
2.120000E+1	 5.186626E-10	 9.999952E-3	 3.439160E-6
2.100000E+1	 5.131770E-10	 1.000007E-2	 3.468162E-6
2.080000E+1	 5.017413E-10	 9.999881E-3	 3.494207E-6
2.060000E+1	 4.781936E-10	 9.999998E-3	 3.523896E-6
2.040000E+1	 4.904314E-10	 1.000005E-2	 3.552023E-6
2.020000E+1	 4.655342E-10	 9.999977E-3	 3.575976E-6
2.000000E+1	 4.567142E-10	 9.999902E-3	 3.612864E-6
1.980000E+1	 4.482321E-10	 9.999927E-3	 3.638274E-6
1.960000E+1	 4.239252E-10	 1.000001E-2	 3.673121E-6
1.940000E+1	 4.218150E-10	 1.000001E-2	 3.698767E-6
1.920000E+1	 3.996180E-10	 1.000004E-2	 3.724247E-6
1.900000E+1	 3.961154E-10	 9.999976E-3	 3.752194E-6
1.880000E+1	 3.825270E-10	 1.000001E-2	 3.776328E-6
1.860000E+1	 3.660697E-10	 9.999882E-3	 3.803038E-6
1.840000E+1	 3.618914E-10	 9.999929E-3	 3.827271E-6
1.820000E+1	 3.540847E-10	 9.999895E-3	 3.852785E-6
1.800000E+1	 3.522702E-10	 9.999937E-3	 3.879005E-6
1.780000E+1	 3.274990E-10	 9.999875E-3	 3.903497E-6
1.760000E+1	 3.236166E-10	 1.000003E-2	 3.929642E-6
1.740000E+1	 3.046269E-10	 1.000001E-2	 3.955903E-6
1.720000E+1	 3.089313E-10	 9.999854E-3	 3.978375E-6
1.700000E+1	 3.142062E-10	 9.999980E-3	 4.011314E-6
1.680000E+1	 2.791383E-10	 9.999872E-3	 4.036023E-6
1.660000E+1	 2.647061E-10	 9.999999E-3	 4.060911E-6
1.640000E+1	 2.552954E-10	 9.999830E-3	 4.084906E-6
1.620000E+1	 2.557597E-10	 9.999933E-3	 4.110000E-6
1.600000E+1	 2.379517E-10	 9.999856E-3	 4.132543E-6
1.580000E+1	 2.313685E-10	 1.000000E-2	 4.158927E-6
1.560000E+1	 2.166830E-10	 9.999786E-3	 4.181442E-6
1.540000E+1	 2.118723E-10	 9.999813E-3	 4.208627E-6
1.520000E+1	 2.104796E-10	 9.999910E-3	 4.228708E-6
1.500000E+1	 1.784923E-10	 9.999897E-3	 4.255806E-6
1.480000E+1	 1.805600E-10	 9.999923E-3	 4.278032E-6
1.460000E+1	 1.725422E-10	 1.000000E-2	 4.301195E-6
1.440000E+1	 1.643557E-10	 9.999882E-3	 4.324829E-6
1.420000E+1	 1.528351E-10	 1.000006E-2	 4.348175E-6
1.400000E+1	 1.399220E-10	 1.000000E-2	 4.369784E-6
1.380000E+1	 1.401332E-10	 9.999923E-3	 4.393072E-6
1.360000E+1	 1.166701E-10	 9.999888E-3	 4.416420E-6
1.340000E+1	 1.073018E-10	 1.000010E-2	 4.436659E-6
1.320000E+1	 9.071727E-11	 9.999930E-3	 4.460451E-6
1.300000E+1	 8.105383E-11	 1.000001E-2	 4.482886E-6
1.280000E+1	 7.138989E-11	 9.999956E-3	 4.505003E-6
1.260000E+1	 6.054465E-11	 1.000003E-2	 4.527782E-6
1.240000E+1	 5.822362E-11	 9.999925E-3	 4.550847E-6
1.220000E+1	 5.050119E-11	 9.999718E-3	 4.572123E-6
1.200000E+1	 3.421205E-11	 1.000004E-2	 4.594684E-6
1.180000E+1	 3.438101E-11	 9.999827E-3	 4.615849E-6
1.160000E+1	 7.964129E-12	 9.999902E-3	 4.638764E-6
1.140000E+1	 9.989676E-12	 9.999670E-3	 4.658400E-6
1.120000E+1	 -9.928586E-12	 1.000006E-2	 4.677244E-6
1.100000E+1	 -1.039271E-11	 9.999962E-3	 4.706347E-6
1.080000E+1	 -2.178660E-11	 1.000016E-2	 4.727416E-6
1.060000E+1	 -5.124187E-11	 9.999976E-3	 4.746516E-6
1.040000E+1	 -4.394143E-11	 1.000005E-2	 4.767872E-6
1.020000E+1	 -5.246568E-11	 9.999977E-3	 4.789013E-6
1.000000E+1	 -7.824965E-11	 9.999999E-3	 4.809122E-6
9.800000E+0	 -6.297333E-11	 9.999976E-3	 4.830013E-6
9.600000E+0	 -7.926237E-11	 1.000004E-2	 4.848973E-6
9.400001E+0	 -1.143302E-10	 1.000011E-2	 4.868346E-6
9.200001E+0	 -1.060591E-10	 1.000008E-2	 4.888784E-6
9.000000E+0	 -1.218839E-10	 9.999709E-3	 4.906657E-6
8.800000E+0	 -1.351346E-10	 9.999656E-3	 4.928809E-6
8.600000E+0	 -1.443763E-10	 9.999995E-3	 4.943011E-6
8.400001E+0	 -1.578380E-10	 9.999703E-3	 4.965867E-6
8.200000E+0	 -1.650119E-10	 9.999823E-3	 4.983237E-6
8.000000E+0	 -1.705400E-10	 9.999907E-3	 5.001073E-6
7.800000E+0	 -1.742958E-10	 9.999799E-3	 5.020406E-6
7.600000E+0	 -1.847613E-10	 9.999908E-3	 5.039334E-6
7.400000E+0	 -2.083941E-10	 9.999701E-3	 5.057870E-6
7.200000E+0	 -2.041738E-10	 9.999952E-3	 5.075893E-6
7.000000E+0	 -2.195776E-10	 9.999969E-3	 5.092333E-6
6.800000E+0	 -2.266254E-10	 9.999989E-3	 5.108474E-6
6.600000E+0	 -2.301281E-10	 1.000006E-2	 5.124543E-6
6.400000E+0	 -2.559136E-10	 9.999810E-3	 5.139605E-6
6.200000E+0	 -2.641430E-10	 9.999964E-3	 5.156443E-6
6.000000E+0	 -2.749045E-10	 9.999893E-3	 5.172020E-6
5.800000E+0	 -2.783651E-10	 9.999837E-3	 5.188418E-6
5.600000E+0	 -2.912789E-10	 9.999856E-3	 5.202824E-6
5.400000E+0	 -2.944441E-10	 9.999949E-3	 5.217916E-6
5.200000E+0	 -3.207360E-10	 9.999741E-3	 5.232167E-6
5.000000E+0	 -3.512059E-10	 9.999669E-3	 5.247274E-6
4.800000E+0	 -3.306112E-10	 9.999907E-3	 5.264932E-6
4.600000E+0	 -3.389251E-10	 9.999758E-3	 5.279312E-6
4.400000E+0	 -3.577895E-10	 9.999797E-3	 5.294879E-6
4.200000E+0	 -3.659344E-10	 9.999762E-3	 5.312721E-6
4.000000E+0	 -3.707032E-10	 9.999786E-3	 5.326565E-6
3.800000E+0	 -3.864445E-10	 9.999962E-3	 5.346026E-6
3.600000E+0	 -3.883437E-10	 9.999882E-3	 5.362037E-6
3.400000E+0	 -3.988944E-10	 9.999787E-3	 5.373331E-6
3.200000E+0	 -4.031566E-10	 9.999698E-3	 5.390201E-6
3.000000E+0	 -4.076723E-10	 9.999795E-3	 5.406600E-6
2.800000E+0	 -4.427844E-10	 9.999848E-3	 5.420325E-6
2.600000E+0	 -4.305035E-10	 9.999763E-3	 5.437092E-6
2.400000E+0	 -4.540102E-10	 9.999530E-3	 5.453031E-6
2.200000E+0	 -4.665863E-10	 9.999713E-3	 5.470303E-6
2.000000E+0	 -4.740562E-10	 9.999741E-3	 5.484219E-6
1.800000E+0	 -4.807661E-10	 9.999711E-3	 5.500191E-6
1.600000E+0	 -4.819478E-10	 9.999799E-3	 5.521867E-6
1.400000E+0	 -5.006858E-10	 9.999823E-3	 5.534765E-6
1.200000E+0	 -5.200142E-10	 9.999645E-3	 5.551796E-6
1.000000E+0	 -5.376971E-10	 9.999813E-3	 5.566338E-6
8.000002E-1	 -4.477642E-10	 9.999812E-3	 5.581153E-6
6.000001E-1	 -5.490915E-10	 9.999808E-3	 5.597047E-6
4.000002E-1	 -5.626803E-10	 9.999769E-3	 5.615121E-6
2.000002E-1	 -5.706568E-10	 9.999755E-3	 5.625406E-6
1.490116E-7	 -5.720915E-10	 9.999936E-3	 5.641659E-6
-1.999999E-1	 -5.804472E-10	 9.999811E-3	 5.658970E-6
-3.999999E-1	 -5.939518E-10	 9.999775E-3	 5.676156E-6
-5.999998E-1	 -5.961041E-10	 9.999874E-3	 5.689409E-6
-7.999998E-1	 -6.190197E-10	 9.999648E-3	 5.705851E-6
-9.999999E-1	 -6.349721E-10	 9.999773E-3	 5.717728E-6
-1.200000E+0	 -6.305410E-10	 9.999919E-3	 5.732162E-6
-1.400000E+0	 -6.523596E-10	 9.999755E-3	 5.747098E-6
-1.600000E+0	 -6.645139E-10	 9.999823E-3	 5.761599E-6
-1.800000E+0	 -6.700421E-10	 9.999814E-3	 5.780430E-6
-2.000000E+0	 -6.758240E-10	 9.999736E-3	 5.793964E-6
-2.200000E+0	 -6.826182E-10	 9.999610E-3	 5.806726E-6
-2.400000E+0	 -7.041415E-10	 1.000005E-2	 5.819861E-6
-2.600000E+0	 -7.180680E-10	 9.999757E-3	 5.836835E-6
-2.800000E+0	 -7.122017E-10	 9.999907E-3	 5.851557E-6
-3.000000E+0	 -7.335986E-10	 9.999872E-3	 5.866394E-6
-3.200000E+0	 -7.393799E-10	 9.999875E-3	 5.878407E-6
-3.400000E+0	 -7.585821E-10	 9.999968E-3	 5.889000E-6
-3.600000E+0	 -7.687104E-10	 9.999881E-3	 5.904762E-6
-3.800000E+0	 -7.650384E-10	 9.999737E-3	 5.918072E-6
-4.000000E+0	 -7.839033E-10	 9.999856E-3	 5.931603E-6
-4.200000E+0	 -7.896003E-10	 9.999776E-3	 5.945520E-6
-4.400000E+0	 -8.020922E-10	 9.999849E-3	 5.959055E-6
-4.600000E+0	 -8.215896E-10	 9.999895E-3	 5.971301E-6
-4.800000E+0	 -8.210831E-10	 9.999705E-3	 5.984465E-6
-5.000000E+0	 -8.265269E-10	 9.999843E-3	 5.995282E-6
-5.200000E+0	 -8.398632E-10	 9.999743E-3	 6.008252E-6
-5.400000E+0	 -8.577992E-10	 9.999736E-3	 6.019653E-6
-5.600000E+0	 -8.572504E-10	 9.999933E-3	 6.034002E-6
-5.800000E+0	 -8.708814E-10	 1.000000E-2	 6.046789E-6
-6.000000E+0	 -8.800817E-10	 9.999810E-3	 6.061270E-6
-6.200000E+0	 -8.860321E-10	 9.999760E-3	 6.075751E-6
-6.400000E+0	 -9.032085E-10	 9.999734E-3	 6.085811E-6
-6.600000E+0	 -9.197093E-10	 9.999833E-3	 6.098140E-6
-6.800000E+0	 -9.310197E-10	 9.999830E-3	 6.110423E-6
-7.000000E+0	 -9.360833E-10	 9.999773E-3	 6.124726E-6
-7.200000E+0	 -9.377298E-10	 9.999542E-3	 6.138091E-6
-7.400000E+0	 -9.726729E-10	 9.999872E-3	 6.148025E-6
-7.600000E+0	 -9.659631E-10	 9.999833E-3	 6.160717E-6
-7.800000E+0	 -9.779479E-10	 9.999992E-3	 6.170420E-6
-8.000000E+0	 -9.971083E-10	 9.999930E-3	 6.186582E-6
-8.200000E+0	 -9.963905E-10	 9.999808E-3	 6.196368E-6
-8.400000E+0	 -1.001371E-9	 9.999879E-3	 6.211573E-6
-8.600000E+0	 -1.009473E-9	 9.999860E-3	 6.222904E-6
-8.800000E+0	 -1.046611E-9	 9.999892E-3	 6.233362E-6
-9.000000E+0	 -1.040914E-9	 9.999926E-3	 6.244251E-6
-9.200000E+0	 -1.053321E-9	 9.999890E-3	 6.255074E-6
-9.400000E+0	 -1.071679E-9	 9.999882E-3	 6.265113E-6
-9.600000E+0	 -1.064252E-9	 9.999870E-3	 6.275073E-6
-9.800000E+0	 -1.082525E-9	 9.999874E-3	 6.289500E-6
-1.000000E+1	 -1.090332E-9	 9.999942E-3	 6.300636E-6
