-1.000000E+1	 -1.331864E-9	 9.982806E-3	 6.063256E-6
-9.800000E+0	 -9.948782E-10	 9.983039E-3	 6.041434E-6
-9.600000E+0	 -8.331160E-10	 9.983385E-3	 6.019860E-6
-9.400000E+0	 -7.631865E-10	 9.982916E-3	 5.995958E-6
-9.200000E+0	 -6.907676E-10	 9.982924E-3	 5.973636E-6
-9.000000E+0	 -6.094014E-10	 9.983040E-3	 5.951605E-6
-8.800000E+0	 -5.582099E-10	 9.983153E-3	 5.927575E-6
-8.600000E+0	 -4.973541E-10	 9.983042E-3	 5.904732E-6
-8.400000E+0	 -4.571352E-10	 9.983271E-3	 5.880022E-6
-8.200000E+0	 -4.170850E-10	 9.983156E-3	 5.854615E-6
-8.000000E+0	 -3.680458E-10	 9.982923E-3	 5.832198E-6
-7.800000E+0	 -3.406565E-10	 9.983609E-3	 5.809100E-6
-7.600000E+0	 -3.074010E-10	 9.982808E-3	 5.784312E-6
-7.400000E+0	 -2.775640E-10	 9.983039E-3	 5.757797E-6
-7.200000E+0	 -2.493305E-10	 9.982922E-3	 5.733751E-6
-7.000000E+0	 -2.247687E-10	 9.983148E-3	 5.708122E-6
-6.800000E+0	 -2.000803E-10	 9.982686E-3	 5.682882E-6
-6.600000E+0	 -1.703289E-10	 9.983157E-3	 5.657630E-6
-6.400000E+0	 -1.460217E-10	 9.982808E-3	 5.635025E-6
-6.200000E+0	 -1.221366E-10	 9.983387E-3	 5.608603E-6
-6.000000E+0	 -1.096877E-10	 9.983262E-3	 5.580429E-6
-5.800000E+0	 -9.580384E-11	 9.982692E-3	 5.554306E-6
-5.600000E+0	 -6.955550E-11	 9.983383E-3	 5.526075E-6
-5.400000E+0	 -5.516544E-11	 9.983041E-3	 5.499958E-6
-5.200000E+0	 -3.309493E-11	 9.982232E-3	 5.472440E-6
-5.000000E+0	 -2.385304E-11	 9.982919E-3	 5.446073E-6
-4.800000E+0	 2.395209E-12	 9.983155E-3	 5.417011E-6
-4.600000E+0	 1.357822E-11	 9.983038E-3	 5.390273E-6
-4.400000E+0	 2.978294E-11	 9.983269E-3	 5.362215E-6
-4.200000E+0	 4.746478E-11	 9.983374E-3	 5.332967E-6
-4.000000E+0	 5.755052E-11	 9.982806E-3	 5.305017E-6
-3.800000E+0	 6.839593E-11	 9.983498E-3	 5.275454E-6
-3.600000E+0	 8.649956E-11	 9.982917E-3	 5.246186E-6
-3.400000E+0	 1.094565E-10	 9.983622E-3	 5.217254E-6
-3.200000E+0	 1.125790E-10	 9.983272E-3	 5.188013E-6
-3.000000E+0	 1.289526E-10	 9.983272E-3	 5.158712E-6
-2.800000E+0	 1.348185E-10	 9.983039E-3	 5.128653E-6
-2.600000E+0	 1.625438E-10	 9.983617E-3	 5.099251E-6
-2.400000E+0	 1.714900E-10	 9.983728E-3	 5.069981E-6
-2.200000E+0	 1.747817E-10	 9.983616E-3	 5.038835E-6
-2.000000E+0	 1.931389E-10	 9.983733E-3	 5.010440E-6
-1.800000E+0	 2.063051E-10	 9.983269E-3	 4.978009E-6
-1.600000E+0	 2.133102E-10	 9.983270E-3	 4.946430E-6
-1.400000E+0	 2.439895E-10	 9.983618E-3	 4.914952E-6
-1.200000E+0	 2.279959E-10	 9.983849E-3	 4.884792E-6
-9.999999E-1	 2.446645E-10	 9.983502E-3	 4.852574E-6
-7.999998E-1	 2.582954E-10	 9.984076E-3	 4.823429E-6
-5.999998E-1	 2.617134E-10	 9.983270E-3	 4.790404E-6
-3.999999E-1	 2.824336E-10	 9.983728E-3	 4.757932E-6
-1.999999E-1	 2.878776E-10	 9.983269E-3	 4.726926E-6
1.490116E-7	 2.917596E-10	 9.982808E-3	 4.694755E-6
2.000002E-1	 2.945033E-10	 9.982919E-3	 4.664370E-6
4.000002E-1	 3.117206E-10	 9.983038E-3	 4.631196E-6
6.000001E-1	 3.216375E-10	 9.983260E-3	 4.598733E-6
8.000002E-1	 3.402902E-10	 9.982808E-3	 4.565720E-6
1.000000E+0	 3.499958E-10	 9.983500E-3	 4.532849E-6
1.200000E+0	 3.560728E-10	 9.983271E-3	 4.501011E-6
1.400000E+0	 3.645548E-10	 9.983502E-3	 4.470309E-6
1.600000E+0	 3.772148E-10	 9.983390E-3	 4.438931E-6
1.800000E+0	 3.818146E-10	 9.983504E-3	 4.406312E-6
2.000000E+0	 3.976817E-10	 9.983384E-3	 4.375844E-6
2.200000E+0	 3.981463E-10	 9.983610E-3	 4.347742E-6
2.400000E+0	 4.156591E-10	 9.983384E-3	 4.324887E-6
2.600000E+0	 4.257447E-10	 9.983497E-3	 4.296238E-6
2.800000E+0	 4.383624E-10	 9.983497E-3	 4.264092E-6
3.000000E+0	 4.487017E-10	 9.983732E-3	 4.235724E-6
3.200000E+0	 4.522887E-10	 9.983853E-3	 4.206429E-6
3.400000E+0	 4.698437E-10	 9.984077E-3	 4.176877E-6
3.600000E+0	 4.727975E-10	 9.983501E-3	 4.150782E-6
3.800000E+0	 4.875676E-10	 9.983731E-3	 4.124171E-6
4.000000E+0	 4.974844E-10	 9.983613E-3	 4.096998E-6
4.200000E+0	 5.018734E-10	 9.984076E-3	 4.069923E-6
4.400000E+0	 5.128031E-10	 9.984304E-3	 4.041087E-6
4.600000E+0	 5.247037E-10	 9.984312E-3	 4.013519E-6
4.800000E+0	 5.365615E-10	 9.983967E-3	 3.986421E-6
5.000000E+0	 5.435671E-10	 9.984193E-3	 3.962351E-6
5.200000E+0	 5.537792E-10	 9.984072E-3	 3.936122E-6
5.400000E+0	 5.627680E-10	 9.983495E-3	 3.910078E-6
5.600000E+0	 5.727694E-10	 9.983506E-3	 3.883340E-6
5.800000E+0	 5.817580E-10	 9.983962E-3	 3.856032E-6
6.000000E+0	 5.896489E-10	 9.983841E-3	 3.829701E-6
6.200000E+0	 5.966962E-10	 9.983621E-3	 3.802540E-6
6.400000E+0	 6.055161E-10	 9.983618E-3	 3.774283E-6
6.600000E+0	 6.168258E-10	 9.983039E-3	 3.745901E-6
6.800000E+0	 6.267429E-10	 9.983613E-3	 3.714677E-6
7.000000E+0	 6.364911E-10	 9.983838E-3	 3.685461E-6
7.200000E+0	 6.359846E-10	 9.984194E-3	 3.655731E-6
7.400000E+0	 6.530754E-10	 9.983617E-3	 3.623846E-6
7.600000E+0	 6.572954E-10	 9.983728E-3	 3.592730E-6
7.800000E+0	 6.687320E-10	 9.982811E-3	 3.559155E-6
8.000000E+0	 6.769607E-10	 9.983849E-3	 3.528075E-6
8.200000E+0	 6.788174E-10	 9.983964E-3	 3.495564E-6
8.400001E+0	 6.996218E-10	 9.983500E-3	 3.463585E-6
8.600000E+0	 7.179792E-10	 9.983390E-3	 3.431230E-6
8.800000E+0	 7.242672E-10	 9.983853E-3	 3.399067E-6
9.000000E+0	 7.296688E-10	 9.983841E-3	 3.367559E-6
9.200001E+0	 7.316095E-10	 9.983275E-3	 3.335335E-6
9.400001E+0	 7.502200E-10	 9.983616E-3	 3.303557E-6
9.600000E+0	 7.552413E-10	 9.983269E-3	 3.271665E-6
9.800000E+0	 7.665091E-10	 9.983730E-3	 3.241960E-6
1.000000E+1	 7.629217E-10	 9.983503E-3	 3.209419E-6
9.800000E+0	 4.932644E-10	 9.982922E-3	 3.245653E-6
9.600000E+0	 4.291628E-10	 9.983961E-3	 3.281426E-6
9.400001E+0	 3.555664E-10	 9.983958E-3	 3.316432E-6
9.200001E+0	 3.039556E-10	 9.983730E-3	 3.352963E-6
9.000000E+0	 2.586332E-10	 9.983271E-3	 3.388055E-6
8.800000E+0	 2.276161E-10	 9.983259E-3	 3.421940E-6
8.600000E+0	 1.924214E-10	 9.983385E-3	 3.456712E-6
8.400001E+0	 1.671016E-10	 9.983271E-3	 3.489335E-6
8.200000E+0	 1.351561E-10	 9.983269E-3	 3.522486E-6
8.000000E+0	 1.044347E-10	 9.982918E-3	 3.557226E-6
7.800000E+0	 8.012724E-11	 9.983731E-3	 3.588858E-6
7.600000E+0	 6.236137E-11	 9.983611E-3	 3.623060E-6
7.400000E+0	 3.809650E-11	 9.983726E-3	 3.653419E-6
7.200000E+0	 2.366404E-11	 9.983728E-3	 3.686183E-6
7.000000E+0	 2.353062E-12	 9.983269E-3	 3.716729E-6
6.800000E+0	 -1.499104E-11	 9.983270E-3	 3.748272E-6
6.600000E+0	 -3.621754E-11	 9.983272E-3	 3.776744E-6
6.400000E+0	 -5.799275E-11	 9.983146E-3	 3.806114E-6
6.200000E+0	 -7.394425E-11	 9.983497E-3	 3.834217E-6
6.000000E+0	 -1.015008E-10	 9.983039E-3	 3.860819E-6
5.800000E+0	 -9.263880E-11	 9.983731E-3	 3.887851E-6
5.600000E+0	 -1.131480E-10	 9.983613E-3	 3.915038E-6
5.400000E+0	 -1.316316E-10	 9.983500E-3	 3.941068E-6
5.200000E+0	 -1.385523E-10	 9.983269E-3	 3.965835E-6
5.000000E+0	 -1.607917E-10	 9.982919E-3	 3.991981E-6
4.800000E+0	 -1.702444E-10	 9.983503E-3	 4.015802E-6
4.600000E+0	 -1.848878E-10	 9.983611E-3	 4.037386E-6
4.400000E+0	 -2.039630E-10	 9.983493E-3	 4.062901E-6
4.200000E+0	 -2.121080E-10	 9.983851E-3	 4.086765E-6
4.000000E+0	 -2.479379E-10	 9.983157E-3	 4.109773E-6
3.800000E+0	 -2.392020E-10	 9.983492E-3	 4.132110E-6
3.600000E+0	 -2.527067E-10	 9.982696E-3	 4.154315E-6
3.400000E+0	 -2.598390E-10	 9.983727E-3	 4.174372E-6
3.200000E+0	 -2.806025E-10	 9.982924E-3	 4.197857E-6
3.000000E+0	 -2.875237E-10	 9.982921E-3	 4.219900E-6
2.800000E+0	 -2.923770E-10	 9.983728E-3	 4.245775E-6
2.600000E+0	 -3.134782E-10	 9.983614E-3	 4.270433E-6
2.400000E+0	 -3.222985E-10	 9.983498E-3	 4.295438E-6
2.200000E+0	 -3.297261E-10	 9.983614E-3	 4.320420E-6
2.000000E+0	 -3.431042E-10	 9.983732E-3	 4.345858E-6
1.800000E+0	 -3.517136E-10	 9.982798E-3	 4.369100E-6
1.600000E+0	 -3.685524E-10	 9.983384E-3	 4.390807E-6
1.400000E+0	 -3.773305E-10	 9.982922E-3	 4.414816E-6
1.200000E+0	 -3.806644E-10	 9.983497E-3	 4.441988E-6
1.000000E+0	 -3.926077E-10	 9.983269E-3	 4.467668E-6
8.000002E-1	 -4.049729E-10	 9.982456E-3	 4.512696E-6
6.000001E-1	 -4.313917E-10	 9.982575E-3	 4.653041E-6
4.000002E-1	 -4.250614E-10	 9.982459E-3	 4.685980E-6
2.000002E-1	 -4.248503E-10	 9.982460E-3	 4.718097E-6
1.490116E-7	 -4.410561E-10	 9.982221E-3	 4.749516E-6
-1.999999E-1	 -4.507626E-10	 9.982333E-3	 4.781823E-6
-3.999999E-1	 -4.584855E-10	 9.982691E-3	 4.813815E-6
-5.999998E-1	 -4.765059E-10	 9.982680E-3	 4.846714E-6
-7.999998E-1	 -4.807261E-10	 9.982805E-3	 4.875927E-6
-9.999999E-1	 -5.002238E-10	 9.982688E-3	 4.907210E-6
-1.200000E+0	 -5.043173E-10	 9.983033E-3	 4.940116E-6
-1.400000E+0	 -5.214515E-10	 9.982695E-3	 4.971505E-6
-1.600000E+0	 -5.223376E-10	 9.982680E-3	 5.003511E-6
-1.800000E+0	 -5.409069E-10	 9.982581E-3	 5.036342E-6
-2.000000E+0	 -5.410334E-10	 9.982572E-3	 5.067941E-6
-2.200000E+0	 -5.565216E-10	 9.982812E-3	 5.097812E-6
-2.400000E+0	 -5.651311E-10	 9.982347E-3	 5.128108E-6
-2.600000E+0	 -5.763989E-10	 9.982460E-3	 5.160947E-6
-2.800000E+0	 -5.882580E-10	 9.982230E-3	 5.194744E-6
-3.000000E+0	 -5.883422E-10	 9.982460E-3	 5.224064E-6
-3.200000E+0	 -6.058141E-10	 9.982693E-3	 5.254316E-6
-3.400000E+0	 -6.146341E-10	 9.983146E-3	 5.286279E-6
-3.600000E+0	 -6.194877E-10	 9.982342E-3	 5.318796E-6
-3.800000E+0	 -6.332456E-10	 9.982230E-3	 5.348591E-6
-4.000000E+0	 -6.409687E-10	 9.982691E-3	 5.379031E-6
-4.200000E+0	 -6.521104E-10	 9.982691E-3	 5.413248E-6
-4.400000E+0	 -6.597488E-10	 9.982806E-3	 5.443804E-6
-4.600000E+0	 -6.728736E-10	 9.982109E-3	 5.471119E-6
-4.800000E+0	 -6.758281E-10	 9.981883E-3	 5.502293E-6
-5.000000E+0	 -6.889949E-10	 9.982803E-3	 5.534650E-6
-5.200000E+0	 -7.030485E-10	 9.982688E-3	 5.563345E-6
-5.400000E+0	 -7.049477E-10	 9.982577E-3	 5.593130E-6
-5.600000E+0	 -7.144852E-10	 9.983155E-3	 5.622005E-6
-5.800000E+0	 -7.261333E-10	 9.982227E-3	 5.653293E-6
-6.000000E+0	 -7.309864E-10	 9.982343E-3	 5.683101E-6
-6.200000E+0	 -7.415371E-10	 9.982465E-3	 5.712743E-6
-6.400000E+0	 -7.492600E-10	 9.982230E-3	 5.744474E-6
-6.600000E+0	 -7.552949E-10	 9.982922E-3	 5.771239E-6
-6.800000E+0	 -7.697702E-10	 9.983156E-3	 5.801071E-6
-7.000000E+0	 -7.807430E-10	 9.982925E-3	 5.832493E-6
-7.200000E+0	 -7.831064E-10	 9.983269E-3	 5.859544E-6
-7.400000E+0	 -7.946277E-10	 9.982688E-3	 5.890788E-6
-7.600000E+0	 -8.067820E-10	 9.982344E-3	 5.921323E-6
-7.800000E+0	 -8.248440E-10	 9.982804E-3	 5.946653E-6
-8.000000E+0	 -8.210040E-10	 9.982578E-3	 5.975703E-6
-8.200000E+0	 -8.287694E-10	 9.983042E-3	 6.005214E-6
-8.400000E+0	 -8.343396E-10	 9.983036E-3	 6.033293E-6
-8.600000E+0	 -8.421473E-10	 9.982806E-3	 6.063842E-6
-8.800000E+0	 -8.627001E-10	 9.983267E-3	 6.090359E-6
-9.000000E+0	 -8.706340E-10	 9.982809E-3	 6.117982E-6
-9.200000E+0	 -8.754454E-10	 9.982805E-3	 6.146332E-6
-9.400000E+0	 -8.889919E-10	 9.982574E-3	 6.174570E-6
-9.600000E+0	 -8.930011E-10	 9.982913E-3	 6.202440E-6
-9.800000E+0	 -9.093337E-10	 9.983269E-3	 6.229878E-6
-1.000000E+1	 -9.107683E-10	 9.982456E-3	 6.257404E-6
-9.800000E+0	 -6.250581E-10	 9.982339E-3	 6.234314E-6
-9.600000E+0	 -5.426792E-10	 9.982803E-3	 6.209561E-6
-9.400000E+0	 -4.824562E-10	 9.982808E-3	 6.186485E-6
-9.200000E+0	 -4.342613E-10	 9.983029E-3	 6.163580E-6
-9.000000E+0	 -3.940848E-10	 9.983036E-3	 6.138684E-6
-8.800000E+0	 -3.638254E-10	 9.983041E-3	 6.115325E-6
-8.600000E+0	 -3.258013E-10	 9.982577E-3	 6.090641E-6
-8.400000E+0	 -2.995091E-10	 9.983267E-3	 6.063623E-6
-8.200000E+0	 -2.540572E-10	 9.982919E-3	 6.040964E-6
-8.000000E+0	 -2.388643E-10	 9.983039E-3	 6.014731E-6
-7.800000E+0	 -2.187760E-10	 9.983383E-3	 5.989134E-6
-7.600000E+0	 -1.843392E-10	 9.983266E-3	 5.962765E-6
-7.400000E+0	 -1.798660E-10	 9.982805E-3	 5.937336E-6
-7.200000E+0	 -1.559809E-10	 9.983269E-3	 5.912082E-6
-7.000000E+0	 -1.392275E-10	 9.982803E-3	 5.883492E-6
-6.800000E+0	 -1.204486E-10	 9.983029E-3	 5.857451E-6
-6.600000E+0	 -9.964412E-11	 9.982921E-3	 5.832191E-6
-6.400000E+0	 -1.029357E-10	 9.983494E-3	 5.805439E-6
-6.200000E+0	 -7.221419E-11	 9.983610E-3	 5.781222E-6
-6.000000E+0	 -4.001567E-11	 9.983383E-3	 5.753095E-6
-5.800000E+0	 -4.478415E-11	 9.983732E-3	 5.724374E-6
-5.600000E+0	 -5.166562E-13	 9.983500E-3	 5.698295E-6
-5.400000E+0	 -1.815606E-11	 9.983500E-3	 5.669325E-6
-5.200000E+0	 2.509867E-11	 9.983726E-3	 5.643751E-6
-5.000000E+0	 3.450268E-12	 9.983496E-3	 5.611741E-6
-4.800000E+0	 8.426312E-11	 9.983497E-3	 5.586442E-6
-4.600000E+0	 5.607331E-11	 9.984075E-3	 5.556852E-6
-4.400000E+0	 6.548401E-11	 9.984072E-3	 5.528184E-6
-4.200000E+0	 5.092504E-11	 9.983267E-3	 5.495982E-6
-4.000000E+0	 1.148155E-10	 9.983498E-3	 5.469751E-6
-3.800000E+0	 7.607628E-11	 9.983260E-3	 5.438456E-6
-3.600000E+0	 1.679452E-10	 9.983029E-3	 5.409090E-6
-3.400000E+0	 8.341894E-11	 9.982800E-3	 5.380215E-6
-3.200000E+0	 1.860068E-10	 9.983382E-3	 5.350422E-6
-3.000000E+0	 7.447271E-11	 9.983153E-3	 5.322594E-6
-2.800000E+0	 2.120864E-10	 9.983039E-3	 5.291871E-6
-2.600000E+0	 1.322020E-10	 9.983039E-3	 5.260873E-6
-2.400000E+0	 2.398116E-10	 9.983152E-3	 5.230758E-6
-2.200000E+0	 1.128744E-10	 9.983258E-3	 5.199909E-6
-2.000000E+0	 2.813363E-10	 9.983034E-3	 5.167346E-6
-1.800000E+0	 2.880460E-10	 9.982800E-3	 5.135916E-6
-1.600000E+0	 3.104120E-10	 9.983500E-3	 5.107486E-6
-1.400000E+0	 1.651598E-10	 9.983035E-3	 5.074725E-6
-1.200000E+0	 3.458177E-10	 9.983388E-3	 5.042890E-6
-9.999999E-1	 1.862600E-10	 9.983383E-3	 5.010086E-6
-7.999998E-1	 3.540467E-10	 9.983723E-3	 4.979194E-6
-5.999998E-1	 2.082882E-10	 9.982918E-3	 4.948329E-6
-3.999999E-1	 3.774253E-10	 9.983038E-3	 4.916974E-6
-1.999999E-1	 2.236911E-10	 9.983039E-3	 4.883489E-6
1.490116E-7	 3.835866E-10	 9.983267E-3	 4.853809E-6
2.000002E-1	 2.392631E-10	 9.983036E-3	 4.819711E-6
4.000002E-1	 4.019435E-10	 9.983147E-3	 4.788560E-6
6.000001E-1	 2.566496E-10	 9.983039E-3	 4.755982E-6
8.000002E-1	 4.187394E-10	 9.983040E-3	 4.723384E-6
1.000000E+0	 2.753019E-10	 9.982810E-3	 4.691199E-6
1.200000E+0	 4.408097E-10	 9.983157E-3	 4.657517E-6
1.400000E+0	 2.875397E-10	 9.983157E-3	 4.625278E-6
1.600000E+0	 4.604748E-10	 9.983379E-3	 4.593147E-6
1.800000E+0	 3.070785E-10	 9.983383E-3	 4.562118E-6
2.000000E+0	 4.833896E-10	 9.983151E-3	 4.529213E-6
2.200000E+0	 3.273763E-10	 9.983155E-3	 4.504539E-6
2.400000E+0	 5.024218E-10	 9.983155E-3	 4.476563E-6
2.600000E+0	 3.506287E-10	 9.983038E-3	 4.446871E-6
2.800000E+0	 5.289232E-10	 9.983155E-3	 4.416441E-6
3.000000E+0	 3.633731E-10	 9.983142E-3	 4.388493E-6
3.200000E+0	 5.447907E-10	 9.983618E-3	 4.359312E-6
3.400000E+0	 3.822786E-10	 9.983152E-3	 4.330600E-6
3.600000E+0	 5.751322E-10	 9.982919E-3	 4.299864E-6
3.800000E+0	 4.015220E-10	 9.983376E-3	 4.273237E-6
4.000000E+0	 5.772002E-10	 9.983269E-3	 4.245203E-6
4.200000E+0	 4.176425E-10	 9.983269E-3	 4.218850E-6
4.400000E+0	 6.029839E-10	 9.982919E-3	 4.192852E-6
4.600000E+0	 4.389533E-10	 9.983039E-3	 4.163246E-6
4.800000E+0	 6.163615E-10	 9.983038E-3	 4.134698E-6
5.000000E+0	 4.533011E-10	 9.983152E-3	 4.108022E-6
5.200000E+0	 6.280083E-10	 9.982921E-3	 4.080096E-6
5.400000E+0	 4.706450E-10	 9.982805E-3	 4.054440E-6
5.600000E+0	 6.642583E-10	 9.982693E-3	 4.025560E-6
5.800000E+0	 4.946146E-10	 9.983269E-3	 3.998409E-6
6.000000E+0	 6.697863E-10	 9.982578E-3	 3.971141E-6
6.200000E+0	 5.060932E-10	 9.983035E-3	 3.941987E-6
6.400000E+0	 6.900425E-10	 9.983151E-3	 3.913424E-6
6.600000E+0	 5.223825E-10	 9.982808E-3	 3.883086E-6
6.800000E+0	 7.075553E-10	 9.982806E-3	 3.851751E-6
7.000000E+0	 5.461409E-10	 9.982459E-3	 3.821349E-6
7.200000E+0	 7.240136E-10	 9.982922E-3	 3.789551E-6
7.400000E+0	 5.625146E-10	 9.983155E-3	 3.755802E-6
7.600000E+0	 7.404714E-10	 9.982923E-3	 3.723049E-6
7.800000E+0	 5.793098E-10	 9.982917E-3	 3.690836E-6
8.000000E+0	 7.583216E-10	 9.983149E-3	 3.657866E-6
8.200000E+0	 5.896906E-10	 9.983155E-3	 3.625094E-6
8.400001E+0	 7.781555E-10	 9.983732E-3	 3.591181E-6
8.600000E+0	 6.079635E-10	 9.983725E-3	 3.558371E-6
8.800000E+0	 6.235776E-10	 9.983726E-3	 3.524583E-6
9.000000E+0	 6.264891E-10	 9.983730E-3	 3.491568E-6
9.200001E+0	 6.417660E-10	 9.983618E-3	 3.458504E-6
9.400001E+0	 6.505433E-10	 9.983843E-3	 3.424899E-6
9.600000E+0	 8.449581E-10	 9.983963E-3	 3.392280E-6
9.800000E+0	 6.796190E-10	 9.983501E-3	 3.358611E-6
1.000000E+1	 8.590948E-10	 9.982922E-3	 3.326444E-6
9.800000E+0	 4.015213E-10	 9.983614E-3	 3.362160E-6
9.600000E+0	 4.913652E-10	 9.983269E-3	 3.398212E-6
9.400001E+0	 2.625996E-10	 9.983040E-3	 3.433883E-6
9.200001E+0	 3.810973E-10	 9.983150E-3	 3.468089E-6
9.000000E+0	 1.768498E-10	 9.983155E-3	 3.503413E-6
8.800000E+0	 3.057278E-10	 9.982802E-3	 3.538393E-6
8.600000E+0	 1.057005E-10	 9.983152E-3	 3.570813E-6
8.400001E+0	 2.329755E-10	 9.982688E-3	 3.604821E-6
8.200000E+0	 5.041875E-11	 9.983389E-3	 3.638681E-6
8.000000E+0	 1.848674E-10	 9.983383E-3	 3.670971E-6
7.800000E+0	 3.619105E-12	 9.982922E-3	 3.704544E-6
7.600000E+0	 1.214833E-10	 9.983153E-3	 3.736571E-6
7.400000E+0	 -4.136601E-11	 9.983613E-3	 3.768630E-6
7.200000E+0	 7.443049E-11	 9.982688E-3	 3.800034E-6
7.000000E+0	 -4.609237E-11	 9.982686E-3	 3.828067E-6
6.800000E+0	 5.506071E-11	 9.982687E-3	 3.859470E-6
6.600000E+0	 -1.093922E-10	 9.983039E-3	 3.887822E-6
6.400000E+0	 1.091960E-11	 9.983151E-3	 3.915413E-6
6.200000E+0	 -9.036004E-11	 9.983147E-3	 3.945690E-6
6.000000E+0	 -1.348810E-10	 9.983151E-3	 3.971339E-6
5.800000E+0	 -1.534067E-10	 9.982688E-3	 3.999834E-6
5.600000E+0	 -7.651854E-11	 9.983152E-3	 4.024084E-6
5.400000E+0	 -1.866180E-10	 9.983039E-3	 4.050390E-6
5.200000E+0	 -8.820786E-11	 9.983495E-3	 4.073770E-6
5.000000E+0	 -1.954803E-10	 9.983955E-3	 4.098736E-6
4.800000E+0	 -1.627751E-10	 9.983954E-3	 4.122607E-6
4.600000E+0	 -1.920619E-10	 9.983958E-3	 4.146601E-6
4.400000E+0	 -1.831998E-10	 9.983958E-3	 4.171108E-6
4.200000E+0	 -2.284826E-10	 9.983152E-3	 4.194584E-6
4.000000E+0	 -2.069171E-10	 9.983260E-3	 4.216793E-6
3.800000E+0	 -2.415231E-10	 9.983149E-3	 4.237345E-6
3.600000E+0	 -2.479378E-10	 9.983039E-3	 4.259987E-6
3.400000E+0	 -2.649454E-10	 9.983150E-3	 4.280855E-6
3.200000E+0	 -2.765933E-10	 9.983851E-3	 4.303821E-6
3.000000E+0	 -2.897604E-10	 9.983611E-3	 4.326977E-6
2.800000E+0	 -2.975679E-10	 9.984074E-3	 4.351080E-6
2.600000E+0	 -3.100598E-10	 9.983731E-3	 4.374549E-6
2.400000E+0	 -3.237755E-10	 9.984074E-3	 4.399137E-6
2.200000E+0	 -3.293041E-10	 9.983961E-3	 4.425327E-6
2.000000E+0	 -3.449612E-10	 9.983383E-3	 4.449612E-6
1.800000E+0	 -3.485484E-10	 9.983502E-3	 4.471807E-6
1.600000E+0	 -3.623064E-10	 9.983618E-3	 4.495715E-6
1.400000E+0	 -3.707890E-10	 9.983266E-3	 4.519490E-6
1.200000E+0	 -3.794405E-10	 9.983146E-3	 4.545715E-6
1.000000E+0	 -3.955619E-10	 9.983383E-3	 4.574719E-6
8.000002E-1	 -4.026096E-10	 9.983610E-3	 4.626257E-6
6.000001E-1	 -4.167897E-10	 9.983374E-3	 4.734114E-6
4.000002E-1	 -4.173383E-10	 9.983849E-3	 4.789853E-6
2.000002E-1	 -4.426176E-10	 9.984078E-3	 4.822924E-6
1.490116E-7	 -4.476396E-10	 9.983958E-3	 4.853766E-6
-1.999999E-1	 -4.525350E-10	 9.983964E-3	 4.886487E-6
-3.999999E-1	 -4.672636E-10	 9.983961E-3	 4.917971E-6
-5.999998E-1	 -4.753242E-10	 9.983616E-3	 4.949673E-6
-7.999998E-1	 -4.842712E-10	 9.983951E-3	 4.979088E-6
-9.999999E-1	 -4.984514E-10	 9.983958E-3	 5.011861E-6
-1.200000E+0	 -4.990844E-10	 9.983730E-3	 5.043957E-6
-1.400000E+0	 -5.092128E-10	 9.983617E-3	 5.073619E-6
-1.600000E+0	 -5.373618E-10	 9.983612E-3	 5.106124E-6
-1.800000E+0	 -5.426792E-10	 9.983270E-3	 5.137401E-6
-2.000000E+0	 -5.550866E-10	 9.983498E-3	 5.169094E-6
-2.200000E+0	 -5.550865E-10	 9.984072E-3	 5.201939E-6
-2.400000E+0	 -5.696043E-10	 9.983954E-3	 5.232117E-6
-2.600000E+0	 -5.761456E-10	 9.983846E-3	 5.262864E-6
-2.800000E+0	 -5.836999E-10	 9.983846E-3	 5.295401E-6
-3.000000E+0	 -5.901569E-10	 9.983731E-3	 5.326028E-6
-3.200000E+0	 -5.995257E-10	 9.983608E-3	 5.356471E-6
-3.400000E+0	 -6.123554E-10	 9.983152E-3	 5.386273E-6
-3.600000E+0	 -6.212599E-10	 9.983152E-3	 5.418212E-6
-3.800000E+0	 -6.336676E-10	 9.983725E-3	 5.449553E-6
-4.000000E+0	 -6.321484E-10	 9.983611E-3	 5.478948E-6
-4.200000E+0	 -6.410109E-10	 9.983038E-3	 5.510607E-6
-4.400000E+0	 -6.594951E-10	 9.983266E-3	 5.543499E-6
-4.600000E+0	 -6.786130E-10	 9.983497E-3	 5.571381E-6
-4.800000E+0	 -6.763342E-10	 9.983147E-3	 5.601372E-6
-5.000000E+0	 -7.026263E-10	 9.983029E-3	 5.631249E-6
-5.200000E+0	 -6.999674E-10	 9.983269E-3	 5.661248E-6
-5.400000E+0	 -7.129236E-10	 9.983152E-3	 5.692286E-6
-5.600000E+0	 -7.187895E-10	 9.982801E-3	 5.722223E-6
-5.800000E+0	 -7.241494E-10	 9.983269E-3	 5.752828E-6
-6.000000E+0	 -7.416631E-10	 9.982801E-3	 5.782568E-6
-6.200000E+0	 -7.390047E-10	 9.983040E-3	 5.812387E-6
-6.400000E+0	 -7.452506E-10	 9.983036E-3	 5.840668E-6
-6.600000E+0	 -7.615406E-10	 9.983031E-3	 5.870305E-6
-6.800000E+0	 -7.720489E-10	 9.983147E-3	 5.899197E-6
-7.000000E+0	 -7.692639E-10	 9.982574E-3	 5.928915E-6
-7.200000E+0	 -7.813333E-10	 9.983152E-3	 5.958627E-6
-7.400000E+0	 -7.860599E-10	 9.983038E-3	 5.988007E-6
-7.600000E+0	 -8.001979E-10	 9.983269E-3	 6.016983E-6
-7.800000E+0	 -7.956398E-10	 9.982805E-3	 6.043418E-6
-8.000000E+0	 -8.100731E-10	 9.982683E-3	 6.074077E-6
-8.200000E+0	 -8.217633E-10	 9.982921E-3	 6.102870E-6
-8.400000E+0	 -8.467472E-10	 9.982573E-3	 6.130790E-6
-8.600000E+0	 -8.597876E-10	 9.982578E-3	 6.158708E-6
-8.800000E+0	 -8.696631E-10	 9.983269E-3	 6.186950E-6
-9.000000E+0	 -8.690301E-10	 9.982575E-3	 6.214673E-6
-9.200000E+0	 -8.808043E-10	 9.982802E-3	 6.241748E-6
-9.400000E+0	 -8.835055E-10	 9.983038E-3	 6.270442E-6
-9.600000E+0	 -8.935069E-10	 9.983031E-3	 6.297607E-6
-9.800000E+0	 -9.010617E-10	 9.982923E-3	 6.324985E-6
-1.000000E+1	 -9.112320E-10	 9.983152E-3	 6.352008E-6
-9.800000E+0	 -6.231590E-10	 9.983255E-3	 6.328862E-6
-9.600000E+0	 -5.328460E-10	 9.983383E-3	 6.306280E-6
-9.400000E+0	 -4.755776E-10	 9.983269E-3	 6.281140E-6
-9.200000E+0	 -4.305054E-10	 9.982225E-3	 6.256909E-6
-9.000000E+0	 -3.880075E-10	 9.982691E-3	 6.232575E-6
-8.800000E+0	 -3.458895E-10	 9.982808E-3	 6.209549E-6
-8.600000E+0	 -3.211589E-10	 9.982921E-3	 6.184439E-6
-8.400000E+0	 -2.908576E-10	 9.983150E-3	 6.161510E-6
-8.200000E+0	 -2.642701E-10	 9.982453E-3	 6.134153E-6
-8.000000E+0	 -2.315633E-10	 9.983028E-3	 6.109981E-6
-7.800000E+0	 -2.145557E-10	 9.982685E-3	 6.084556E-6
-7.600000E+0	 -1.883060E-10	 9.982457E-3	 6.058737E-6
-7.400000E+0	 -1.729875E-10	 9.982795E-3	 6.034479E-6
-7.200000E+0	 -1.489335E-10	 9.982910E-3	 6.008524E-6
-7.000000E+0	 -1.310830E-10	 9.982808E-3	 5.981545E-6
-6.800000E+0	 -1.104895E-10	 9.982575E-3	 5.954202E-6
-6.600000E+0	 -9.842032E-11	 9.982924E-3	 5.926417E-6
-6.400000E+0	 -8.019000E-11	 9.983269E-3	 5.902587E-6
-6.200000E+0	 -6.482929E-11	 9.982329E-3	 5.874256E-6
-6.000000E+0	 -4.305416E-11	 9.982808E-3	 5.848957E-6
-5.800000E+0	 -2.752459E-11	 9.983155E-3	 5.820043E-6
-5.600000E+0	 -1.186841E-11	 9.983148E-3	 5.792353E-6
-5.400000E+0	 -3.056166E-13	 9.983151E-3	 5.764588E-6
-5.200000E+0	 1.053974E-11	 9.983034E-3	 5.737113E-6
-5.000000E+0	 2.982511E-11	 9.983496E-3	 5.707420E-6
-4.800000E+0	 3.969987E-11	 9.983143E-3	 5.679747E-6
-4.600000E+0	 5.940712E-11	 9.983493E-3	 5.652270E-6
-4.400000E+0	 6.662332E-11	 9.982915E-3	 5.620690E-6
-4.200000E+0	 8.316556E-11	 9.982919E-3	 5.591169E-6
-4.000000E+0	 9.071943E-11	 9.983032E-3	 5.564641E-6
-3.800000E+0	 9.797779E-11	 9.983617E-3	 5.535265E-6
-3.600000E+0	 1.173475E-10	 9.983147E-3	 5.505277E-6
-3.400000E+0	 1.276021E-10	 9.983269E-3	 5.474105E-6
-3.200000E+0	 1.427938E-10	 9.983152E-3	 5.445209E-6
-3.000000E+0	 1.511495E-10	 9.983378E-3	 5.413948E-6
-2.800000E+0	 1.632186E-10	 9.982681E-3	 5.385334E-6
-2.600000E+0	 1.727136E-10	 9.983252E-3	 5.354557E-6
-2.400000E+0	 1.827992E-10	 9.983608E-3	 5.324755E-6
-2.200000E+0	 1.956704E-10	 9.982914E-3	 5.294309E-6
-2.000000E+0	 2.082036E-10	 9.983036E-3	 5.262285E-6
-1.800000E+0	 2.104825E-10	 9.983150E-3	 5.232220E-6
-1.600000E+0	 2.257167E-10	 9.983031E-3	 5.201796E-6
-1.400000E+0	 2.356756E-10	 9.983259E-3	 5.170916E-6
-1.200000E+0	 2.439470E-10	 9.983265E-3	 5.139261E-6
-9.999999E-1	 2.582525E-10	 9.983265E-3	 5.106358E-6
-7.999998E-1	 2.688027E-10	 9.983031E-3	 5.075457E-6
-5.999998E-1	 2.781290E-10	 9.983612E-3	 5.042091E-6
-3.999999E-1	 2.912531E-10	 9.983148E-3	 5.010872E-6
-1.999999E-1	 2.921394E-10	 9.983264E-3	 4.977372E-6
1.490116E-7	 3.031533E-10	 9.983380E-3	 4.945688E-6
2.000002E-1	 3.114248E-10	 9.983496E-3	 4.913449E-6
4.000002E-1	 3.185145E-10	 9.983153E-3	 4.879969E-6
6.000001E-1	 3.304146E-10	 9.983266E-3	 4.847243E-6
8.000002E-1	 3.325668E-10	 9.983036E-3	 4.816172E-6
1.000000E+0	 3.488984E-10	 9.983382E-3	 4.781368E-6
1.200000E+0	 3.672131E-10	 9.983260E-3	 4.751485E-6
1.400000E+0	 3.731211E-10	 9.982690E-3	 4.717632E-6
1.600000E+0	 3.821096E-10	 9.983500E-3	 4.685311E-6
1.800000E+0	 3.910137E-10	 9.983267E-3	 4.653718E-6
2.000000E+0	 4.022813E-10	 9.983269E-3	 4.620329E-6
2.200000E+0	 4.092441E-10	 9.983383E-3	 4.593895E-6
2.400000E+0	 4.236769E-10	 9.983138E-3	 4.569652E-6
2.600000E+0	 4.313148E-10	 9.983612E-3	 4.536882E-6
2.800000E+0	 4.370542E-10	 9.983153E-3	 4.507185E-6
3.000000E+0	 4.500093E-10	 9.983145E-3	 4.473387E-6
3.200000E+0	 4.577742E-10	 9.983036E-3	 4.446006E-6
3.400000E+0	 4.648639E-10	 9.983384E-3	 4.417305E-6
3.600000E+0	 4.744010E-10	 9.983956E-3	 4.390173E-6
3.800000E+0	 4.842757E-10	 9.983269E-3	 4.362469E-6
4.000000E+0	 4.939389E-10	 9.983494E-3	 4.334529E-6
4.200000E+0	 4.930530E-10	 9.983846E-3	 4.305132E-6
4.400000E+0	 5.103126E-10	 9.983500E-3	 4.279384E-6
4.600000E+0	 5.161364E-10	 9.983610E-3	 4.250330E-6
4.800000E+0	 5.287541E-10	 9.983383E-3	 4.221824E-6
5.000000E+0	 5.387977E-10	 9.983031E-3	 4.192865E-6
5.200000E+0	 5.481663E-10	 9.983035E-3	 4.166564E-6
5.400000E+0	 5.595180E-10	 9.983602E-3	 4.139745E-6
5.600000E+0	 5.625986E-10	 9.983839E-3	 4.111533E-6
5.800000E+0	 5.763134E-10	 9.983961E-3	 4.084303E-6
6.000000E+0	 5.804494E-10	 9.983961E-3	 4.054997E-6
6.200000E+0	 5.885092E-10	 9.983961E-3	 4.025991E-6
6.400000E+0	 5.926869E-10	 9.983495E-3	 3.996914E-6
6.600000E+0	 6.044190E-10	 9.983492E-3	 3.967378E-6
6.800000E+0	 6.247589E-10	 9.983725E-3	 3.936232E-6
7.000000E+0	 6.283880E-10	 9.983843E-3	 3.903890E-6
7.200000E+0	 6.379672E-10	 9.983384E-3	 3.870432E-6
7.400000E+0	 6.449725E-10	 9.983376E-3	 3.838370E-6
7.600000E+0	 6.539608E-10	 9.983495E-3	 3.805836E-6
7.800000E+0	 6.606291E-10	 9.983492E-3	 3.772755E-6
8.000000E+0	 6.791127E-10	 9.984072E-3	 3.737095E-6
8.200000E+0	 6.728247E-10	 9.983382E-3	 3.704218E-6
8.400001E+0	 6.909707E-10	 9.983259E-3	 3.670243E-6
8.600000E+0	 6.924053E-10	 9.983728E-3	 3.638388E-6
8.800000E+0	 7.045168E-10	 9.983262E-3	 3.603151E-6
9.000000E+0	 7.175566E-10	 9.983383E-3	 3.568825E-6
9.200001E+0	 7.188217E-10	 9.983264E-3	 3.534239E-6
9.400001E+0	 6.331567E-10	 9.983152E-3	 3.500384E-6
9.600000E+0	 7.370530E-10	 9.983613E-3	 3.466022E-6
9.800000E+0	 7.467167E-10	 9.983500E-3	 3.432029E-6
1.000000E+1	 7.575621E-10	 9.983040E-3	 3.399614E-6
9.800000E+0	 4.776502E-10	 9.983732E-3	 3.434977E-6
9.600000E+0	 3.959938E-10	 9.983497E-3	 3.472177E-6
9.400001E+0	 3.363650E-10	 9.983263E-3	 3.508469E-6
9.200001E+0	 2.808721E-10	 9.983726E-3	 3.543316E-6
9.000000E+0	 2.512480E-10	 9.983731E-3	 3.577919E-6
8.800000E+0	 2.858096E-10	 9.983730E-3	 3.610414E-6
8.600000E+0	 2.215393E-10	 9.984077E-3	 3.642658E-6
8.400001E+0	 1.168412E-10	 9.983843E-3	 3.676466E-6
8.200000E+0	 7.569639E-11	 9.984305E-3	 3.710234E-6
8.000000E+0	 8.451614E-11	 9.984185E-3	 3.743888E-6
7.800000E+0	 7.379733E-11	 9.983262E-3	 3.775020E-6
7.600000E+0	 5.911183E-11	 9.983843E-3	 3.807686E-6
7.400000E+0	 3.872937E-11	 9.983267E-3	 3.840126E-6
7.200000E+0	 6.455550E-11	 9.983844E-3	 3.872258E-6
7.000000E+0	 3.168196E-11	 9.983497E-3	 3.900966E-6
6.800000E+0	 -4.326509E-11	 9.983612E-3	 3.932416E-6
6.600000E+0	 -3.085815E-11	 9.983267E-3	 3.961952E-6
6.400000E+0	 -7.023077E-11	 9.983603E-3	 3.990557E-6
6.200000E+0	 -5.883678E-11	 9.983260E-3	 4.019274E-6
6.000000E+0	 -9.930645E-11	 9.983500E-3	 4.046468E-6
5.800000E+0	 -1.038218E-10	 9.983731E-3	 4.072574E-6
5.600000E+0	 -1.328554E-10	 9.983493E-3	 4.098731E-6
5.400000E+0	 -1.359782E-10	 9.983730E-3	 4.123146E-6
5.200000E+0	 -1.458529E-10	 9.983151E-3	 4.148379E-6
5.000000E+0	 -1.601587E-10	 9.983498E-3	 4.172749E-6
4.800000E+0	 -1.760259E-10	 9.983731E-3	 4.197849E-6
4.600000E+0	 -1.951848E-10	 9.983727E-3	 4.221567E-6
4.400000E+0	 -2.019372E-10	 9.983378E-3	 4.243375E-6
4.200000E+0	 -2.163282E-10	 9.982924E-3	 4.265969E-6
4.000000E+0	 -2.246843E-10	 9.982803E-3	 4.290157E-6
3.800000E+0	 -2.400038E-10	 9.983152E-3	 4.312124E-6
3.600000E+0	 -2.565049E-10	 9.982692E-3	 4.333683E-6
3.400000E+0	 -2.607252E-10	 9.983152E-3	 4.354348E-6
3.200000E+0	 -2.759180E-10	 9.983036E-3	 4.375924E-6
3.000000E+0	 -2.927567E-10	 9.983029E-3	 4.397982E-6
2.800000E+0	 -3.015349E-10	 9.982229E-3	 4.421233E-6
2.600000E+0	 -3.082872E-10	 9.982808E-3	 4.446629E-6
2.400000E+0	 -3.173607E-10	 9.983494E-3	 4.471415E-6
2.200000E+0	 -3.310343E-10	 9.983611E-3	 4.495818E-6
2.000000E+0	 -3.412473E-10	 9.983614E-3	 4.518481E-6
1.800000E+0	 -3.445813E-10	 9.983849E-3	 4.543485E-6
1.600000E+0	 -3.625595E-10	 9.983848E-3	 4.567367E-6
1.400000E+0	 -3.676238E-10	 9.983383E-3	 4.592078E-6
1.200000E+0	 -3.804955E-10	 9.983380E-3	 4.615445E-6
1.000000E+0	 -3.936204E-10	 9.983382E-3	 4.644278E-6
8.000002E-1	 -4.050574E-10	 9.983271E-3	 4.686153E-6
6.000001E-1	 -4.196593E-10	 9.983146E-3	 4.830865E-6
4.000002E-1	 -4.258210E-10	 9.983618E-3	 4.864673E-6
2.000002E-1	 -4.332063E-10	 9.983267E-3	 4.896209E-6
1.490116E-7	 -4.413092E-10	 9.983032E-3	 4.926739E-6
-1.999999E-1	 -4.458668E-10	 9.983152E-3	 4.955681E-6
-3.999999E-1	 -4.583168E-10	 9.983036E-3	 4.987024E-6
-5.999998E-1	 -4.715260E-10	 9.982801E-3	 5.019624E-6
-7.999998E-1	 -4.790379E-10	 9.983026E-3	 5.051131E-6
-9.999999E-1	 -4.905593E-10	 9.982568E-3	 5.083438E-6
-1.200000E+0	 -5.005189E-10	 9.982800E-3	 5.114317E-6
-1.400000E+0	 -5.074402E-10	 9.983039E-3	 5.146579E-6
-1.600000E+0	 -5.281195E-10	 9.982924E-3	 5.178103E-6
-1.800000E+0	 -5.249119E-10	 9.982808E-3	 5.209471E-6
-2.000000E+0	 -5.385432E-10	 9.982806E-3	 5.242493E-6
-2.200000E+0	 -5.533563E-10	 9.982568E-3	 5.272811E-6
-2.400000E+0	 -5.602775E-10	 9.983272E-3	 5.301989E-6
-2.600000E+0	 -5.689713E-10	 9.982572E-3	 5.334906E-6
-2.800000E+0	 -5.781714E-10	 9.983031E-3	 5.365272E-6
-3.000000E+0	 -5.889328E-10	 9.982915E-3	 5.395384E-6
-3.200000E+0	 -5.951786E-10	 9.982463E-3	 5.426298E-6
-3.400000E+0	 -6.105826E-10	 9.982456E-3	 5.458282E-6
-3.600000E+0	 -6.150983E-10	 9.982347E-3	 5.487705E-6
-3.800000E+0	 -5.262626E-10	 9.982808E-3	 5.519856E-6
-4.000000E+0	 -6.292785E-10	 9.983036E-3	 5.551121E-6
-4.200000E+0	 -6.278859E-10	 9.982686E-3	 5.581363E-6
-4.400000E+0	 -6.472569E-10	 9.982914E-3	 5.610894E-6
-4.600000E+0	 -6.697504E-10	 9.982917E-3	 5.642745E-6
-4.800000E+0	 -6.746880E-10	 9.982691E-3	 5.672797E-6
-5.000000E+0	 -6.765027E-10	 9.983142E-3	 5.703743E-6
-5.200000E+0	 -5.944614E-10	 9.982692E-3	 5.731386E-6
-5.400000E+0	 -6.943122E-10	 9.982925E-3	 5.762908E-6
-5.600000E+0	 -7.081546E-10	 9.983038E-3	 5.791953E-6
-5.800000E+0	 -7.158353E-10	 9.982809E-3	 5.823427E-6
-6.000000E+0	 -7.239800E-10	 9.983035E-3	 5.852366E-6
-6.200000E+0	 -7.303105E-10	 9.982695E-3	 5.882584E-6
-6.400000E+0	 -7.421275E-10	 9.983152E-3	 5.912811E-6
-6.600000E+0	 -7.471072E-10	 9.983377E-3	 5.942219E-6
-6.800000E+0	 -7.639460E-10	 9.983497E-3	 5.972857E-6
-7.000000E+0	 -7.625536E-10	 9.982686E-3	 6.001796E-6
-7.200000E+0	 -7.793921E-10	 9.983500E-3	 6.030472E-6
-7.400000E+0	 -7.774929E-10	 9.983378E-3	 6.060819E-6
-7.600000E+0	 -7.911664E-10	 9.982568E-3	 6.088482E-6
-7.800000E+0	 -7.976234E-10	 9.982921E-3	 6.117087E-6
-8.000000E+0	 -8.066970E-10	 9.983039E-3	 6.144394E-6
-8.200000E+0	 -8.066545E-10	 9.983152E-3	 6.173309E-6
-8.400000E+0	 -8.238735E-10	 9.983269E-3	 6.202382E-6
-8.600000E+0	 -8.380954E-10	 9.983149E-3	 6.229571E-6
-8.800000E+0	 -8.444681E-10	 9.983147E-3	 6.257751E-6
-9.000000E+0	 -8.583105E-10	 9.982917E-3	 6.286841E-6
-9.200000E+0	 -8.616444E-10	 9.982924E-3	 6.315643E-6
-9.400000E+0	 -8.737566E-10	 9.982919E-3	 6.341669E-6
-9.600000E+0	 -8.838428E-10	 9.983038E-3	 6.369253E-6
-9.800000E+0	 -8.871350E-10	 9.983376E-3	 6.396752E-6
-1.000000E+1	 -8.988668E-10	 9.983728E-3	 6.421549E-6
-9.800000E+0	 -6.051808E-10	 9.982923E-3	 6.400397E-6
-9.600000E+0	 -5.258402E-10	 9.983380E-3	 6.374416E-6
-9.400000E+0	 -4.707241E-10	 9.982114E-3	 6.352419E-6
-9.200000E+0	 -4.215161E-10	 9.982331E-3	 6.326988E-6
-9.000000E+0	 -3.829854E-10	 9.982344E-3	 6.304994E-6
-8.800000E+0	 -3.468179E-10	 9.982690E-3	 6.281324E-6
-8.600000E+0	 -3.106084E-10	 9.982460E-3	 6.255692E-6
-8.400000E+0	 -2.862575E-10	 9.982572E-3	 6.230468E-6
-8.200000E+0	 -2.714445E-10	 9.982695E-3	 6.204691E-6
-8.000000E+0	 -2.433800E-10	 9.982922E-3	 6.179210E-6
-7.800000E+0	 -2.093226E-10	 9.982222E-3	 6.152446E-6
-7.600000E+0	 -1.860694E-10	 9.982688E-3	 6.128057E-6
-7.400000E+0	 -1.593569E-10	 9.982573E-3	 6.101267E-6
-7.200000E+0	 -1.458952E-10	 9.982227E-3	 6.076723E-6
-7.000000E+0	 -1.246264E-10	 9.982693E-3	 6.048783E-6
-6.800000E+0	 -1.049191E-10	 9.982458E-3	 6.023739E-6
-6.600000E+0	 -9.057114E-11	 9.982339E-3	 5.997567E-6
-6.400000E+0	 -6.736128E-11	 9.982458E-3	 5.969640E-6
-6.200000E+0	 -6.622182E-11	 9.983039E-3	 5.944166E-6
-6.000000E+0	 -4.263216E-11	 9.982921E-3	 5.918240E-6
-5.800000E+0	 -2.988776E-11	 9.982575E-3	 5.890217E-6
-5.600000E+0	 -6.466883E-12	 9.982690E-3	 5.861005E-6
-5.400000E+0	 2.184142E-12	 9.982688E-3	 5.834323E-6
-5.200000E+0	 3.281292E-12	 9.982568E-3	 5.806800E-6
-5.000000E+0	 2.716642E-11	 9.982577E-3	 5.778412E-6
-4.800000E+0	 4.809750E-11	 9.983269E-3	 5.750955E-6
-4.600000E+0	 6.383802E-11	 9.982915E-3	 5.719831E-6
-4.400000E+0	 7.071654E-11	 9.983156E-3	 5.691287E-6
-4.200000E+0	 9.190101E-11	 9.982803E-3	 5.665707E-6
-4.000000E+0	 1.020289E-10	 9.982808E-3	 5.634141E-6
-3.800000E+0	 1.101314E-10	 9.982577E-3	 5.604382E-6
-3.600000E+0	 1.137181E-10	 9.982337E-3	 5.574170E-6
-3.400000E+0	 1.333412E-10	 9.982339E-3	 5.545723E-6
-3.200000E+0	 1.368017E-10	 9.982922E-3	 5.515464E-6
-3.000000E+0	 1.530062E-10	 9.982566E-3	 5.484500E-6
-2.800000E+0	 1.612775E-10	 9.982922E-3	 5.454216E-6
-2.600000E+0	 1.770180E-10	 9.982452E-3	 5.424326E-6
-2.400000E+0	 1.856689E-10	 9.982688E-3	 5.391003E-6
-2.200000E+0	 1.984133E-10	 9.982918E-3	 5.361032E-6
-2.000000E+0	 2.101030E-10	 9.982578E-3	 5.330835E-6
-1.800000E+0	 2.180362E-10	 9.982120E-3	 5.299191E-6
-1.600000E+0	 2.253369E-10	 9.982688E-3	 5.266307E-6
-1.400000E+0	 2.403599E-10	 9.982809E-3	 5.234686E-6
-1.200000E+0	 2.477029E-10	 9.983025E-3	 5.204740E-6
-9.999999E-1	 2.663129E-10	 9.983270E-3	 5.171736E-6
-7.999998E-1	 2.628525E-10	 9.982923E-3	 5.141075E-6
-5.999998E-1	 2.836146E-10	 9.982803E-3	 5.107465E-6
-3.999999E-1	 2.865690E-10	 9.982684E-3	 5.074849E-6
-1.999999E-1	 2.809139E-10	 9.983152E-3	 5.045219E-6
1.490116E-7	 2.975407E-10	 9.982111E-3	 5.014057E-6
2.000002E-1	 3.213416E-10	 9.983504E-3	 4.980245E-6
4.000002E-1	 3.251398E-10	 9.983613E-3	 4.947860E-6
6.000001E-1	 3.331156E-10	 9.983840E-3	 4.914813E-6
8.000002E-1	 3.421884E-10	 9.983386E-3	 4.883233E-6
1.000000E+0	 3.486449E-10	 9.983264E-3	 4.850060E-6
1.200000E+0	 3.579713E-10	 9.983036E-3	 4.817065E-6
1.400000E+0	 3.690272E-10	 9.983267E-3	 4.783039E-6
1.600000E+0	 3.729943E-10	 9.983503E-3	 4.751094E-6
1.800000E+0	 3.857390E-10	 9.982922E-3	 4.717931E-6
2.000000E+0	 3.945587E-10	 9.983725E-3	 4.686176E-6
2.200000E+0	 4.103829E-10	 9.983378E-3	 4.660247E-6
2.400000E+0	 4.117338E-10	 9.983497E-3	 4.633529E-6
2.600000E+0	 4.324118E-10	 9.983502E-3	 4.603672E-6
2.800000E+0	 4.302596E-10	 9.983493E-3	 4.571699E-6
3.000000E+0	 4.462954E-10	 9.983498E-3	 4.541776E-6
3.200000E+0	 4.487852E-10	 9.983042E-3	 4.510770E-6
3.400000E+0	 4.690410E-10	 9.982923E-3	 4.481176E-6
3.600000E+0	 4.714886E-10	 9.983735E-3	 4.453436E-6
3.800000E+0	 4.682392E-10	 9.983032E-3	 4.427010E-6
4.000000E+0	 4.768060E-10	 9.983269E-3	 4.395417E-6
4.200000E+0	 5.271506E-10	 9.983267E-3	 4.368333E-6
4.400000E+0	 5.041515E-10	 9.983730E-3	 4.338977E-6
4.600000E+0	 5.638220E-10	 9.983622E-3	 4.310538E-6
4.800000E+0	 5.011135E-10	 9.983152E-3	 4.284487E-6
5.000000E+0	 5.719243E-10	 9.983033E-3	 4.253968E-6
5.200000E+0	 5.266015E-10	 9.982801E-3	 4.225704E-6
5.400000E+0	 6.294429E-10	 9.983146E-3	 4.200603E-6
5.600000E+0	 5.243231E-10	 9.983269E-3	 4.173135E-6
5.800000E+0	 6.447193E-10	 9.983851E-3	 4.143002E-6
6.000000E+0	 5.423844E-10	 9.983844E-3	 4.116318E-6
6.200000E+0	 6.697862E-10	 9.983734E-3	 4.086568E-6
6.400000E+0	 5.343669E-10	 9.983157E-3	 4.055395E-6
6.600000E+0	 6.790705E-10	 9.983965E-3	 4.024293E-6
6.800000E+0	 5.571123E-10	 9.983725E-3	 3.994000E-6
7.000000E+0	 7.063313E-10	 9.984190E-3	 3.962582E-6
7.200000E+0	 5.499383E-10	 9.983851E-3	 3.928807E-6
7.400000E+0	 7.263336E-10	 9.983969E-3	 3.897908E-6
7.600000E+0	 5.690972E-10	 9.983847E-3	 3.863725E-6
7.800000E+0	 7.387406E-10	 9.983618E-3	 3.830277E-6
8.000000E+0	 5.828544E-10	 9.983728E-3	 3.795579E-6
8.200000E+0	 7.550298E-10	 9.983733E-3	 3.759050E-6
8.400001E+0	 5.953452E-10	 9.983840E-3	 3.727930E-6
8.600000E+0	 7.779024E-10	 9.983609E-3	 3.692332E-6
8.800000E+0	 6.231973E-10	 9.983386E-3	 3.658153E-6
9.000000E+0	 7.892957E-10	 9.983849E-3	 3.623872E-6
9.200001E+0	 6.239147E-10	 9.983492E-3	 3.589466E-6
9.400001E+0	 8.139409E-10	 9.983027E-3	 3.554634E-6
9.600000E+0	 6.456896E-10	 9.983270E-3	 3.521395E-6
9.800000E+0	 8.288790E-10	 9.983618E-3	 3.487534E-6
1.000000E+1	 6.588139E-10	 9.983730E-3	 3.454448E-6
9.800000E+0	 5.590955E-10	 9.983377E-3	 3.489658E-6
9.600000E+0	 3.059807E-10	 9.983961E-3	 3.525641E-6
9.400001E+0	 4.190343E-10	 9.983612E-3	 3.560708E-6
9.200001E+0	 2.001437E-10	 9.983617E-3	 3.595189E-6
9.000000E+0	 3.262790E-10	 9.983152E-3	 3.629419E-6
8.800000E+0	 1.275177E-10	 9.983388E-3	 3.663007E-6
8.600000E+0	 2.651313E-10	 9.984083E-3	 3.697487E-6
8.400001E+0	 6.738290E-11	 9.983262E-3	 3.731969E-6
8.200000E+0	 2.123394E-10	 9.983615E-3	 3.763336E-6
8.000000E+0	 1.463317E-11	 9.983613E-3	 3.795794E-6
7.800000E+0	 1.649491E-10	 9.983720E-3	 3.829760E-6
7.600000E+0	 -3.102701E-11	 9.983958E-3	 3.861275E-6
7.400000E+0	 1.166722E-10	 9.983849E-3	 3.892566E-6
7.200000E+0	 -8.424118E-11	 9.983838E-3	 3.924344E-6
7.000000E+0	 7.683570E-11	 9.984074E-3	 3.955750E-6
6.800000E+0	 -1.151736E-10	 9.983951E-3	 3.984305E-6
6.600000E+0	 4.227402E-11	 9.984192E-3	 4.013922E-6
6.400000E+0	 -1.450090E-10	 9.983500E-3	 4.041446E-6
6.200000E+0	 6.024320E-12	 9.984193E-3	 4.067938E-6
6.000000E+0	 -1.755616E-10	 9.983733E-3	 4.095279E-6
5.800000E+0	 -1.891580E-11	 9.983502E-3	 4.123269E-6
5.600000E+0	 -2.097869E-10	 9.983841E-3	 4.149014E-6
5.400000E+0	 -5.419484E-11	 9.983958E-3	 4.176251E-6
5.200000E+0	 -2.446460E-10	 9.983502E-3	 4.199635E-6
5.000000E+0	 -8.056977E-11	 9.983958E-3	 4.221987E-6
4.800000E+0	 -2.585306E-10	 9.983726E-3	 4.246185E-6
4.600000E+0	 -1.076621E-10	 9.983727E-3	 4.271744E-6
4.400000E+0	 -2.851181E-10	 9.984068E-3	 4.295031E-6
4.200000E+0	 -1.301968E-10	 9.983614E-3	 4.317727E-6
4.000000E+0	 -3.181626E-10	 9.983847E-3	 4.340746E-6
3.800000E+0	 -1.536599E-10	 9.984082E-3	 4.361330E-6
3.600000E+0	 -3.406142E-10	 9.983380E-3	 4.384402E-6
3.400000E+0	 -1.801192E-10	 9.983730E-3	 4.404614E-6
3.200000E+0	 -3.602384E-10	 9.983730E-3	 4.426137E-6
3.000000E+0	 -2.081832E-10	 9.983618E-3	 4.447878E-6
2.800000E+0	 -3.850955E-10	 9.983731E-3	 4.472518E-6
2.600000E+0	 -2.261192E-10	 9.983380E-3	 4.497947E-6
2.400000E+0	 -4.076317E-10	 9.983269E-3	 4.523386E-6
2.200000E+0	 -2.438442E-10	 9.983263E-3	 4.548885E-6
2.000000E+0	 -4.229511E-10	 9.983613E-3	 4.571805E-6
1.800000E+0	 -2.684059E-10	 9.983388E-3	 4.594874E-6
1.600000E+0	 -4.468376E-10	 9.983150E-3	 4.618360E-6
1.400000E+0	 -2.914484E-10	 9.983386E-3	 4.643255E-6
1.200000E+0	 -4.552782E-10	 9.983620E-3	 4.666944E-6
1.000000E+0	 -3.166432E-10	 9.983270E-3	 4.694484E-6
8.000002E-1	 -4.809372E-10	 9.983039E-3	 4.733387E-6
6.000001E-1	 -3.455098E-10	 9.983384E-3	 4.880867E-6
4.000002E-1	 -3.880075E-10	 9.983498E-3	 4.913547E-6
2.000002E-1	 -3.531062E-10	 9.983039E-3	 4.945995E-6
1.490116E-7	 -5.180751E-10	 9.983383E-3	 4.977011E-6
-1.999999E-1	 -3.679191E-10	 9.983494E-3	 5.007605E-6
-3.999999E-1	 -5.404846E-10	 9.983267E-3	 5.038517E-6
-5.999998E-1	 -4.062810E-10	 9.983147E-3	 5.070050E-6
-7.999998E-1	 -5.614167E-10	 9.983725E-3	 5.103862E-6
-9.999999E-1	 -4.246813E-10	 9.983375E-3	 5.134080E-6
-1.200000E+0	 -5.696885E-10	 9.983723E-3	 5.165164E-6
-1.400000E+0	 -4.481457E-10	 9.982917E-3	 5.197698E-6
-1.600000E+0	 -5.875403E-10	 9.982797E-3	 5.228309E-6
-1.800000E+0	 -4.917831E-10	 9.982693E-3	 5.258773E-6
-2.000000E+0	 -5.863164E-10	 9.983036E-3	 5.290667E-6
-2.200000E+0	 -4.728762E-10	 9.982919E-3	 5.321993E-6
-2.400000E+0	 -6.286031E-10	 9.982343E-3	 5.352264E-6
-2.600000E+0	 -5.418771E-10	 9.982687E-3	 5.385392E-6
-2.800000E+0	 -5.657637E-10	 9.982344E-3	 5.413941E-6
-3.000000E+0	 -5.169357E-10	 9.982230E-3	 5.446910E-6
-3.200000E+0	 -6.554015E-10	 9.982094E-3	 5.478239E-6
-3.400000E+0	 -5.524279E-10	 9.983155E-3	 5.510302E-6
-3.600000E+0	 -6.200783E-10	 9.982808E-3	 5.538893E-6
-3.800000E+0	 -5.842484E-10	 9.982340E-3	 5.569947E-6
-4.000000E+0	 -6.317681E-10	 9.982924E-3	 5.601066E-6
-4.200000E+0	 -6.088946E-10	 9.982342E-3	 5.631214E-6
-4.400000E+0	 -6.656143E-10	 9.982343E-3	 5.661640E-6
-4.600000E+0	 -6.593683E-10	 9.982574E-3	 5.691621E-6
-4.800000E+0	 -6.691594E-10	 9.982916E-3	 5.725043E-6
-5.000000E+0	 -6.816091E-10	 9.982688E-3	 5.754244E-6
-5.200000E+0	 -6.873486E-10	 9.982686E-3	 5.783685E-6
-5.400000E+0	 -7.002625E-10	 9.982463E-3	 5.812959E-6
-5.600000E+0	 -6.979414E-10	 9.982922E-3	 5.844358E-6
-5.800000E+0	 -7.166791E-10	 9.983269E-3	 5.873821E-6
-6.000000E+0	 -7.273143E-10	 9.982688E-3	 5.904707E-6
-6.200000E+0	 -7.204351E-10	 9.982339E-3	 5.932908E-6
-6.400000E+0	 -7.318722E-10	 9.982455E-3	 5.964085E-6
-6.600000E+0	 -7.451659E-10	 9.982575E-3	 5.994328E-6
-6.800000E+0	 -7.540283E-10	 9.982573E-3	 6.023415E-6
-7.000000E+0	 -7.590506E-10	 9.982922E-3	 6.052383E-6
-7.200000E+0	 -7.686723E-10	 9.982451E-3	 6.081276E-6
-7.400000E+0	 -7.728509E-10	 9.982572E-3	 6.110802E-6
-7.600000E+0	 -8.481815E-10	 9.983155E-3	 6.138626E-6
-7.800000E+0	 -7.895626E-10	 9.982691E-3	 6.167619E-6
-8.000000E+0	 -8.016326E-10	 9.982337E-3	 6.196735E-6
-8.200000E+0	 -8.035743E-10	 9.982577E-3	 6.223215E-6
-8.400000E+0	 -8.180494E-10	 9.982112E-3	 6.253050E-6
-8.600000E+0	 -8.342549E-10	 9.982577E-3	 6.279957E-6
-8.800000E+0	 -8.348037E-10	 9.982803E-3	 6.309649E-6
-9.000000E+0	 -8.503763E-10	 9.982575E-3	 6.337570E-6
-9.200000E+0	 -8.434974E-10	 9.982220E-3	 6.361859E-6
-9.400000E+0	 -8.594916E-10	 9.982578E-3	 6.391547E-6
-9.600000E+0	 -8.813528E-10	 9.982231E-3	 6.420820E-6
-9.800000E+0	 -8.906372E-10	 9.982113E-3	 6.447216E-6
-1.000000E+1	 -8.895821E-10	 9.982342E-3	 6.472942E-6
