-1.000000E-2	 -4.494570E-6
-9.800000E-3	 -4.404118E-6
-9.600000E-3	 -4.310952E-6
-9.400000E-3	 -4.219673E-6
-9.200000E-3	 -4.130879E-6
-9.000000E-3	 -4.041107E-6
-8.800000E-3	 -3.949862E-6
-8.599999E-3	 -3.858313E-6
-8.400000E-3	 -3.768257E-6
-8.200000E-3	 -3.678167E-6
-7.999999E-3	 -3.587843E-6
-7.800000E-3	 -3.498303E-6
-7.600000E-3	 -3.408469E-6
-7.400000E-3	 -3.315427E-6
-7.200000E-3	 -3.226534E-6
-7.000000E-3	 -3.136071E-6
-6.800000E-3	 -3.047105E-6
-6.600000E-3	 -2.956141E-6
-6.400000E-3	 -2.865672E-6
-6.200000E-3	 -2.775465E-6
-6.000000E-3	 -2.685230E-6
-5.800000E-3	 -2.594972E-6
-5.600000E-3	 -2.504261E-6
-5.400000E-3	 -2.415059E-6
-5.200000E-3	 -2.323921E-6
-5.000000E-3	 -2.236105E-6
-4.800000E-3	 -2.144759E-6
-4.600000E-3	 -2.053516E-6
-4.400000E-3	 -1.964106E-6
-4.200000E-3	 -1.873183E-6
-4.000000E-3	 -1.785198E-6
-3.800000E-3	 -1.695885E-6
-3.600000E-3	 -1.605907E-6
-3.400000E-3	 -1.515763E-6
-3.200000E-3	 -1.426215E-6
-3.000000E-3	 -1.335513E-6
-2.800000E-3	 -1.246232E-6
-2.600000E-3	 -1.156341E-6
-2.400000E-3	 -1.066032E-6
-2.200000E-3	 -9.689579E-7
-2.000000E-3	 -8.790778E-7
-1.800000E-3	 -7.897273E-7
-1.600000E-3	 -7.005272E-7
-1.400000E-3	 -6.110305E-7
-1.200000E-3	 -5.219111E-7
-1.000000E-3	 -4.330514E-7
-8.000000E-4	 -3.437479E-7
-6.000000E-4	 -2.547888E-7
-4.000000E-4	 -1.660054E-7
-2.000000E-4	 -6.441378E-8
-2.910383E-11	 1.336761E-8
2.000000E-4	 7.654407E-8
4.000000E-4	 1.786609E-7
6.000000E-4	 2.672674E-7
7.999999E-4	 3.406660E-7
9.999999E-4	 4.295774E-7
1.200000E-3	 5.179935E-7
1.400000E-3	 6.068796E-7
1.600000E-3	 6.953847E-7
1.800000E-3	 7.843321E-7
2.000000E-3	 8.731075E-7
2.200000E-3	 9.618374E-7
2.400000E-3	 1.061086E-6
2.600000E-3	 1.151212E-6
2.800000E-3	 1.240776E-6
3.000000E-3	 1.329247E-6
3.200000E-3	 1.418403E-6
3.400000E-3	 1.508994E-6
3.600000E-3	 1.598271E-6
3.800000E-3	 1.687966E-6
4.000000E-3	 1.775205E-6
4.200000E-3	 1.864784E-6
4.400000E-3	 1.953726E-6
4.600000E-3	 2.043168E-6
4.800000E-3	 2.132657E-6
5.000000E-3	 2.222818E-6
5.200000E-3	 2.311651E-6
5.400000E-3	 2.401742E-6
5.600000E-3	 2.490313E-6
5.800000E-3	 2.580055E-6
6.000000E-3	 2.669634E-6
6.200000E-3	 2.759268E-6
6.400000E-3	 2.849343E-6
6.600000E-3	 2.939088E-6
6.800000E-3	 3.028695E-6
7.000000E-3	 3.117232E-6
7.200000E-3	 3.205772E-6
7.400000E-3	 3.295272E-6
7.600000E-3	 3.384234E-6
7.800000E-3	 3.474627E-6
7.999999E-3	 3.563391E-6
8.200000E-3	 3.654533E-6
8.400000E-3	 3.742826E-6
8.599999E-3	 3.832283E-6
8.800000E-3	 3.920493E-6
9.000000E-3	 4.008979E-6
9.199999E-3	 4.099962E-6
9.400000E-3	 4.187756E-6
9.600000E-3	 4.277222E-6
9.800000E-3	 4.367887E-6
1.000000E-2	 4.457348E-6
1.020000E-2	 4.545970E-6
1.000000E-2	 4.454605E-6
9.800000E-3	 4.365593E-6
9.600000E-3	 4.275835E-6
9.400000E-3	 4.186023E-6
9.199999E-3	 4.098447E-6
9.000000E-3	 4.008480E-6
8.800000E-3	 3.917680E-6
8.599999E-3	 3.829417E-6
8.400000E-3	 3.739408E-6
8.200000E-3	 3.650829E-6
7.999999E-3	 3.559999E-6
7.800000E-3	 3.471112E-6
7.600000E-3	 3.381635E-6
7.400000E-3	 3.292285E-6
7.200000E-3	 3.202575E-6
7.000000E-3	 3.114180E-6
6.800000E-3	 3.025070E-6
6.600000E-3	 2.935349E-6
6.400000E-3	 2.845186E-6
6.200000E-3	 2.756115E-6
6.000000E-3	 2.665516E-6
5.800000E-3	 2.576976E-6
5.600000E-3	 2.486247E-6
5.400000E-3	 2.397186E-6
5.200000E-3	 2.307429E-6
5.000000E-3	 2.217738E-6
4.800000E-3	 2.128388E-6
4.600000E-3	 2.039104E-6
4.400000E-3	 1.950157E-6
4.200000E-3	 1.861089E-6
4.000000E-3	 1.770760E-6
3.800000E-3	 1.684583E-6
3.600000E-3	 1.595180E-6
3.400000E-3	 1.505518E-6
3.200000E-3	 1.416242E-6
3.000000E-3	 1.326779E-6
2.800000E-3	 1.237883E-6
2.600000E-3	 1.148553E-6
2.400000E-3	 1.058507E-6
2.200000E-3	 9.596355E-7
2.000000E-3	 8.711954E-7
1.800000E-3	 7.819166E-7
1.600000E-3	 6.937660E-7
1.400000E-3	 6.050963E-7
1.200000E-3	 5.168391E-7
9.999999E-4	 4.281666E-7
7.999999E-4	 3.393504E-7
6.000000E-4	 2.666123E-7
4.000000E-4	 1.781054E-7
2.000000E-4	 7.629616E-8
-2.910383E-11	 2.178766E-9
-2.000000E-4	 -6.803182E-8
-4.000000E-4	 -1.649439E-7
-6.000000E-4	 -2.534263E-7
-8.000000E-4	 -3.420835E-7
-1.000000E-3	 -4.307007E-7
-1.200000E-3	 -5.196526E-7
-1.400000E-3	 -6.080376E-7
-1.600000E-3	 -6.964871E-7
-1.800000E-3	 -7.851093E-7
-2.000000E-3	 -8.738724E-7
-2.200000E-3	 -9.627915E-7
-2.400000E-3	 -1.047164E-6
-2.600000E-3	 -1.148901E-6
-2.800000E-3	 -1.238039E-6
-3.000000E-3	 -1.326540E-6
-3.200000E-3	 -1.416283E-6
-3.400000E-3	 -1.505321E-6
-3.600000E-3	 -1.594845E-6
-3.800000E-3	 -1.684551E-6
-4.000000E-3	 -1.772780E-6
-4.200000E-3	 -1.860767E-6
-4.400000E-3	 -1.949870E-6
-4.600000E-3	 -2.038200E-6
-4.800000E-3	 -2.127479E-6
-5.000000E-3	 -2.217173E-6
-5.200000E-3	 -2.306568E-6
-5.400000E-3	 -2.395310E-6
-5.600000E-3	 -2.484885E-6
-5.800000E-3	 -2.572841E-6
-6.000000E-3	 -2.662886E-6
-6.200000E-3	 -2.752124E-6
-6.400000E-3	 -2.841053E-6
-6.600000E-3	 -2.930786E-6
-6.800000E-3	 -3.020211E-6
-7.000000E-3	 -3.109365E-6
-7.200000E-3	 -3.198120E-6
-7.400000E-3	 -3.286684E-6
-7.600000E-3	 -3.376420E-6
-7.800000E-3	 -3.464560E-6
-7.999999E-3	 -3.554602E-6
-8.200000E-3	 -3.643263E-6
-8.400000E-3	 -3.732279E-6
-8.599999E-3	 -3.822590E-6
-8.800000E-3	 -3.911469E-6
-9.000000E-3	 -3.999666E-6
-9.200000E-3	 -4.089413E-6
-9.400000E-3	 -4.178389E-6
-9.600000E-3	 -4.267956E-6
-9.800000E-3	 -4.358335E-6
-1.000000E-2	 -4.446164E-6
