15	260.355
14.98	260.474
14.96	260.117
14.94	259.759
14.92	259.282
14.9	258.567
14.88	258.209
14.86	257.613
14.84	257.017
14.82	256.54
14.8	256.063
14.78	255.825
14.76	255.348
14.74	254.871
14.72	254.633
14.7	254.037
14.68	253.679
14.66	253.441
14.64	252.845
14.62	252.13
14.6	251.533
14.58	251.057
14.56	250.461
14.54	249.984
14.52	249.268
14.5	248.672
14.48	248.315
14.46	247.838
14.44	247.004
14.42	246.407
14.4	245.811
14.38	245.335
14.36	244.739
14.34	244.5
14.32	244.022
14.3	243.665
14.28	243.426
14.26	243.069
14.24	242.711
14.22	242.234
14.2	241.757
14.18	241.281
14.16	240.684
14.14	240.446
14.12	239.731
14.1	239.135
14.08	238.896
14.06	238.181
14.04	237.704
14.02	237.347
14	236.751
13.98	236.274
13.96	235.678
13.94	235.201
13.92	234.843
13.9	234.486
13.88	234.247
13.86	233.77
13.84	233.532
13.82	233.294
13.8	232.936
13.78	232.34
13.76	232.101
13.74	231.744
13.72	231.505
13.7	231.267
13.68	230.79
13.66	230.313
13.64	229.956
13.62	229.598
13.6	229.479
13.58	229.002
13.56	228.764
13.54	228.287
13.52	228.048
13.5	227.333
13.48	227.333
13.46	226.618
13.44	226.26
13.42	225.903
13.4	225.545
13.38	225.306
13.36	225.187
13.34	224.949
13.32	224.591
13.3	224.472
13.28	224.234
13.26	224.114
13.24	223.876
13.22	223.161
13.2	223.042
13.18	222.803
13.16	222.565
13.14	222.326
13.12	221.969
13.1	221.611
13.08	221.373
13.06	221.015
13.04	220.657
13.02	220.657
13	220.657
12.98	220.419
12.96	219.942
12.94	219.823
12.92	219.584
12.9	219.227
12.88	218.75
12.86	218.512
12.84	218.273
12.82	218.154
12.8	217.916
12.78	217.558
12.76	217.319
12.74	216.962
12.72	216.962
12.7	216.723
12.68	216.604
12.66	216.247
12.64	216.127
12.62	215.889
12.6	215.531
12.58	215.174
12.56	214.816
12.54	214.339
12.52	214.101
12.5	213.505
12.48	213.147
12.46	212.67
12.44	212.074
12.42	211.836
12.4	211.478
12.38	211.24
12.36	211.001
12.34	210.763
12.32	210.405
12.3	210.048
12.28	209.69
12.26	209.452
12.24	209.452
12.22	209.094
12.2	208.856
12.18	208.617
12.16	208.14
12.14	207.783
12.12	207.425
12.1	207.067
12.08	206.71
12.06	206.352
12.04	206.233
12.02	205.875
12	205.637
11.98	204.922
11.96	204.564
11.94	203.968
11.92	203.73
11.9	203.491
11.88	203.372
11.86	203.253
11.84	203.014
11.82	202.776
11.8	202.418
11.78	202.299
11.76	202.299
11.74	201.822
11.72	201.703
11.7	201.465
11.68	201.226
11.66	201.107
11.64	200.749
11.62	200.63
11.6	200.153
11.58	199.796
11.56	199.438
11.54	199.557
11.52	198.961
11.5	198.961
11.48	198.842
11.46	198.484
11.44	198.365
11.42	198.127
11.4	197.888
11.38	197.769
11.36	197.412
11.34	197.292
11.32	197.054
11.3	196.815
11.28	196.815
11.26	196.696
11.24	196.458
11.22	195.743
11.2	195.981
11.18	195.862
11.16	195.385
11.14	195.147
11.12	194.789
11.1	194.67
11.08	194.431
11.06	194.431
11.04	194.312
11.02	193.716
11	193.358
10.98	193.12
10.96	193.358
10.94	193.239
10.92	193.001
10.9	192.643
10.88	192.524
10.86	192.286
10.84	191.809
10.82	191.57
10.8	191.57
10.78	191.213
10.76	191.093
10.74	190.974
10.72	190.617
10.7	190.736
10.68	190.378
10.66	189.901
10.64	190.021
10.62	189.901
10.6	189.544
10.58	189.544
10.56	189.186
10.54	188.948
10.52	188.948
10.5	188.828
10.48	188.59
10.46	188.352
10.44	187.875
10.42	188.113
10.4	187.875
10.38	187.875
10.36	187.756
10.34	187.636
10.32	187.517
10.3	187.517
10.28	187.279
10.26	187.16
10.24	187.04
10.22	186.921
10.2	186.802
10.18	186.563
10.16	186.563
10.14	186.444
10.12	186.444
10.1	186.325
10.08	186.206
10.06	186.325
10.04	186.325
10.02	186.206
10	185.967
9.98	185.848
9.96	185.61
9.940001	185.491
9.92	185.252
9.900001	185.014
9.88	184.775
9.86	184.775
9.84	184.537
9.82	184.418
9.8	184.179
9.78	183.941
9.76	183.822
9.74	183.702
9.72	183.464
9.7	183.583
9.68	183.464
9.66	183.583
9.64	183.583
9.62	183.345
9.6	183.226
9.58	183.226
9.56	183.345
9.54	183.106
9.52	183.226
9.5	183.226
9.48	183.106
9.46	183.106
9.440001	183.106
9.42	182.987
9.400001	182.63
9.38	182.51
9.36	182.51
9.34	182.391
9.32	182.272
9.3	182.272
9.28	182.272
9.26	182.153
9.24	182.034
9.22	181.914
9.2	181.914
9.18	181.795
9.16	181.795
9.14	181.914
9.12	181.914
9.1	181.795
9.08	181.557
9.06	181.557
9.04	181.557
9.02	181.557
9	181.557
8.98	181.676
8.96	181.676
8.940001	181.557
8.92	181.557
8.900001	181.437
8.88	181.318
8.860001	181.199
8.84	180.961
8.82	180.961
8.8	180.961
8.78	180.961
8.76	181.08
8.74	180.841
8.72	180.961
8.7	180.722
8.68	180.484
8.66	180.365
8.64	180.722
8.62	180.722
8.6	180.722
8.58	180.484
8.56	180.484
8.54	180.484
8.52	180.365
8.5	180.365
8.48	180.365
8.46	180.365
8.440001	180.365
8.42	180.484
8.400001	180.484
8.38	180.126
8.360001	180.245
8.34	180.007
8.32	180.007
8.3	180.007
8.28	180.126
8.26	180.245
8.24	180.245
8.22	180.245
8.2	180.245
8.18	180.365
8.16	180.365
8.14	180.484
8.12	180.603
8.1	180.603
8.08	180.365
8.06	180.484
8.04	180.722
8.02	180.603
8	180.484
7.98	180.484
7.96	180.484
7.94	180.365
7.92	180.484
7.9	180.484
7.88	180.484
7.86	180.245
7.84	180.365
7.82	180.484
7.8	180.484
7.78	180.484
7.76	180.484
7.74	180.484
7.72	180.722
7.7	180.961
7.68	180.961
7.66	181.08
7.64	181.08
7.62	181.318
7.6	181.557
7.58	181.437
7.56	181.557
7.54	181.914
7.52	182.034
7.5	182.153
7.48	182.153
7.46	182.272
7.44	182.272
7.42	182.391
7.4	182.51
7.38	182.63
7.36	182.63
7.34	182.63
7.32	182.749
7.3	182.868
7.28	182.987
7.26	182.987
7.24	182.987
7.22	182.987
7.2	183.106
7.18	183.226
7.16	183.345
7.14	183.583
7.12	183.702
7.1	184.179
7.08	184.179
7.06	184.418
7.04	184.537
7.02	184.775
7	185.014
6.98	185.252
6.96	185.252
6.94	185.61
6.92	185.61
6.9	185.848
6.88	186.087
6.86	186.325
6.84	186.563
6.82	186.683
6.8	186.683
6.78	186.921
6.76	187.16
6.74	187.279
6.72	187.398
6.7	187.398
6.68	187.756
6.66	187.756
6.64	187.875
6.62	187.875
6.6	188.113
6.58	188.471
6.56	188.59
6.54	188.948
6.52	189.186
6.5	189.305
6.48	189.544
6.46	189.901
6.44	190.14
6.42	190.497
6.4	190.736
6.38	190.974
6.36	191.093
6.34	191.57
6.32	191.928
6.3	192.166
6.28	192.405
6.26	192.643
6.24	192.762
6.22	193.12
6.2	193.239
6.18	193.597
6.16	193.835
6.14	193.954
6.12	194.312
6.1	194.67
6.08	194.789
6.06	194.908
6.04	195.266
6.02	195.504
6	195.743
5.98	195.981
5.96	196.339
5.94	196.696
5.92	197.054
5.9	197.292
5.88	197.531
5.86	198.008
5.84	198.484
5.82	198.484
5.8	198.842
5.78	199.557
5.76	199.915
5.74	200.034
5.72	200.511
5.7	200.749
5.68	200.988
5.66	201.345
5.64	201.822
5.62	202.18
5.6	202.657
5.58	203.014
5.56	203.372
5.54	203.849
5.52	204.087
5.5	204.683
5.48	205.041
5.46	205.16
5.44	205.756
5.42	206.114
5.4	206.71
5.38	206.829
5.36	207.187
5.34	207.664
5.32	208.14
5.3	208.498
5.28	208.975
5.26	209.452
5.24	209.928
5.22	210.286
5.2	210.882
5.18	211.359
5.16	211.955
5.14	212.67
5.12	213.266
5.1	213.743
5.08	214.339
5.06	214.935
5.04	215.651
5.02	216.247
5	216.723
4.98	217.439
4.96	218.035
4.94	218.631
4.92	219.227
4.9	219.942
4.88	220.538
4.86	221.134
4.84	221.849
4.82	222.565
4.8	223.161
4.78	223.757
4.76	224.472
4.74	224.949
4.72	225.783
4.7	226.499
4.68	227.095
4.66	227.81
4.64	228.644
4.62	229.36
4.6	230.075
4.58	231.029
4.56	231.744
4.54	232.697
4.52	234.009
4.5	234.486
4.48	235.797
4.46	236.631
4.44	237.704
4.42	238.658
4.4	239.731
4.38	240.684
4.36	241.877
4.34	242.949
4.32	243.903
4.3	244.977
4.28	246.05
4.26	247.123
4.24	248.076
4.22	249.507
4.2	250.461
4.18	251.772
4.16	252.845
4.14	254.037
4.12	255.348
4.1	256.54
4.08	257.971
4.06	259.163
4.04	260.474
4.02	262.024
4	263.335
3.98	265.004
3.96	266.435
3.94	268.342
3.92	269.534
3.9	271.441
3.88	273.23
3.86	274.898
3.84	276.687
3.82	278.475
3.8	280.144
3.78	282.289
3.76	284.316
3.74	286.223
3.72	288.369
3.7	290.276
3.68	292.541
3.66	294.687
3.64	296.833
3.62	299.217
3.6	301.601
3.58	304.105
3.56	306.847
3.54	309.35
3.52	312.092
3.5	314.834
3.48	317.695
3.46	320.675
3.44	323.536
3.42	326.755
3.4	329.854
3.38	332.834
3.36	336.172
3.34	339.272
3.32	343.205
3.3	346.662
3.28	350
3.26	353.934
3.24	357.749
3.22	361.683
3.2	365.855
3.18	370.147
3.16	374.438
3.14	378.611
3.12	383.141
3.1	387.551
3.08	392.081
3.06	396.73
3.04	401.26
3.02	405.671
3	410.32
2.98	414.969
2.96	419.738
2.94	424.625
2.92	429.871
2.9	434.877
2.88	440.719
2.86	446.083
2.84	451.686
2.82	455.977
2.8	460.746
2.78	465.514
2.76	469.806
2.74	474.216
2.72	478.27
2.7	481.965
2.68	485.78
2.66	489.477
2.64	492.696
2.62	496.034
2.6	499.729
2.58	503.425
2.56	506.762
2.54	510.339
2.52	513.557
2.5	516.776
2.48	519.518
2.46	521.902
2.44	523.452
2.42	524.405
2.4	525.24
2.38	526.432
2.36	526.79
2.34	527.624
2.32	529.293
2.3	529.651
2.28	531.081
2.26	531.916
2.24	532.869
2.22	532.631
2.2	532.75
2.18	532.035
2.16	532.035
2.14	531.2
2.12	530.604
2.1	530.008
2.08	529.651
2.06	529.889
2.04	530.604
2.02	530.962
2	531.2
1.98	530.723
1.96	530.962
1.94	531.32
1.92	532.154
1.9	532.988
1.88	534.538
1.86	536.565
1.84	538.472
1.82	540.499
1.8	543.002
1.78	545.386
1.76	548.366
1.74	551.704
1.72	555.757
1.7	559.334
1.68	563.625
1.66	568.274
1.64	573.996
1.62	579.957
1.6	586.156
1.58	593.07
1.56	599.507
1.54	606.66
1.52	614.408
1.5	622.276
1.48	630.621
1.46	639.919
1.44	649.814
1.42	660.185
1.4	671.867
1.38	684.146
1.36	697.378
1.34	711.206
1.32	725.631
1.3	741.724
1.28	756.506
1.26	773.076
1.24	792.388
1.22	809.912
1.2	830.416
1.18	852.946
1.16	876.55
1.14	899.319
1.12	924.233
1.1	953.797
1.08	983.007
1.06	1014.24
1.04	1050.24
1.02	1084.34
1	1122.6
0.9800003	1163.25
0.9600003	1206.64
0.9400003	1254.33
0.9200003	1304.4
0.9000003	1356.49
0.8800003	1411.8
0.8600003	1470.33
0.8400003	1532.8
0.8200003	1600.99
0.8000003	1672.28
0.7800003	1748.09
0.7600003	1826.41
0.7400003	1898.06
0.7200003	1970.31
0.7000003	2027.17
0.6800003	2076.4
0.6600003	2109.42
0.6400003	2130.4
0.6200003	2132.43
0.6000003	2120.99
0.5800003	2098.58
0.5600003	2064
0.5400003	2017.27
0.5200003	1959.82
0.5000003	1902.35
0.4800003	1840.6
0.4600003	1775.27
0.4400003	1709.47
0.4200003	1648.55
0.4000003	1584.42
0.3800003	1521.83
0.3600003	1461.39
0.3400003	1403.58
0.3200003	1347.55
0.3000003	1296.53
0.2800003	1246.82
0.2600003	1201.76
0.2400003	1156.1
0.2200003	1117
0.2000003	1077.3
0.1800003	1041.9
0.1600003	1007.45
0.1400003	976.447
0.1200003	946.168
0.1000003	916.604
0.08000033	888.828
0.06000033	862.245
0.04000033	836.257
0.02000033	812.057
3.352761E-7	789.408
-0.01999966	766.639
-0.03999966	744.943
-0.05999966	724.081
-0.07999966	704.769
-0.09999967	686.768
-0.1199997	668.887
-0.1399997	652.913
-0.1599997	637.654
-0.1799997	621.799
-0.1999997	607.613
-0.2199997	593.785
-0.2399997	580.076
-0.2599997	567.559
-0.2799997	554.804
-0.2999997	543.956
-0.3199997	532.988
-0.3399996	521.783
-0.3599997	510.935
-0.3799997	501.16
-0.3999996	491.742
-0.4199997	481.965
-0.4399996	473.74
-0.4599997	465.514
-0.4799997	457.885
-0.4999996	450.494
-0.5199996	443.103
-0.5399997	435.831
-0.5599996	428.798
-0.5799996	421.884
-0.5999997	415.089
-0.6199996	409.128
-0.6399996	403.287
-0.6599997	397.326
-0.6799996	391.843
-0.6999996	386.359
-0.7199997	380.995
-0.7399997	375.75
-0.7599996	370.385
-0.7799997	365.736
-0.7999997	361.087
-0.8199996	356.557
-0.8399997	351.192
-0.8599997	346.901
-0.8799996	342.49
-0.8999996	338.556
-0.9199997	334.742
-0.9399996	330.808
-0.9599996	326.755
-0.9799997	323.297
-0.9999996	319.96
-1.02	316.145
-1.04	312.33
-1.06	309.35
-1.08	306.131
-1.1	303.151
-1.12	300.052
-1.14	296.952
-1.16	294.091
-1.18	291.23
-1.2	288.369
-1.22	285.747
-1.24	283.243
-1.26	280.621
-1.28	277.998
-1.3	275.495
-1.32	273.11
-1.34	270.726
-1.36	268.342
-1.38	266.077
-1.4	263.812
-1.42	261.547
-1.44	259.52
-1.46	257.375
-1.48	255.348
-1.5	253.56
-1.52	251.533
-1.54	249.745
-1.56	247.719
-1.58	245.931
-1.6	244.381
-1.62	242.473
-1.64	241.161
-1.66	239.135
-1.68	237.943
-1.7	236.155
-1.72	234.724
-1.74	233.294
-1.76	231.744
-1.78	230.432
-1.8	229.002
-1.82	227.571
-1.84	225.903
-1.86	224.83
-1.88	223.28
-1.9	222.088
-1.92	220.538
-1.94	219.227
-1.96	217.916
-1.98	216.604
-2	215.174
-2.02	214.101
-2.04	212.67
-2.06	211.478
-2.08	210.405
-2.1	209.213
-2.12	208.021
-2.14	206.591
-2.16	205.637
-2.18	204.564
-2.2	203.491
-2.22	202.299
-2.24	201.584
-2.26	200.273
-2.28	199.557
-2.3	198.484
-2.32	197.65
-2.34	196.696
-2.36	195.743
-2.38	194.789
-2.4	193.954
-2.42	192.882
-2.44	191.689
-2.46	191.093
-2.48	190.14
-2.5	189.424
-2.52	188.471
-2.54	187.517
-2.56	186.444
-2.58	185.848
-2.6	184.895
-2.62	183.941
-2.64	183.226
-2.66	182.391
-2.68	181.676
-2.7	180.841
-2.72	180.245
-2.74	179.53
-2.76	178.815
-2.779999	178.219
-2.8	177.384
-2.82	177.027
-2.84	176.192
-2.86	175.715
-2.88	175
-2.9	174.404
-2.92	173.808
-2.94	173.212
-2.96	172.616
-2.98	172.02
-3	171.424
-3.02	170.828
-3.039999	170.232
-3.06	169.278
-3.08	169.04
-3.1	168.324
-3.12	167.848
-3.14	167.252
-3.16	166.536
-3.18	165.94
-3.2	165.344
-3.22	164.748
-3.24	164.152
-3.26	163.675
-3.279999	163.318
-3.299999	162.722
-3.32	162.126
-3.34	161.649
-3.36	161.291
-3.38	160.695
-3.4	160.218
-3.42	160.099
-3.44	159.503
-3.46	158.907
-3.48	158.549
-3.5	158.072
-3.52	157.715
-3.539999	157.238
-3.559999	156.761
-3.58	156.284
-3.6	155.688
-3.62	155.211
-3.64	154.854
-3.66	154.615
-3.68	153.9
-3.7	153.662
-3.72	153.304
-3.74	152.827
-3.76	152.231
-3.779999	151.874
-3.799999	151.397
-3.82	150.92
-3.84	150.562
-3.86	150.205
-3.88	149.966
-3.9	149.489
-3.92	149.013
-3.94	148.774
-3.96	148.416
-3.98	147.94
-4	147.701
-4.02	147.224
-4.039999	147.224
-4.059999	146.748
-4.079999	146.39
-4.099999	146.032
-4.119999	145.555
-4.139999	145.079
-4.159999	144.84
-4.179999	144.363
-4.2	144.125
-4.22	143.767
-4.24	143.41
-4.26	142.933
-4.28	142.694
-4.3	142.337
-4.32	142.098
-4.34	141.741
-4.36	141.502
-4.38	141.145
-4.4	140.906
-4.42	140.549
-4.44	140.31
-4.46	140.072
-4.48	139.833
-4.5	139.357
-4.52	139.237
-4.539999	138.761
-4.559999	138.284
-4.579999	138.164
-4.599999	137.926
-4.619999	137.688
-4.639999	137.33
-4.659999	137.092
-4.679999	136.734
-4.699999	136.376
-4.72	136.138
-4.74	135.9
-4.76	135.542
-4.78	135.423
-4.8	135.184
-4.82	134.946
-4.84	134.588
-4.86	134.111
-4.88	133.635
-4.9	133.396
-4.92	133.277
-4.94	133.038
-4.96	132.681
-4.98	132.562
-5	132.323
-5.02	132.085
-5.039999	131.846
-5.059999	131.608
-5.079999	131.37
-5.099999	131.131
-5.119999	130.893
-5.139999	130.654
-5.159999	130.297
-5.179999	130.058
-5.199999	129.82
-5.219999	129.581
-5.24	129.343
-5.26	129.105
-5.28	128.747
-5.3	128.509
-5.32	128.27
-5.34	128.032
-5.36	127.793
-5.38	127.555
-5.4	127.316
-5.42	127.078
-5.44	126.84
-5.46	126.482
-5.48	126.363
-5.5	126.005
-5.52	125.767
-5.539999	125.648
-5.559999	125.409
-5.579999	125.29
-5.599999	125.051
-5.619999	124.813
-5.639999	124.694
-5.659999	124.575
-5.679999	124.336
-5.699999	124.098
-5.719999	123.979
-5.74	123.74
-5.76	123.621
-5.78	123.383
-5.8	123.144
-5.82	122.906
-5.84	122.667
-5.86	122.429
-5.88	122.19
-5.9	121.952
-5.92	121.832
-5.94	121.594
-5.96	121.356
-5.98	121.117
-6	120.879
-6.02	120.759
-6.039999	120.521
-6.059999	120.283
-6.079999	120.163
-6.099999	119.925
-6.119999	119.687
-6.139999	119.687
-6.159999	119.448
-6.179999	119.21
-6.199999	119.091
-6.219999	118.971
-6.239999	118.852
-6.26	118.733
-6.28	118.614
-6.3	118.494
-6.32	118.375
-6.34	118.256
-6.36	118.018
-6.38	117.898
-6.4	117.779
-6.42	117.541
-6.44	117.422
-6.46	117.183
-6.48	116.945
-6.5	116.945
-6.52	116.706
-6.539999	116.349
-6.559999	116.349
-6.579999	116.11
-6.599999	115.991
-6.619999	115.753
-6.639999	115.633
-6.659999	115.395
-6.679999	115.276
-6.699999	115.037
-6.719999	115.037
-6.739999	114.918
-6.759999	114.561
-6.78	114.561
-6.8	114.441
-6.82	114.441
-6.84	114.084
-6.86	114.084
-6.88	113.965
-6.9	113.845
-6.92	113.726
-6.94	113.607
-6.96	113.369
-6.98	113.249
-7	113.249
-7.02	113.011
-7.039999	112.892
-7.059999	112.534
-7.079999	112.653
-7.099999	112.415
-7.119999	112.176
-7.139999	112.176
-7.159999	112.057
-7.179999	111.938
-7.199999	111.7
-7.219999	111.461
-7.239999	111.342
-7.259999	111.223
-7.28	110.984
-7.3	111.104
-7.32	110.865
-7.34	110.984
-7.36	110.627
-7.38	110.746
-7.4	110.388
-7.42	110.269
-7.44	110.15
-7.46	110.15
-7.48	110.15
-7.5	109.911
-7.52	109.792
-7.539999	109.792
-7.559999	109.673
-7.579999	109.554
-7.599999	109.554
-7.619999	109.554
-7.639999	109.315
-7.659999	108.958
-7.679999	108.958
-7.699999	108.839
-7.719999	108.719
-7.739999	108.6
-7.759999	108.362
-7.779999	108.362
-7.8	108.243
-7.82	108.123
-7.84	107.885
-7.86	107.766
-7.88	107.766
-7.9	107.646
-7.92	107.408
-7.94	107.289
-7.96	107.289
-7.98	107.17
-8	107.05
-8.02	107.05
-8.039999	106.812
-8.059999	106.693
-8.08	106.812
-8.099999	106.574
-8.12	106.454
-8.139999	106.574
-8.16	106.335
-8.179999	106.216
-8.2	106.097
-8.219999	105.978
-8.24	105.978
-8.259999	105.858
-8.28	105.501
-8.299999	105.62
-8.32	105.381
-8.339999	105.381
-8.36	105.143
-8.379999	105.024
-8.4	105.024
-8.419999	104.905
-8.44	104.666
-8.459999	104.547
-8.48	104.428
-8.499999	104.309
-8.52	104.189
-8.539999	104.07
-8.559999	103.951
-8.58	103.832
-8.599999	103.713
-8.62	103.713
-8.639999	103.474
-8.66	103.593
-8.679999	103.355
-8.7	103.236
-8.719999	103.117
-8.74	103.236
-8.759999	102.997
-8.78	102.878
-8.799999	102.878
-8.82	102.759
-8.839999	102.64
-8.86	102.64
-8.879999	102.52
-8.9	102.401
-8.919999	102.401
-8.94	102.282
-8.959999	102.044
-8.98	102.044
-8.999999	101.924
-9.02	101.686
-9.039999	101.686
-9.059999	101.448
-9.08	101.448
-9.099999	101.328
-9.12	101.209
-9.139999	100.971
-9.16	100.971
-9.179999	100.732
-9.2	100.613
-9.219999	100.494
-9.24	100.375
-9.259999	100.255
-9.28	100.255
-9.299999	100.017
-9.32	100.136
-9.339999	100.017
-9.36	99.7786
-9.379999	99.7786
-9.4	100.017
-9.419999	99.7786
-9.44	99.6594
-9.459999	99.5402
-9.48	99.421
-9.499999	99.421
-9.52	99.3018
-9.539999	99.3018
-9.559999	99.1826
-9.58	98.9442
-9.599999	98.9442
-9.62	98.825
-9.639999	98.825
-9.66	98.7058
-9.679999	98.5865
-9.7	98.3481
-9.719999	98.3481
-9.74	98.1097
-9.759999	98.1097
-9.78	97.9905
-9.799999	97.8713
-9.82	97.7521
-9.839999	97.6329
-9.86	97.5137
-9.879999	97.3945
-9.9	97.3945
-9.919999	97.2752
-9.94	97.156
-9.959999	97.2752
-9.98	97.0368
-9.999999	96.9176
-10.02	97.0368
-10.04	96.7984
-10.06	96.9176
-10.08	96.7984
-10.1	96.56
-10.12	96.56
-10.14	96.4408
-10.16	96.4408
-10.18	96.3216
-10.2	96.3216
-10.22	96.0832
-10.24	96.0832
-10.26	96.0832
-10.28	95.9639
-10.3	95.8447
-10.32	95.7255
-10.34	95.3679
-10.36	95.3679
-10.38	95.2487
-10.4	95.2487
-10.42	95.1295
-10.44	95.0103
-10.46	94.8911
-10.48	94.7719
-10.5	94.6526
-10.52	94.6526
-10.54	94.5334
-10.56	94.4142
-10.58	94.4142
-10.6	94.295
-10.62	94.1758
-10.64	94.1758
-10.66	94.0566
-10.68	94.0566
-10.7	94.0566
-10.72	93.8182
-10.74	93.8182
-10.76	93.8182
-10.78	93.699
-10.8	93.5798
-10.82	93.5798
-10.84	93.5798
-10.86	93.4605
-10.88	93.2221
-10.9	93.2221
-10.92	93.1029
-10.94	92.9837
-10.96	92.9837
-10.98	92.9837
-11	92.7453
-11.02	92.6261
-11.04	92.5069
-11.06	92.3877
-11.08	92.3877
-11.1	92.2685
-11.12	92.1492
-11.14	92.1492
-11.16	92.1492
-11.18	92.03
-11.2	92.03
-11.22	91.9108
-11.24	91.7916
-11.26	91.7916
-11.28	91.7916
-11.3	91.6724
-11.32	91.434
-11.34	91.5532
-11.36	91.3148
-11.38	91.434
-11.4	91.3148
-11.42	91.3148
-11.44	91.1956
-11.46	91.1956
-11.48	91.0764
-11.5	91.0764
-11.52	90.9572
-11.54	90.9572
-11.56	90.8379
-11.58	90.8379
-11.6	90.7187
-11.62	90.4803
-11.64	90.4803
-11.66	90.4803
-11.68	90.1227
-11.7	90.2419
-11.72	90.1227
-11.74	90.1227
-11.76	90.0035
-11.78	89.8843
-11.8	89.7651
-11.82	89.7651
-11.84	89.7651
-11.86	89.6459
-11.88	89.5266
-11.9	89.4074
-11.92	89.5266
-11.94	89.2882
-11.96	89.5266
-11.98	89.169
-12	89.169
-12.02	89.0498
-12.04	89.0498
-12.06	89.0498
-12.08	88.9306
-12.1	88.9306
-12.12	88.9306
-12.14	88.8114
-12.16	88.8114
-12.18	88.6922
-12.2	88.6922
-12.22	88.573
-12.24	88.3345
-12.26	88.4538
-12.28	88.2153
-12.3	88.2153
-12.32	88.0961
-12.34	87.9769
-12.36	87.9769
-12.38	87.8577
-12.4	87.8577
-12.42	87.7385
-12.44	87.6193
-12.46	87.5001
-12.48	87.3809
-12.5	87.3809
-12.52	87.2617
-12.54	87.3809
-12.56	87.1425
-12.58	87.1425
-12.6	87.0232
-12.62	86.904
-12.64	86.904
-12.66	86.904
-12.68	86.904
-12.7	86.904
-12.72	86.7848
-12.74	86.7848
-12.76	86.7848
-12.78	86.6656
-12.8	86.6656
-12.82	86.5464
-12.84	86.5464
-12.86	86.4272
-12.88	86.4272
-12.9	86.308
-12.92	86.308
-12.94	86.0696
-12.96	86.1888
-12.98	86.0696
-13	85.9504
-13.02	85.8312
-13.04	85.8312
-13.06	85.7119
-13.08	85.5927
-13.1	85.4735
-13.12	85.4735
-13.14	85.3543
-13.16	85.2351
-13.18	85.3543
-13.2	85.2351
-13.22	85.2351
-13.24	85.2351
-13.26	85.1159
-13.28	85.1159
-13.3	85.1159
-13.32	85.1159
-13.34	85.1159
-13.36	84.9967
-13.38	84.8775
-13.4	84.8775
-13.42	84.8775
-13.44	84.7583
-13.46	84.7583
-13.48	84.6391
-13.5	84.6391
-13.52	84.6391
-13.54	84.5199
-13.56	84.2814
-13.58	84.2814
-13.6	84.2814
-13.62	84.1622
-13.64	84.043
-13.66	84.043
-13.68	84.043
-13.7	83.9238
-13.72	83.9238
-13.74	83.9238
-13.76	83.8046
-13.78	83.8046
-13.8	83.6854
-13.82	83.6854
-13.84	83.6854
-13.86	83.5662
-13.88	83.5662
-13.9	83.5662
-13.92	83.5662
-13.94	83.5662
-13.96	83.447
-13.98	83.447
-14	83.3278
-14.02	83.3278
-14.04	83.3278
-14.06	83.0893
-14.08	83.2085
-14.1	82.9701
-14.12	82.9701
-14.14	82.9701
-14.16	82.8509
-14.18	82.7317
-14.2	82.6125
-14.22	82.6125
-14.24	82.4933
-14.26	82.4933
-14.28	82.4933
-14.3	82.3741
-14.32	82.3741
-14.34	82.3741
-14.36	82.2549
-14.38	82.3741
-14.4	82.2549
-14.42	82.1357
-14.44	82.2549
-14.46	82.1357
-14.48	82.0165
-14.5	82.0165
-14.52	82.0165
-14.54	81.8972
-14.56	81.8972
-14.58	81.778
-14.6	81.778
-14.62	81.6588
-14.64	81.6588
-14.66	81.6588
-14.68	81.6588
-14.7	81.4204
-14.72	81.3012
-14.74	81.3012
-14.76	81.3012
-14.78	81.3012
-14.8	81.182
-14.82	81.182
-14.84	81.182
-14.86	81.182
-14.88	81.0628
-14.9	80.9436
-14.92	80.9436
-14.94	80.9436
-14.96	80.8244
-14.98	80.8244
-15	80.7052
-15.02	80.7052
