-1.000000E+1	 -1.110816E-10	 5.000000E+0	 4.066484E-10
-9.800000E+0	 -9.632212E-11	 5.000000E+0	 3.799332E-10
-9.600000E+0	 -8.571176E-11	 5.000000E+0	 3.628824E-10
-9.400000E+0	 -7.835842E-11	 5.000000E+0	 3.451568E-10
-9.200000E+0	 -7.125167E-11	 5.000000E+0	 3.375598E-10
-9.000000E+0	 -6.574104E-11	 5.000000E+0	 3.269663E-10
-8.800000E+0	 -6.128678E-11	 5.000000E+0	 3.160354E-10
-8.600000E+0	 -5.679734E-11	 5.000000E+0	 3.056952E-10
-8.400000E+0	 -5.246049E-11	 5.000000E+0	 2.957354E-10
-8.200000E+0	 -4.855200E-11	 5.000000E+0	 2.847200E-10
-8.000000E+0	 -4.592876E-11	 5.000000E+0	 2.758990E-10
-7.800000E+0	 -4.206140E-11	 5.000000E+0	 2.690622E-10
-7.600000E+0	 -3.912713E-11	 5.000000E+0	 2.641663E-10
-7.400000E+0	 -3.546515E-11	 5.000000E+0	 2.568649E-10
-7.200000E+0	 -3.344049E-11	 5.000000E+0	 2.511673E-10
-7.000000E+0	 -3.078790E-11	 5.000000E+0	 2.432750E-10
-6.800000E+0	 -2.844634E-11	 5.000000E+0	 2.355941E-10
-6.600000E+0	 -2.602261E-11	 5.000000E+0	 2.271529E-10
-6.400000E+0	 -2.359891E-11	 5.000000E+0	 2.238611E-10
-6.200000E+0	 -2.122214E-11	 5.000000E+0	 2.168548E-10
-6.000000E+0	 -1.930312E-11	 5.000000E+0	 2.059662E-10
-5.800000E+0	 -1.617517E-11	 5.000000E+0	 2.025899E-10
-5.600000E+0	 -1.550030E-11	 5.000000E+0	 1.973565E-10
-5.400000E+0	 -1.274793E-11	 5.000000E+0	 1.895911E-10
-5.200000E+0	 -1.132774E-11	 5.000000E+0	 1.853706E-10
-5.000000E+0	 -9.508484E-12	 5.000000E+0	 1.789977E-10
-4.800000E+0	 -7.178681E-12	 5.000000E+0	 1.747351E-10
-4.600000E+0	 -5.764358E-12	 5.000000E+0	 1.659988E-10
-4.400000E+0	 -4.003802E-12	 5.000000E+0	 1.658722E-10
-4.200000E+0	 -2.278448E-12	 5.000000E+0	 1.595415E-10
-4.000000E+0	 -8.699656E-13	 5.000000E+0	 1.550255E-10
-3.800000E+0	 9.962187E-13	 5.000000E+0	 1.464160E-10
-3.600000E+0	 2.557251E-12	 5.000000E+0	 1.419001E-10
-3.400000E+0	 4.493885E-12	 5.000000E+0	 1.383972E-10
-3.200000E+0	 6.477439E-12	 5.000000E+0	 1.318554E-10
-3.000000E+0	 6.929320E-12	 5.000000E+0	 1.269598E-10
-2.800000E+0	 9.253268E-12	 5.000000E+0	 1.225705E-10
-2.600000E+0	 9.763832E-12	 5.000000E+0	 1.141718E-10
-2.400000E+0	 1.192346E-11	 5.000000E+0	 1.115131E-10
-2.200000E+0	 1.292111E-11	 5.000000E+0	 1.074614E-10
-2.000000E+0	 1.464647E-11	 5.000000E+0	 1.002444E-10
-1.800000E+0	 1.638942E-11	 5.000000E+0	 9.631934E-11
-1.600000E+0	 1.768635E-11	 5.000000E+0	 8.471335E-11
-1.400000E+0	 1.890106E-11	 5.000000E+0	 8.196990E-11
-1.200000E+0	 2.039743E-11	 5.000000E+0	 7.728518E-11
-9.999999E-1	 2.191728E-11	 5.000000E+0	 7.348699E-11
-7.999998E-1	 2.268014E-11	 5.000000E+0	 7.196752E-11
-5.999998E-1	 2.469878E-11	 5.000000E+0	 6.327347E-11
-3.999999E-1	 2.529146E-11	 5.000000E+0	 6.331555E-11
-1.999999E-1	 2.760352E-11	 5.000000E+0	 5.517012E-11
1.490116E-7	 2.846613E-11	 5.000000E+0	 4.981027E-11
2.000002E-1	 2.970430E-11	 5.000000E+0	 3.904822E-11
4.000002E-1	 3.152344E-11	 5.000000E+0	 3.546075E-11
6.000001E-1	 3.273228E-11	 5.000000E+0	 3.183140E-11
8.000002E-1	 3.371223E-11	 5.000000E+0	 2.630256E-11
1.000000E+0	 3.483894E-11	 5.000000E+0	 2.191329E-11
1.200000E+0	 3.593627E-11	 5.000000E+0	 1.549826E-11
1.400000E+0	 3.769671E-11	 5.000000E+0	 1.524499E-11
1.600000E+0	 3.938675E-11	 5.000000E+0	 6.804210E-12
1.800000E+0	 4.033739E-11	 5.000000E+0	 2.794737E-12
2.000000E+0	 4.131737E-11	 5.000000E+0	 -1.678879E-12
2.200000E+0	 4.276678E-11	 5.000000E+0	 -5.899226E-12
2.400000E+0	 4.448028E-11	 5.000000E+0	 -1.117481E-11
2.600000E+0	 4.479130E-11	 5.000000E+0	 -1.429797E-11
2.800000E+0	 4.666324E-11	 5.000000E+0	 -2.096621E-11
3.000000E+0	 4.771364E-11	 5.000000E+0	 -2.598852E-11
3.200000E+0	 4.833565E-11	 5.000000E+0	 -3.058886E-11
3.400000E+0	 5.001979E-11	 5.000000E+0	 -3.611754E-11
3.600000E+0	 5.073572E-11	 5.000000E+0	 -3.978934E-11
3.800000E+0	 5.252547E-11	 5.000000E+0	 -4.599339E-11
4.000000E+0	 5.308882E-11	 5.000000E+0	 -5.038260E-11
4.200000E+0	 5.510160E-11	 5.000000E+0	 -5.211291E-11
4.400000E+0	 5.520136E-11	 5.000000E+0	 -6.211534E-11
4.600000E+0	 5.715545E-11	 5.000000E+0	 -6.671558E-11
4.800000E+0	 5.822344E-11	 5.000000E+0	 -7.211770E-11
5.000000E+0	 5.902738E-11	 5.000000E+0	 -7.266636E-11
5.200000E+0	 6.071153E-11	 5.000000E+0	 -8.334403E-11
5.400000E+0	 6.191452E-11	 5.000000E+0	 -8.912607E-11
5.600000E+0	 6.322897E-11	 5.000000E+0	 -9.094081E-11
5.800000E+0	 6.410918E-11	 5.000000E+0	 -9.575211E-11
6.000000E+0	 6.517130E-11	 5.000000E+0	 -9.908620E-11
6.200000E+0	 6.625105E-11	 5.000000E+0	 -1.007322E-10
6.400000E+0	 6.721928E-11	 5.000000E+0	 -1.079914E-10
6.600000E+0	 6.849853E-11	 5.000000E+0	 -1.152504E-10
6.800000E+0	 6.959584E-11	 5.000000E+0	 -1.174450E-10
7.000000E+0	 7.025310E-11	 5.000000E+0	 -1.282071E-10
7.200000E+0	 7.119788E-11	 5.000000E+0	 -1.306549E-10
7.400000E+0	 7.311674E-11	 5.000000E+0	 -1.382517E-10
7.600000E+0	 7.404387E-11	 5.000000E+0	 -1.414592E-10
7.800000E+0	 7.532316E-11	 5.000000E+0	 -1.489293E-10
8.000000E+0	 7.640876E-11	 5.000000E+0	 -1.529387E-10
8.200000E+0	 7.807530E-11	 5.000000E+0	 -1.576234E-10
8.400001E+0	 7.826897E-11	 5.000000E+0	 -1.568637E-10
8.600000E+0	 7.944255E-11	 5.000000E+0	 -1.698626E-10
8.800000E+0	 8.021130E-11	 5.000000E+0	 -1.702424E-10
9.000000E+0	 8.192480E-11	 5.000000E+0	 -1.739564E-10
9.200001E+0	 8.269938E-11	 5.000000E+0	 -1.790208E-10
9.400001E+0	 8.388475E-11	 5.000000E+0	 -1.838321E-10
9.600000E+0	 8.501727E-11	 5.000000E+0	 -1.886856E-10
9.800000E+0	 8.611465E-11	 5.000000E+0	 -1.922308E-10
1.000000E+1	 8.719436E-11	 5.000000E+0	 -2.014319E-10
9.800000E+0	 7.631485E-11	 5.000000E+0	 -1.867442E-10
9.600000E+0	 7.039391E-11	 5.000000E+0	 -1.727324E-10
9.400001E+0	 6.656788E-11	 5.000000E+0	 -1.602822E-10
9.200001E+0	 6.270659E-11	 5.000000E+0	 -1.557664E-10
9.000000E+0	 5.821754E-11	 5.000000E+0	 -1.502799E-10
8.800000E+0	 5.565313E-11	 5.000000E+0	 -1.372388E-10
8.600000E+0	 5.265455E-11	 5.000000E+0	 -1.290513E-10
8.400001E+0	 4.979087E-11	 5.000000E+0	 -1.244088E-10
8.200000E+0	 4.723825E-11	 5.000000E+0	 -1.198085E-10
8.000000E+0	 4.427484E-11	 5.000000E+0	 -1.090887E-10
7.800000E+0	 4.244984E-11	 5.000000E+0	 -1.003103E-10
7.600000E+0	 4.004391E-11	 5.000000E+0	 -9.828441E-11
7.400000E+0	 3.804876E-11	 5.000000E+0	 -8.997026E-11
7.200000E+0	 3.578366E-11	 5.000000E+0	 -8.368194E-11
7.000000E+0	 3.333078E-11	 5.000000E+0	 -8.038998E-11
6.800000E+0	 3.194589E-11	 5.000000E+0	 -7.296203E-11
6.600000E+0	 3.005636E-11	 5.000000E+0	 -6.891050E-11
6.400000E+0	 2.820790E-11	 5.000000E+0	 -6.253767E-11
6.200000E+0	 2.593693E-11	 5.000000E+0	 -5.211326E-11
6.000000E+0	 2.485720E-11	 5.000000E+0	 -4.970770E-11
5.800000E+0	 2.275641E-11	 5.000000E+0	 -4.797730E-11
5.600000E+0	 2.113681E-11	 5.000000E+0	 -3.903007E-11
5.400000E+0	 1.893039E-11	 5.000000E+0	 -3.307936E-11
5.200000E+0	 1.727558E-11	 5.000000E+0	 -3.134885E-11
5.000000E+0	 1.554436E-11	 5.000000E+0	 -2.282372E-11
4.800000E+0	 1.418286E-11	 5.000000E+0	 -1.556470E-11
4.600000E+0	 1.283898E-11	 5.000000E+0	 -1.113316E-11
4.400000E+0	 1.133076E-11	 5.000000E+0	 -8.980774E-12
4.200000E+0	 9.124203E-12	 5.000000E+0	 -5.055914E-12
4.000000E+0	 8.214571E-12	 5.000000E+0	 3.638145E-12
3.800000E+0	 6.465753E-12	 5.000000E+0	 8.786985E-12
3.600000E+0	 5.063174E-12	 5.000000E+0	 1.515978E-11
3.400000E+0	 3.725144E-12	 5.000000E+0	 1.684788E-11
3.200000E+0	 2.205213E-12	 5.000000E+0	 2.216560E-11
3.000000E+0	 9.552064E-13	 5.000000E+0	 3.195688E-11
2.800000E+0	 -5.999402E-13	 5.000000E+0	 2.959356E-11
2.600000E+0	 -2.061211E-12	 5.000000E+0	 4.065091E-11
2.400000E+0	 -3.504863E-12	 5.000000E+0	 4.605299E-11
2.200000E+0	 -5.065889E-12	 5.000000E+0	 5.179279E-11
2.000000E+0	 -5.905085E-12	 5.000000E+0	 5.225706E-11
1.800000E+0	 -7.871027E-12	 5.000000E+0	 5.888304E-11
1.600000E+0	 -9.373370E-12	 5.000000E+0	 6.230158E-11
1.400000E+0	 -1.031822E-11	 5.000000E+0	 6.698617E-11
1.200000E+0	 -1.216680E-11	 5.000000E+0	 7.694642E-11
1.000000E+0	 -1.327007E-11	 5.000000E+0	 7.483605E-11
8.000002E-1	 -1.451420E-11	 5.000000E+0	 8.293924E-11
6.000001E-1	 -1.578178E-11	 5.000000E+0	 8.855239E-11
4.000002E-1	 -1.660927E-11	 5.000000E+0	 9.323700E-11
2.000002E-1	 -1.813508E-11	 5.000000E+0	 9.906118E-11
1.490116E-7	 -1.971957E-11	 5.000000E+0	 1.047167E-10
-1.999999E-1	 -2.052355E-11	 5.000000E+0	 1.094857E-10
-3.999999E-1	 -2.196714E-11	 5.000000E+0	 1.168291E-10
-5.999998E-1	 -2.331698E-11	 5.000000E+0	 1.196144E-10
-7.999998E-1	 -2.436744E-11	 5.000000E+0	 1.234126E-10
-9.999999E-1	 -2.602232E-11	 5.000000E+0	 1.283929E-10
-1.200000E+0	 -2.679697E-11	 5.000000E+0	 1.350610E-10
-1.400000E+0	 -2.823479E-11	 5.000000E+0	 1.401678E-10
-1.600000E+0	 -2.970189E-11	 5.000000E+0	 1.468359E-10
-1.800000E+0	 -3.058802E-11	 5.000000E+0	 1.510562E-10
-2.000000E+0	 -3.138616E-11	 5.000000E+0	 1.553611E-10
-2.200000E+0	 -3.247769E-11	 5.000000E+0	 1.629577E-10
-2.400000E+0	 -3.418546E-11	 5.000000E+0	 1.638440E-10
-2.600000E+0	 -3.559977E-11	 5.000000E+0	 1.732554E-10
-2.800000E+0	 -3.649175E-11	 5.000000E+0	 1.764209E-10
-3.000000E+0	 -3.803521E-11	 5.000000E+0	 1.771382E-10
-3.200000E+0	 -3.902109E-11	 5.000000E+0	 1.841439E-10
-3.400000E+0	 -4.042954E-11	 5.000000E+0	 1.889975E-10
-3.600000E+0	 -4.113375E-11	 5.000000E+0	 1.907280E-10
-3.800000E+0	 -4.207859E-11	 5.000000E+0	 2.007726E-10
-4.000000E+0	 -4.378042E-11	 5.000000E+0	 2.068920E-10
-4.200000E+0	 -4.497765E-11	 5.000000E+0	 2.099305E-10
-4.400000E+0	 -4.575813E-11	 5.000000E+0	 2.166408E-10
-4.600000E+0	 -4.713135E-11	 5.000000E+0	 2.190045E-10
-4.800000E+0	 -4.782382E-11	 5.000000E+0	 2.264323E-10
-5.000000E+0	 -4.944942E-11	 5.000000E+0	 2.273185E-10
-5.200000E+0	 -5.092242E-11	 5.000000E+0	 2.322142E-10
-5.400000E+0	 -5.166186E-11	 5.000000E+0	 2.395999E-10
-5.600000E+0	 -5.282379E-11	 5.000000E+0	 2.417100E-10
-5.800000E+0	 -5.413834E-11	 5.000000E+0	 2.505729E-10
-6.000000E+0	 -5.509487E-11	 5.000000E+0	 2.528519E-10
-6.200000E+0	 -5.655031E-11	 5.000000E+0	 2.587182E-10
-6.400000E+0	 -5.694351E-11	 5.000000E+0	 2.637405E-10
-6.600000E+0	 -5.857494E-11	 5.000000E+0	 2.686782E-10
-6.800000E+0	 -5.920871E-11	 5.000000E+0	 2.726877E-10
-7.000000E+0	 -6.082846E-11	 5.000000E+0	 2.757685E-10
-7.200000E+0	 -6.293523E-11	 5.000000E+0	 2.813816E-10
-7.400000E+0	 -6.147395E-11	 5.000000E+0	 2.922279E-10
-7.600000E+0	 -6.404442E-11	 5.000000E+0	 2.919747E-10
-7.800000E+0	 -6.503621E-11	 5.000000E+0	 2.996558E-10
-8.000000E+0	 -6.626270E-11	 5.000000E+0	 3.044246E-10
-8.200000E+0	 -6.721920E-11	 5.000000E+0	 3.080967E-10
-8.400000E+0	 -6.845163E-11	 5.000000E+0	 3.115572E-10
-8.600000E+0	 -6.970747E-11	 5.000000E+0	 3.183098E-10
-8.800000E+0	 -7.035304E-11	 5.000000E+0	 3.244295E-10
-9.000000E+0	 -7.207833E-11	 5.000000E+0	 3.288185E-10
-9.200000E+0	 -7.224260E-11	 5.000000E+0	 3.305910E-10
-9.400000E+0	 -7.460770E-11	 5.000000E+0	 3.406780E-10
-9.600000E+0	 -7.541755E-11	 5.000000E+0	 3.455737E-10
-9.800000E+0	 -7.646209E-11	 5.000000E+0	 3.515661E-10
-1.000000E+1	 -7.696677E-11	 5.000000E+0	 3.544363E-10
-9.800000E+0	 -6.646218E-11	 5.000000E+0	 3.396647E-10
-9.600000E+0	 -6.043522E-11	 5.000000E+0	 3.218547E-10
-9.400000E+0	 -5.582845E-11	 5.000000E+0	 3.137516E-10
-9.200000E+0	 -5.184955E-11	 5.000000E+0	 3.012590E-10
-9.000000E+0	 -4.856908E-11	 5.000000E+0	 2.988956E-10
-8.800000E+0	 -4.494817E-11	 5.000000E+0	 2.916789E-10
-8.600000E+0	 -4.223109E-11	 5.000000E+0	 2.813809E-10
-8.400000E+0	 -3.987783E-11	 5.000000E+0	 2.776673E-10
-8.200000E+0	 -3.632734E-11	 5.000000E+0	 2.664828E-10
-8.000000E+0	 -3.458442E-11	 5.000000E+0	 2.638242E-10
-7.800000E+0	 -3.181447E-11	 5.000000E+0	 2.552566E-10
-7.600000E+0	 -2.947294E-11	 5.000000E+0	 2.465629E-10
-7.400000E+0	 -2.743070E-11	 5.000000E+0	 2.417516E-10
-7.200000E+0	 -2.531217E-11	 5.000000E+0	 2.366030E-10
-7.000000E+0	 -2.302932E-11	 5.000000E+0	 2.293013E-10
-6.800000E+0	 -2.101642E-11	 5.000000E+0	 2.263472E-10
-6.600000E+0	 -1.957865E-11	 5.000000E+0	 2.176109E-10
-6.400000E+0	 -1.727817E-11	 5.000000E+0	 2.140657E-10
-6.200000E+0	 -1.571716E-11	 5.000000E+0	 2.065112E-10
-6.000000E+0	 -1.415613E-11	 5.000000E+0	 1.996742E-10
-5.800000E+0	 -1.224299E-11	 5.000000E+0	 1.988300E-10
-5.600000E+0	 -1.078760E-11	 5.000000E+0	 1.904737E-10
-5.400000E+0	 -8.974241E-12	 5.000000E+0	 1.862955E-10
-5.200000E+0	 -7.125665E-12	 5.000000E+0	 1.785722E-10
-5.000000E+0	 -5.147962E-12	 5.000000E+0	 1.728748E-10
-4.800000E+0	 -3.293527E-12	 5.000000E+0	 1.705112E-10
-4.600000E+0	 -2.342836E-12	 5.000000E+0	 1.629145E-10
-4.400000E+0	 -4.296979E-13	 5.000000E+0	 1.594538E-10
-4.200000E+0	 8.496398E-13	 5.000000E+0	 1.579344E-10
-4.000000E+0	 2.891877E-12	 5.000000E+0	 1.491137E-10
-3.800000E+0	 4.435301E-12	 5.000000E+0	 1.454418E-10
-3.600000E+0	 5.509230E-12	 5.000000E+0	 1.321901E-10
-3.400000E+0	 7.310859E-12	 5.000000E+0	 1.342581E-10
-3.200000E+0	 8.408267E-12	 5.000000E+0	 1.270412E-10
-3.000000E+0	 9.863659E-12	 5.000000E+0	 1.215124E-10
-2.800000E+0	 1.170637E-11	 5.000000E+0	 1.180517E-10
-2.600000E+0	 1.319110E-11	 5.000000E+0	 1.129027E-10
-2.400000E+0	 1.468170E-11	 5.000000E+0	 1.074585E-10
-2.200000E+0	 1.600211E-11	 5.000000E+0	 1.032803E-10
-2.000000E+0	 1.740468E-11	 5.000000E+0	 1.010856E-10
-1.800000E+0	 1.816753E-11	 5.000000E+0	 9.142109E-11
-1.600000E+0	 1.995730E-11	 5.000000E+0	 8.580797E-11
-1.400000E+0	 2.094901E-11	 5.000000E+0	 8.108123E-11
-1.200000E+0	 2.286201E-11	 5.000000E+0	 7.800016E-11
-9.999999E-1	 2.418820E-11	 5.000000E+0	 7.238693E-11
-7.999998E-1	 2.454028E-11	 5.000000E+0	 6.584558E-11
-5.999998E-1	 2.697555E-11	 5.000000E+0	 5.921946E-11
-3.999999E-1	 2.778535E-11	 5.000000E+0	 5.499923E-11
-1.999999E-1	 2.901178E-11	 5.000000E+0	 5.495693E-11
1.490116E-7	 3.007390E-11	 5.000000E+0	 4.461700E-11
2.000002E-1	 3.162895E-11	 5.000000E+0	 4.305539E-11
4.000002E-1	 3.256784E-11	 5.000000E+0	 3.292651E-11
6.000001E-1	 3.423439E-11	 5.000000E+0	 2.845289E-11
8.000002E-1	 3.563099E-11	 5.000000E+0	 2.634279E-11
1.000000E+0	 3.634690E-11	 5.000000E+0	 2.431697E-11
1.200000E+0	 3.772591E-11	 5.000000E+0	 1.490544E-11
1.400000E+0	 3.942176E-11	 5.000000E+0	 1.068515E-11
1.600000E+0	 4.029025E-11	 5.000000E+0	 5.451820E-12
1.800000E+0	 4.134064E-11	 5.000000E+0	 2.033332E-12
2.000000E+0	 4.280767E-11	 5.000000E+0	 2.877393E-12
2.200000E+0	 4.362333E-11	 5.000000E+0	 -9.615003E-12
2.400000E+0	 4.505514E-11	 5.000000E+0	 -1.341341E-11
2.600000E+0	 4.644586E-11	 5.000000E+0	 -2.012378E-11
2.800000E+0	 4.729088E-11	 5.000000E+0	 -2.202288E-11
3.000000E+0	 4.902784E-11	 5.000000E+0	 -2.459731E-11
3.200000E+0	 4.955598E-11	 5.000000E+0	 -3.759605E-11
3.400000E+0	 3.962716E-11	 5.000000E+0	 -8.161465E-11
3.600000E+0	 5.462011E-11	 5.000000E+0	 -3.210957E-11
3.800000E+0	 4.410450E-11	 5.000000E+0	 -2.604362E-10
4.000000E+0	 5.850477E-11	 5.000000E+0	 -3.814478E-11
4.200000E+0	 5.656835E-11	 5.000000E+0	 -5.688325E-11
4.400000E+0	 5.677371E-11	 5.000000E+0	 -6.228534E-11
4.600000E+0	 5.786518E-11	 5.000000E+0	 -7.224539E-11
4.800000E+0	 5.912096E-11	 5.000000E+0	 -7.245642E-11
5.000000E+0	 6.021828E-11	 5.000000E+0	 -7.355372E-11
5.200000E+0	 6.127452E-11	 5.000000E+0	 -8.237428E-11
5.400000E+0	 6.296454E-11	 5.000000E+0	 -8.857827E-11
5.600000E+0	 6.354547E-11	 5.000000E+0	 -9.452895E-11
5.800000E+0	 6.562277E-11	 5.000000E+0	 -9.938245E-11
6.000000E+0	 6.595727E-11	 5.000000E+0	 -1.070635E-10
6.200000E+0	 6.697243E-11	 5.000000E+0	 -1.037294E-10
6.400000E+0	 6.880328E-11	 5.000000E+0	 -1.125923E-10
6.600000E+0	 6.974805E-11	 5.000000E+0	 -1.167282E-10
6.800000E+0	 7.054610E-11	 5.000000E+0	 -1.219615E-10
7.000000E+0	 7.100382E-11	 5.000000E+0	 -1.285453E-10
7.200000E+0	 7.273488E-11	 5.000000E+0	 -1.337363E-10
7.400000E+0	 7.360923E-11	 5.000000E+0	 -1.382521E-10
7.600000E+0	 7.516428E-11	 5.000000E+0	 -1.431478E-10
7.800000E+0	 7.571003E-11	 5.000000E+0	 -1.444561E-10
8.000000E+0	 7.698338E-11	 5.000000E+0	 -1.532767E-10
8.200000E+0	 7.816277E-11	 5.000000E+0	 -1.611266E-10
8.400001E+0	 7.907237E-11	 5.000000E+0	 -1.601559E-10
8.600000E+0	 8.066260E-11	 5.000000E+0	 -1.669507E-10
8.800000E+0	 8.096195E-11	 5.000000E+0	 -1.778392E-10
9.000000E+0	 8.255217E-11	 5.000000E+0	 -1.766153E-10
9.200001E+0	 8.383141E-11	 5.000000E+0	 -1.799494E-10
9.400001E+0	 8.461189E-11	 5.000000E+0	 -1.859846E-10
9.600000E+0	 8.604950E-11	 5.000000E+0	 -1.905004E-10
9.800000E+0	 8.658355E-11	 5.000000E+0	 -1.971267E-10
1.000000E+1	 8.817964E-11	 5.000000E+0	 -2.050193E-10
9.800000E+0	 7.687185E-11	 5.000000E+0	 -1.872507E-10
9.600000E+0	 7.104484E-11	 5.000000E+0	 -1.694829E-10
9.400001E+0	 6.639732E-11	 5.000000E+0	 -1.613376E-10
9.200001E+0	 6.214295E-11	 5.000000E+0	 -1.522216E-10
9.000000E+0	 5.906222E-11	 5.000000E+0	 -1.467773E-10
8.800000E+0	 5.598147E-11	 5.000000E+0	 -1.407000E-10
8.600000E+0	 5.274227E-11	 5.000000E+0	 -1.339474E-10
8.400001E+0	 5.055349E-11	 5.000000E+0	 -1.202734E-10
8.200000E+0	 4.770161E-11	 5.000000E+0	 -1.155466E-10
8.000000E+0	 4.469713E-11	 5.000000E+0	 -1.112418E-10
7.800000E+0	 4.269612E-11	 5.000000E+0	 -1.037295E-10
7.600000E+0	 4.041927E-11	 5.000000E+0	 -9.634393E-11
7.400000E+0	 3.821875E-11	 5.000000E+0	 -9.246116E-11
7.200000E+0	 3.655222E-11	 5.000000E+0	 -8.254333E-11
7.000000E+0	 3.367687E-11	 5.000000E+0	 -7.895597E-11
6.800000E+0	 3.240350E-11	 5.000000E+0	 -7.237223E-11
6.600000E+0	 3.004453E-11	 5.000000E+0	 -7.131716E-11
6.400000E+0	 2.853644E-11	 5.000000E+0	 -6.405812E-11
6.200000E+0	 2.615399E-11	 5.000000E+0	 -5.738995E-11
6.000000E+0	 2.455201E-11	 5.000000E+0	 -4.856944E-11
5.800000E+0	 2.252165E-11	 5.000000E+0	 -4.827391E-11
5.600000E+0	 2.130109E-11	 5.000000E+0	 -4.118371E-11
5.400000E+0	 1.932941E-11	 5.000000E+0	 -3.362920E-11
5.200000E+0	 1.741055E-11	 5.000000E+0	 -2.810058E-11
5.000000E+0	 1.636596E-11	 5.000000E+0	 -2.527294E-11
4.800000E+0	 1.421810E-11	 5.000000E+0	 -1.957538E-11
4.600000E+0	 1.262774E-11	 5.000000E+0	 -1.425786E-11
4.400000E+0	 1.127799E-11	 5.000000E+0	 -5.985920E-12
4.200000E+0	 9.752182E-12	 5.000000E+0	 -2.145284E-12
4.000000E+0	 7.891872E-12	 5.000000E+0	 -3.242726E-12
3.800000E+0	 7.064425E-12	 5.000000E+0	 5.198106E-12
3.600000E+0	 5.227587E-12	 5.000000E+0	 1.355439E-11
3.400000E+0	 4.182994E-12	 5.000000E+0	 1.866103E-11
3.200000E+0	 1.941242E-12	 5.000000E+0	 2.056008E-11
3.000000E+0	 9.905427E-13	 5.000000E+0	 2.760817E-11
2.800000E+0	 -4.941863E-13	 5.000000E+0	 3.043586E-11
2.600000E+0	 -2.213648E-12	 5.000000E+0	 3.625997E-11
2.400000E+0	 -3.645553E-12	 5.000000E+0	 4.389875E-11
2.200000E+0	 -4.643168E-12	 5.000000E+0	 5.001843E-11
2.000000E+0	 -5.899059E-12	 5.000000E+0	 5.115769E-11
1.800000E+0	 -7.947141E-12	 5.000000E+0	 5.571577E-11
1.600000E+0	 -8.745263E-12	 5.000000E+0	 6.571804E-11
1.400000E+0	 -1.024172E-11	 5.000000E+0	 7.099343E-11
1.200000E+0	 -1.150931E-11	 5.000000E+0	 7.445419E-11
1.000000E+0	 -1.222526E-11	 5.000000E+0	 8.175541E-11
8.000002E-1	 -1.446703E-11	 5.000000E+0	 7.918091E-11
6.000001E-1	 -1.557031E-11	 5.000000E+0	 8.859230E-11
4.000002E-1	 -1.693179E-11	 5.000000E+0	 9.665313E-11
2.000002E-1	 -1.818177E-11	 5.000000E+0	 9.758166E-11
1.490116E-7	 -1.936719E-11	 5.000000E+0	 1.023506E-10
-1.999999E-1	 -2.017118E-11	 5.000000E+0	 1.081325E-10
-3.999999E-1	 -2.167348E-11	 5.000000E+0	 1.095253E-10
-5.999998E-1	 -2.347513E-11	 5.000000E+0	 1.209624E-10
-7.999998E-1	 -2.421454E-11	 5.000000E+0	 1.230726E-10
-9.999999E-1	 -2.611007E-11	 5.000000E+0	 1.240431E-10
-1.200000E+0	 -2.676148E-11	 5.000000E+0	 1.331173E-10
-1.400000E+0	 -2.835184E-11	 5.000000E+0	 1.356071E-10
-1.600000E+0	 -2.892694E-11	 5.000000E+0	 1.439210E-10
-1.800000E+0	 -3.037644E-11	 5.000000E+0	 1.499986E-10
-2.000000E+0	 -3.143866E-11	 5.000000E+0	 1.531213E-10
-2.200000E+0	 -3.245388E-11	 5.000000E+0	 1.589034E-10
-2.400000E+0	 -3.465456E-11	 5.000000E+0	 1.634612E-10
-2.600000E+0	 -3.484237E-11	 5.000000E+0	 1.686102E-10
-2.800000E+0	 -3.646789E-11	 5.000000E+0	 1.722400E-10
-3.000000E+0	 -3.764161E-11	 5.000000E+0	 1.759958E-10
-3.200000E+0	 -3.912045E-11	 5.000000E+0	 1.845210E-10
-3.400000E+0	 -3.984232E-11	 5.000000E+0	 1.829172E-10
-3.600000E+0	 -4.132699E-11	 5.000000E+0	 1.945653E-10
-3.800000E+0	 -4.315213E-11	 5.000000E+0	 1.979840E-10
-4.000000E+0	 -4.304646E-11	 5.000000E+0	 2.027110E-10
-4.200000E+0	 -4.500655E-11	 5.000000E+0	 2.095897E-10
-4.400000E+0	 -4.551121E-11	 5.000000E+0	 2.113624E-10
-4.600000E+0	 -4.741850E-11	 5.000000E+0	 2.169334E-10
-4.800000E+0	 -4.778233E-11	 5.000000E+0	 2.238545E-10
-5.000000E+0	 -4.906167E-11	 5.000000E+0	 2.274841E-10
-5.200000E+0	 -5.065197E-11	 5.000000E+0	 2.313666E-10
-5.400000E+0	 -5.166725E-11	 5.000000E+0	 2.339413E-10
-5.600000E+0	 -5.227761E-11	 5.000000E+0	 2.427195E-10
-5.800000E+0	 -5.350995E-11	 5.000000E+0	 2.473619E-10
-6.000000E+0	 -5.502988E-11	 5.000000E+0	 2.495145E-10
-6.200000E+0	 -5.549935E-11	 5.000000E+0	 2.560134E-10
-6.400000E+0	 -5.623293E-11	 5.000000E+0	 2.577439E-10
-6.600000E+0	 -5.881504E-11	 5.000000E+0	 2.648343E-10
-6.800000E+0	 -5.917306E-11	 5.000000E+0	 2.672398E-10
-7.000000E+0	 -6.062834E-11	 5.000000E+0	 2.725151E-10
-7.200000E+0	 -6.126802E-11	 5.000000E+0	 2.753848E-10
-7.400000E+0	 -6.223640E-11	 5.000000E+0	 2.833617E-10
-7.600000E+0	 -6.396168E-11	 5.000000E+0	 2.896923E-10
-7.800000E+0	 -6.492412E-11	 5.000000E+0	 2.922241E-10
-8.000000E+0	 -6.569875E-11	 5.000000E+0	 3.008339E-10
-8.200000E+0	 -6.729500E-11	 5.000000E+0	 3.046319E-10
-8.400000E+0	 -6.787012E-11	 5.000000E+0	 3.086833E-10
-8.600000E+0	 -6.860953E-11	 5.000000E+0	 3.136635E-10
-8.800000E+0	 -7.029963E-11	 5.000000E+0	 3.192343E-10
-9.000000E+0	 -7.045214E-11	 5.000000E+0	 3.260288E-10
-9.200000E+0	 -7.173741E-11	 5.000000E+0	 3.321909E-10
-9.400000E+0	 -7.358010E-11	 5.000000E+0	 3.361158E-10
-9.600000E+0	 -7.457777E-11	 5.000000E+0	 3.417708E-10
-9.800000E+0	 -7.586297E-11	 5.000000E+0	 3.405048E-10
-1.000000E+1	 -7.675488E-11	 5.000000E+0	 3.481014E-10
