-1.000000E+1	 -1.466784E-9	 5.000000E+0	 4.404129E-10
-9.800000E+0	 -1.287617E-9	 5.000000E+0	 4.142056E-10
-9.600000E+0	 -1.172237E-9	 5.000000E+0	 3.886315E-10
-9.400000E+0	 -1.078873E-9	 5.000000E+0	 3.755913E-10
-9.200000E+0	 -1.006219E-9	 5.000000E+0	 3.637329E-10
-9.000000E+0	 -9.415108E-10	 5.000000E+0	 3.492576E-10
-8.800000E+0	 -8.847716E-10	 5.000000E+0	 3.430118E-10
-8.600000E+0	 -8.330611E-10	 5.000000E+0	 3.285369E-10
-8.400000E+0	 -7.857454E-10	 5.000000E+0	 3.229239E-10
-8.200000E+0	 -7.418632E-10	 5.000000E+0	 3.085333E-10
-8.000000E+0	 -7.069239E-10	 5.000000E+0	 3.013589E-10
-7.800000E+0	 -6.682525E-10	 5.000000E+0	 2.926653E-10
-7.600000E+0	 -6.368460E-10	 5.000000E+0	 2.865883E-10
-7.400000E+0	 -6.010847E-10	 5.000000E+0	 2.776415E-10
-7.200000E+0	 -5.721960E-10	 5.000000E+0	 2.723663E-10
-7.000000E+0	 -5.379903E-10	 5.000000E+0	 2.653186E-10
-6.800000E+0	 -5.146994E-10	 5.000000E+0	 2.599168E-10
-6.600000E+0	 -4.860152E-10	 5.000000E+0	 2.516450E-10
-6.400000E+0	 -4.615454E-10	 5.000000E+0	 2.448087E-10
-6.200000E+0	 -4.346808E-10	 5.000000E+0	 2.401243E-10
-6.000000E+0	 -4.102104E-10	 5.000000E+0	 2.348914E-10
-5.800000E+0	 -3.879995E-10	 5.000000E+0	 2.287298E-10
-5.600000E+0	 -3.642508E-10	 5.000000E+0	 2.211760E-10
-5.400000E+0	 -3.438587E-10	 5.000000E+0	 2.168289E-10
-5.200000E+0	 -3.202042E-10	 5.000000E+0	 2.115537E-10
-5.000000E+0	 -2.969363E-10	 5.000000E+0	 2.042107E-10
-4.800000E+0	 -2.791034E-10	 5.000000E+0	 1.951797E-10
-4.600000E+0	 -2.601314E-10	 5.000000E+0	 1.883007E-10
-4.400000E+0	 -2.413708E-10	 5.000000E+0	 1.872457E-10
-4.200000E+0	 -2.137668E-10	 5.000000E+0	 1.838274E-10
-4.000000E+0	 -1.980694E-10	 5.000000E+0	 1.726018E-10
-3.800000E+0	 -1.771786E-10	 5.000000E+0	 1.699432E-10
-3.600000E+0	 -1.638579E-10	 5.000000E+0	 1.628533E-10
-3.400000E+0	 -1.449154E-10	 5.000000E+0	 1.571138E-10
-3.200000E+0	 -1.258613E-10	 5.000000E+0	 1.511211E-10
-3.000000E+0	 -1.089668E-10	 5.000000E+0	 1.470697E-10
-2.800000E+0	 -9.130934E-11	 5.000000E+0	 1.439468E-10
-2.600000E+0	 -7.075313E-11	 5.000000E+0	 1.379541E-10
-2.400000E+0	 -5.813065E-11	 5.000000E+0	 1.310332E-10
-2.200000E+0	 -3.911770E-11	 5.000000E+0	 1.257584E-10
-2.000000E+0	 -2.734025E-11	 5.000000E+0	 1.224662E-10
-1.800000E+0	 -4.659714E-12	 5.000000E+0	 1.161783E-10
-1.600000E+0	 9.359388E-12	 5.000000E+0	 1.117894E-10
-1.400000E+0	 2.157081E-11	 5.000000E+0	 1.006058E-10
-1.200000E+0	 4.193203E-11	 5.000000E+0	 9.790496E-11
-9.999999E-1	 5.637268E-11	 5.000000E+0	 9.178575E-11
-7.999998E-1	 7.417551E-11	 5.000000E+0	 8.883172E-11
-5.999998E-1	 8.615755E-11	 5.000000E+0	 8.549778E-11
-3.999999E-1	 1.069648E-10	 5.000000E+0	 7.684645E-11
-1.999999E-1	 1.182133E-10	 5.000000E+0	 7.174003E-11
1.490116E-7	 1.326364E-10	 5.000000E+0	 6.688691E-11
2.000002E-1	 1.484910E-10	 5.000000E+0	 6.448142E-11
4.000002E-1	 1.644807E-10	 5.000000E+0	 5.739156E-11
6.000001E-1	 1.769675E-10	 5.000000E+0	 5.131456E-11
8.000002E-1	 1.972349E-10	 5.000000E+0	 4.561726E-11
1.000000E+0	 2.065880E-10	 5.000000E+0	 3.886505E-11
1.200000E+0	 2.214980E-10	 5.000000E+0	 3.523569E-11
1.400000E+0	 2.358096E-10	 5.000000E+0	 3.308342E-11
1.600000E+0	 2.514297E-10	 5.000000E+0	 2.898985E-11
1.800000E+0	 2.661403E-10	 5.000000E+0	 2.126707E-11
2.000000E+0	 2.787149E-10	 5.000000E+0	 1.856622E-11
2.200000E+0	 2.971749E-10	 5.000000E+0	 1.687808E-11
2.400000E+0	 3.066161E-10	 5.000000E+0	 6.243353E-12
2.600000E+0	 3.240783E-10	 5.000000E+0	 -5.933726E-13
2.800000E+0	 3.370110E-10	 5.000000E+0	 -8.864937E-12
3.000000E+0	 3.488584E-10	 5.000000E+0	 -9.582418E-12
3.200000E+0	 3.647247E-10	 5.000000E+0	 -1.202996E-11
3.400000E+0	 3.792478E-10	 5.000000E+0	 -1.582814E-11
3.600000E+0	 3.884717E-10	 5.000000E+0	 -2.165193E-11
3.800000E+0	 4.049309E-10	 5.000000E+0	 -3.030325E-11
4.000000E+0	 4.180866E-10	 5.000000E+0	 -3.730867E-11
4.200000E+0	 4.286780E-10	 5.000000E+0	 -4.186647E-11
4.400000E+0	 4.426432E-10	 5.000000E+0	 -4.591783E-11
4.600000E+0	 4.564381E-10	 5.000000E+0	 -5.026467E-11
4.800000E+0	 4.671120E-10	 5.000000E+0	 -5.490670E-11
5.000000E+0	 4.823211E-10	 5.000000E+0	 -6.132138E-11
5.200000E+0	 4.953183E-10	 5.000000E+0	 -7.098551E-11
5.400000E+0	 5.098880E-10	 5.000000E+0	 -7.288459E-11
5.600000E+0	 5.254671E-10	 5.000000E+0	 -7.609201E-11
5.800000E+0	 5.355068E-10	 5.000000E+0	 -8.136711E-11
6.000000E+0	 5.488560E-10	 5.000000E+0	 -8.419464E-11
6.200000E+0	 5.607439E-10	 5.000000E+0	 -9.470279E-11
6.400000E+0	 5.766519E-10	 5.000000E+0	 -9.710834E-11
6.600000E+0	 5.893731E-10	 5.000000E+0	 -1.042826E-10
6.800000E+0	 5.976055E-10	 5.000000E+0	 -1.065192E-10
7.000000E+0	 6.144110E-10	 5.000000E+0	 -1.096000E-10
7.200000E+0	 6.228372E-10	 5.000000E+0	 -1.157192E-10
7.400000E+0	 6.398010E-10	 5.000000E+0	 -1.188843E-10
7.600000E+0	 6.521753E-10	 5.000000E+0	 -1.257632E-10
7.800000E+0	 6.632603E-10	 5.000000E+0	 -1.292237E-10
8.000000E+0	 6.761460E-10	 5.000000E+0	 -1.371576E-10
8.200000E+0	 6.867488E-10	 5.000000E+0	 -1.405337E-10
8.400001E+0	 7.009834E-10	 5.000000E+0	 -1.466952E-10
8.600000E+0	 7.126790E-10	 5.000000E+0	 -1.515061E-10
8.800000E+0	 7.222717E-10	 5.000000E+0	 -1.568235E-10
9.000000E+0	 7.398996E-10	 5.000000E+0	 -1.602419E-10
9.200001E+0	 7.533545E-10	 5.000000E+0	 -1.684290E-10
9.400001E+0	 7.647614E-10	 5.000000E+0	 -1.719317E-10
9.600000E+0	 7.758102E-10	 5.000000E+0	 -1.743794E-10
9.800000E+0	 7.853868E-10	 5.000000E+0	 -1.817225E-10
1.000000E+1	 8.006778E-10	 5.000000E+0	 -1.848454E-10
9.800000E+0	 6.768618E-10	 5.000000E+0	 -1.646308E-10
9.600000E+0	 6.083201E-10	 5.000000E+0	 -1.513795E-10
9.400001E+0	 5.615655E-10	 5.000000E+0	 -1.448805E-10
9.200001E+0	 5.164950E-10	 5.000000E+0	 -1.334860E-10
9.000000E+0	 4.747455E-10	 5.000000E+0	 -1.263962E-10
8.800000E+0	 4.386706E-10	 5.000000E+0	 -1.147486E-10
8.600000E+0	 4.078473E-10	 5.000000E+0	 -1.085027E-10
8.400001E+0	 3.761906E-10	 5.000000E+0	 -1.010753E-10
8.200000E+0	 3.498968E-10	 5.000000E+0	 -9.715052E-11
8.000000E+0	 3.171429E-10	 5.000000E+0	 -9.271935E-11
7.800000E+0	 2.935544E-10	 5.000000E+0	 -8.803500E-11
7.600000E+0	 2.692090E-10	 5.000000E+0	 -7.837084E-11
7.400000E+0	 2.428215E-10	 5.000000E+0	 -6.794702E-11
7.200000E+0	 2.198610E-10	 5.000000E+0	 -6.440207E-11
7.000000E+0	 1.963956E-10	 5.000000E+0	 -6.461323E-11
6.800000E+0	 1.784930E-10	 5.000000E+0	 -5.718566E-11
6.600000E+0	 1.531559E-10	 5.000000E+0	 -4.494724E-11
6.400000E+0	 1.312222E-10	 5.000000E+0	 -4.587568E-11
6.200000E+0	 1.116824E-10	 5.000000E+0	 -3.667572E-11
6.000000E+0	 9.131533E-11	 5.000000E+0	 -2.912154E-11
5.800000E+0	 7.404641E-11	 5.000000E+0	 -2.371980E-11
5.600000E+0	 5.253512E-11	 5.000000E+0	 -1.392911E-11
5.400000E+0	 3.529556E-11	 5.000000E+0	 -1.485757E-11
5.200000E+0	 1.414784E-11	 5.000000E+0	 -1.207218E-11
5.000000E+0	 -4.295867E-12	 5.000000E+0	 -4.729162E-12
4.800000E+0	 -2.469957E-11	 5.000000E+0	 4.344136E-12
4.600000E+0	 -3.914705E-11	 5.000000E+0	 5.145967E-12
4.400000E+0	 -5.980307E-11	 5.000000E+0	 1.375511E-11
4.200000E+0	 -7.460262E-11	 5.000000E+0	 2.071832E-11
4.000000E+0	 -9.192551E-11	 5.000000E+0	 2.717516E-11
3.800000E+0	 -1.100875E-10	 5.000000E+0	 3.308340E-11
3.600000E+0	 -1.248578E-10	 5.000000E+0	 3.612201E-11
3.400000E+0	 -1.430257E-10	 5.000000E+0	 4.034212E-11
3.200000E+0	 -1.601900E-10	 5.000000E+0	 4.181919E-11
3.000000E+0	 -1.751071E-10	 5.000000E+0	 4.958431E-11
2.800000E+0	 -1.900710E-10	 5.000000E+0	 5.325576E-11
2.600000E+0	 -2.081098E-10	 5.000000E+0	 5.667400E-11
2.400000E+0	 -2.245994E-10	 5.000000E+0	 6.367953E-11
2.200000E+0	 -2.380433E-10	 5.000000E+0	 7.199322E-11
2.000000E+0	 -2.529955E-10	 5.000000E+0	 7.541145E-11
1.800000E+0	 -2.694384E-10	 5.000000E+0	 8.182613E-11
1.600000E+0	 -2.851121E-10	 5.000000E+0	 8.689036E-11
1.400000E+0	 -3.011090E-10	 5.000000E+0	 9.119511E-11
1.200000E+0	 -3.168825E-10	 5.000000E+0	 9.879128E-11
1.000000E+0	 -3.278678E-10	 5.000000E+0	 1.029269E-10
8.000002E-1	 -3.423798E-10	 5.000000E+0	 1.054590E-10
6.000001E-1	 -3.580126E-10	 5.000000E+0	 1.127177E-10
4.000002E-1	 -3.723135E-10	 5.000000E+0	 1.170223E-10
2.000002E-1	 -3.873538E-10	 5.000000E+0	 1.207361E-10
1.490116E-7	 -4.012143E-10	 5.000000E+0	 1.230147E-10
-1.999999E-1	 -4.126867E-10	 5.000000E+0	 1.289231E-10
-3.999999E-1	 -4.304377E-10	 5.000000E+0	 1.360975E-10
-5.999998E-1	 -4.453961E-10	 5.000000E+0	 1.425543E-10
-7.999998E-1	 -4.586695E-10	 5.000000E+0	 1.443686E-10
-9.999999E-1	 -4.733049E-10	 5.000000E+0	 1.512475E-10
-1.200000E+0	 -4.873533E-10	 5.000000E+0	 1.576623E-10
-1.400000E+0	 -5.013726E-10	 5.000000E+0	 1.632753E-10
-1.600000E+0	 -5.157024E-10	 5.000000E+0	 1.657228E-10
-1.800000E+0	 -5.300033E-10	 5.000000E+0	 1.710824E-10
-2.000000E+0	 -5.515456E-10	 5.000000E+0	 1.778769E-10
-2.200000E+0	 -5.555064E-10	 5.000000E+0	 1.836162E-10
-2.400000E+0	 -5.656469E-10	 5.000000E+0	 1.833209E-10
-2.600000E+0	 -5.818017E-10	 5.000000E+0	 1.931114E-10
-2.800000E+0	 -5.942367E-10	 5.000000E+0	 2.007924E-10
-3.000000E+0	 -6.090357E-10	 5.000000E+0	 2.034511E-10
-3.200000E+0	 -6.217349E-10	 5.000000E+0	 2.070803E-10
-3.400000E+0	 -6.339173E-10	 5.000000E+0	 2.085575E-10
-3.600000E+0	 -6.515799E-10	 5.000000E+0	 2.194453E-10
-3.800000E+0	 -6.630936E-10	 5.000000E+0	 2.199519E-10
-4.000000E+0	 -6.709922E-10	 5.000000E+0	 2.264928E-10
-4.200000E+0	 -6.875114E-10	 5.000000E+0	 2.290672E-10
-4.400000E+0	 -7.032737E-10	 5.000000E+0	 2.344270E-10
-4.600000E+0	 -7.120227E-10	 5.000000E+0	 2.443865E-10
-4.800000E+0	 -7.251026E-10	 5.000000E+0	 2.488176E-10
-5.000000E+0	 -7.373319E-10	 5.000000E+0	 2.521094E-10
-5.200000E+0	 -7.517860E-10	 5.000000E+0	 2.568360E-10
-5.400000E+0	 -7.650067E-10	 5.000000E+0	 2.613515E-10
-5.600000E+0	 -7.787150E-10	 5.000000E+0	 2.658673E-10
-5.800000E+0	 -7.885558E-10	 5.000000E+0	 2.705937E-10
-6.000000E+0	 -8.004384E-10	 5.000000E+0	 2.727039E-10
-6.200000E+0	 -8.170109E-10	 5.000000E+0	 2.837606E-10
-6.400000E+0	 -8.307188E-10	 5.000000E+0	 2.896690E-10
-6.600000E+0	 -8.422730E-10	 5.000000E+0	 2.922854E-10
-6.800000E+0	 -8.518027E-10	 5.000000E+0	 2.987000E-10
-7.000000E+0	 -8.641736E-10	 5.000000E+0	 2.988267E-10
-7.200000E+0	 -8.808388E-10	 5.000000E+0	 3.085751E-10
-7.400000E+0	 -8.937893E-10	 5.000000E+0	 3.095034E-10
-7.600000E+0	 -9.050629E-10	 5.000000E+0	 3.153275E-10
-7.800000E+0	 -9.160540E-10	 5.000000E+0	 3.242323E-10
-8.000000E+0	 -9.305304E-10	 5.000000E+0	 3.298445E-10
-8.200000E+0	 -9.386586E-10	 5.000000E+0	 3.337696E-10
-8.400000E+0	 -9.522841E-10	 5.000000E+0	 3.367234E-10
-8.600000E+0	 -9.698825E-10	 5.000000E+0	 3.399309E-10
-8.800000E+0	 -9.793597E-10	 5.000000E+0	 3.446995E-10
-9.000000E+0	 -9.890299E-10	 5.000000E+0	 3.518316E-10
-9.200000E+0	 -1.004077E-9	 5.000000E+0	 3.557565E-10
-9.400000E+0	 -1.010126E-9	 5.000000E+0	 3.616224E-10
-9.600000E+0	 -1.025619E-9	 5.000000E+0	 3.675729E-10
-9.800000E+0	 -1.037309E-9	 5.000000E+0	 3.697674E-10
-1.000000E+1	 -1.049149E-9	 5.000000E+0	 3.768569E-10
-9.800000E+0	 -9.241463E-10	 5.000000E+0	 3.524649E-10
-9.600000E+0	 -8.596371E-10	 5.000000E+0	 3.380318E-10
-9.400000E+0	 -8.110896E-10	 5.000000E+0	 3.320391E-10
-9.200000E+0	 -7.678941E-10	 5.000000E+0	 3.239364E-10
-9.000000E+0	 -7.295389E-10	 5.000000E+0	 3.143986E-10
-8.800000E+0	 -6.912552E-10	 5.000000E+0	 3.074356E-10
-8.600000E+0	 -6.569966E-10	 5.000000E+0	 3.000082E-10
-8.400000E+0	 -6.255783E-10	 5.000000E+0	 2.942688E-10
-8.200000E+0	 -5.953634E-10	 5.000000E+0	 2.826211E-10
-8.000000E+0	 -5.730582E-10	 5.000000E+0	 2.821989E-10
-7.800000E+0	 -5.461291E-10	 5.000000E+0	 2.753623E-10
-7.600000E+0	 -5.186249E-10	 5.000000E+0	 2.697495E-10
-7.400000E+0	 -4.959620E-10	 5.000000E+0	 2.598746E-10
-7.200000E+0	 -4.741146E-10	 5.000000E+0	 2.516030E-10
-7.000000E+0	 -4.460650E-10	 5.000000E+0	 2.518138E-10
-6.800000E+0	 -4.319226E-10	 5.000000E+0	 2.412213E-10
-6.600000E+0	 -4.049698E-10	 5.000000E+0	 2.352712E-10
-6.400000E+0	 -3.803530E-10	 5.000000E+0	 2.320215E-10
-6.200000E+0	 -3.658703E-10	 5.000000E+0	 2.271681E-10
-6.000000E+0	 -3.437002E-10	 5.000000E+0	 2.231168E-10
-5.800000E+0	 -3.239184E-10	 5.000000E+0	 2.163647E-10
-5.600000E+0	 -3.045184E-10	 5.000000E+0	 2.088526E-10
-5.400000E+0	 -2.796548E-10	 5.000000E+0	 2.034932E-10
-5.200000E+0	 -2.720028E-10	 5.000000E+0	 1.990197E-10
-5.000000E+0	 -2.462588E-10	 5.000000E+0	 1.942510E-10
-4.800000E+0	 -2.297342E-10	 5.000000E+0	 1.871189E-10
-4.600000E+0	 -2.119828E-10	 5.000000E+0	 1.865282E-10
-4.400000E+0	 -1.971363E-10	 5.000000E+0	 1.797758E-10
-4.200000E+0	 -1.792736E-10	 5.000000E+0	 1.719263E-10
-4.000000E+0	 -1.601314E-10	 5.000000E+0	 1.658072E-10
-3.800000E+0	 -1.461592E-10	 5.000000E+0	 1.590970E-10
-3.600000E+0	 -1.245174E-10	 5.000000E+0	 1.554677E-10
-3.400000E+0	 -1.055925E-10	 5.000000E+0	 1.525136E-10
-3.200000E+0	 -9.534673E-11	 5.000000E+0	 1.420899E-10
-3.000000E+0	 -7.482564E-11	 5.000000E+0	 1.389671E-10
-2.800000E+0	 -6.317136E-11	 5.000000E+0	 1.382920E-10
-2.600000E+0	 -4.618886E-11	 5.000000E+0	 1.278680E-10
-2.400000E+0	 -2.917701E-11	 5.000000E+0	 1.257578E-10
-2.200000E+0	 -1.187757E-11	 5.000000E+0	 1.189213E-10
-2.000000E+0	 -3.289747E-13	 5.000000E+0	 1.154186E-10
-1.800000E+0	 1.558554E-11	 5.000000E+0	 1.101011E-10
-1.600000E+0	 3.151084E-11	 5.000000E+0	 1.068516E-10
-1.400000E+0	 4.794064E-11	 5.000000E+0	 9.870674E-11
-1.200000E+0	 6.381301E-11	 5.000000E+0	 9.123732E-11
-9.999999E-1	 7.481512E-11	 5.000000E+0	 8.760781E-11
-7.999998E-1	 9.304048E-11	 5.000000E+0	 8.499126E-11
-5.999998E-1	 1.096874E-10	 5.000000E+0	 7.992704E-11
-3.999999E-1	 1.196920E-10	 5.000000E+0	 7.321693E-11
-1.999999E-1	 1.381696E-10	 5.000000E+0	 7.254181E-11
1.490116E-7	 1.502456E-10	 5.000000E+0	 6.422810E-11
2.000002E-1	 1.540712E-10	 5.000000E+0	 5.312900E-11
4.000002E-1	 1.769615E-10	 5.000000E+0	 4.971065E-11
6.000001E-1	 1.945415E-10	 5.000000E+0	 5.063919E-11
8.000002E-1	 2.096686E-10	 5.000000E+0	 4.118605E-11
1.000000E+0	 2.219030E-10	 5.000000E+0	 3.975124E-11
1.200000E+0	 2.346830E-10	 5.000000E+0	 3.464486E-11
1.400000E+0	 2.484547E-10	 5.000000E+0	 3.198612E-11
1.600000E+0	 2.593863E-10	 5.000000E+0	 2.135143E-11
1.800000E+0	 2.757341E-10	 5.000000E+0	 1.632945E-11
2.000000E+0	 2.935605E-10	 5.000000E+0	 1.236239E-11
2.200000E+0	 3.024267E-10	 5.000000E+0	 1.232014E-11
2.400000E+0	 3.180994E-10	 5.000000E+0	 3.204617E-12
2.600000E+0	 3.311844E-10	 5.000000E+0	 -2.112741E-12
2.800000E+0	 3.450384E-10	 5.000000E+0	 -6.628267E-12
3.000000E+0	 3.566508E-10	 5.000000E+0	 -1.401353E-11
3.200000E+0	 3.712907E-10	 5.000000E+0	 -1.747413E-11
3.400000E+0	 3.843763E-10	 5.000000E+0	 -1.591259E-11
3.600000E+0	 3.987405E-10	 5.000000E+0	 -2.958594E-11
3.800000E+0	 4.113736E-10	 5.000000E+0	 -3.216014E-11
4.000000E+0	 4.245409E-10	 5.000000E+0	 -3.785737E-11
4.200000E+0	 4.368577E-10	 5.000000E+0	 -4.304822E-11
4.400000E+0	 4.511105E-10	 5.000000E+0	 -4.688852E-11
4.600000E+0	 4.607221E-10	 5.000000E+0	 -5.478021E-11
4.800000E+0	 4.735899E-10	 5.000000E+0	 -5.790309E-11
5.000000E+0	 4.888398E-10	 5.000000E+0	 -6.668099E-11
5.200000E+0	 5.020487E-10	 5.000000E+0	 -6.735620E-11
5.400000E+0	 5.133142E-10	 5.000000E+0	 -7.001497E-11
5.600000E+0	 5.279667E-10	 5.000000E+0	 -7.647174E-11
5.800000E+0	 5.433108E-10	 5.000000E+0	 -8.647357E-11
6.000000E+0	 5.547356E-10	 5.000000E+0	 -8.946992E-11
6.200000E+0	 5.681314E-10	 5.000000E+0	 -8.989192E-11
6.400000E+0	 5.800375E-10	 5.000000E+0	 -9.554692E-11
6.600000E+0	 5.906171E-10	 5.000000E+0	 -1.037762E-10
6.800000E+0	 6.030627E-10	 5.000000E+0	 -1.055487E-10
7.000000E+0	 6.174506E-10	 5.000000E+0	 -1.119211E-10
7.200000E+0	 6.264509E-10	 5.000000E+0	 -1.162256E-10
7.400000E+0	 6.407983E-10	 5.000000E+0	 -1.180403E-10
7.600000E+0	 6.542996E-10	 5.000000E+0	 -1.277889E-10
7.800000E+0	 6.659885E-10	 5.000000E+0	 -1.373265E-10
8.000000E+0	 6.807698E-10	 5.000000E+0	 -1.389723E-10
8.200000E+0	 6.957385E-10	 5.000000E+0	 -1.439943E-10
8.400001E+0	 7.038649E-10	 5.000000E+0	 -1.466108E-10
8.600000E+0	 7.142746E-10	 5.000000E+0	 -1.520126E-10
8.800000E+0	 7.273127E-10	 5.000000E+0	 -1.568658E-10
9.000000E+0	 7.416948E-10	 5.000000E+0	 -1.638712E-10
9.200001E+0	 7.551728E-10	 5.000000E+0	 -1.664033E-10
9.400001E+0	 7.646725E-10	 5.000000E+0	 -1.702858E-10
9.600000E+0	 7.768832E-10	 5.000000E+0	 -1.768271E-10
9.800000E+0	 7.890245E-10	 5.000000E+0	 -1.796968E-10
1.000000E+1	 8.036001E-10	 5.000000E+0	 -1.886857E-10
9.800000E+0	 6.776831E-10	 5.000000E+0	 -1.668675E-10
9.600000E+0	 6.136065E-10	 5.000000E+0	 -1.531520E-10
9.400001E+0	 5.615831E-10	 5.000000E+0	 -1.482144E-10
9.200001E+0	 5.185075E-10	 5.000000E+0	 -1.419264E-10
9.000000E+0	 4.772809E-10	 5.000000E+0	 -1.283375E-10
8.800000E+0	 4.415402E-10	 5.000000E+0	 -1.202770E-10
8.600000E+0	 4.105934E-10	 5.000000E+0	 -1.114569E-10
8.400001E+0	 3.807437E-10	 5.000000E+0	 -1.028056E-10
8.200000E+0	 3.487176E-10	 5.000000E+0	 -1.012441E-10
8.000000E+0	 3.264668E-10	 5.000000E+0	 -8.664239E-11
7.800000E+0	 2.994693E-10	 5.000000E+0	 -8.461669E-11
7.600000E+0	 2.737095E-10	 5.000000E+0	 -7.714700E-11
7.400000E+0	 2.465477E-10	 5.000000E+0	 -7.204053E-11
7.200000E+0	 2.194443E-10	 5.000000E+0	 -6.676545E-11
7.000000E+0	 1.994059E-10	 5.000000E+0	 -6.001315E-11
6.800000E+0	 1.768149E-10	 5.000000E+0	 -5.499122E-11
6.600000E+0	 1.544469E-10	 5.000000E+0	 -4.608673E-11
6.400000E+0	 1.344611E-10	 5.000000E+0	 -4.688844E-11
6.200000E+0	 1.143640E-10	 5.000000E+0	 -3.709774E-11
6.000000E+0	 9.347460E-11	 5.000000E+0	 -3.152721E-11
5.800000E+0	 7.399950E-11	 5.000000E+0	 -2.502812E-11
5.600000E+0	 5.539274E-11	 5.000000E+0	 -1.768503E-11
5.400000E+0	 3.429216E-11	 5.000000E+0	 -1.544834E-11
5.200000E+0	 1.542710E-11	 5.000000E+0	 -1.004662E-11
5.000000E+0	 -2.042488E-12	 5.000000E+0	 -6.417297E-12
4.800000E+0	 -2.022216E-11	 5.000000E+0	 1.347825E-12
4.600000E+0	 -3.709903E-11	 5.000000E+0	 8.986284E-12
4.400000E+0	 -5.496770E-11	 5.000000E+0	 1.400834E-11
4.200000E+0	 -7.541824E-11	 5.000000E+0	 1.742662E-11
4.000000E+0	 -9.114505E-11	 5.000000E+0	 2.227968E-11
3.800000E+0	 -1.100641E-10	 5.000000E+0	 2.882099E-11
3.600000E+0	 -1.256205E-10	 5.000000E+0	 3.569980E-11
3.400000E+0	 -1.394520E-10	 5.000000E+0	 4.076406E-11
3.200000E+0	 -1.554487E-10	 5.000000E+0	 4.270539E-11
3.000000E+0	 -1.737339E-10	 5.000000E+0	 4.781178E-11
2.800000E+0	 -1.853938E-10	 5.000000E+0	 5.485934E-11
2.600000E+0	 -2.049175E-10	 5.000000E+0	 6.144277E-11
2.400000E+0	 -2.181385E-10	 5.000000E+0	 6.557849E-11
2.200000E+0	 -2.349391E-10	 5.000000E+0	 7.439846E-11
2.000000E+0	 -2.494572E-10	 5.000000E+0	 7.604456E-11
1.800000E+0	 -2.677130E-10	 5.000000E+0	 7.895637E-11
1.600000E+0	 -2.870896E-10	 5.000000E+0	 8.819859E-11
1.400000E+0	 -3.000409E-10	 5.000000E+0	 9.203882E-11
1.200000E+0	 -3.129797E-10	 5.000000E+0	 9.372703E-11
1.000000E+0	 -3.279731E-10	 5.000000E+0	 1.003527E-10
8.000002E-1	 -3.453549E-10	 5.000000E+0	 1.011123E-10
6.000001E-1	 -3.598318E-10	 5.000000E+0	 1.111141E-10
4.000002E-1	 -3.726655E-10	 5.000000E+0	 1.152919E-10
2.000002E-1	 -3.870542E-10	 5.000000E+0	 1.211580E-10
1.490116E-7	 -4.020648E-10	 5.000000E+0	 1.230570E-10
-1.999999E-1	 -4.172396E-10	 5.000000E+0	 1.318350E-10
-3.999999E-1	 -4.272279E-10	 5.000000E+0	 1.399798E-10
-5.999998E-1	 -4.492099E-10	 5.000000E+0	 1.424275E-10
-7.999998E-1	 -4.577778E-10	 5.000000E+0	 1.461412E-10
-9.999999E-1	 -4.700421E-10	 5.000000E+0	 1.525979E-10
-1.200000E+0	 -4.881689E-10	 5.000000E+0	 1.539906E-10
-1.400000E+0	 -5.000401E-10	 5.000000E+0	 1.583795E-10
-1.600000E+0	 -5.192586E-10	 5.000000E+0	 1.655539E-10
-1.800000E+0	 -5.275853E-10	 5.000000E+0	 1.682549E-10
-2.000000E+0	 -5.453074E-10	 5.000000E+0	 1.760619E-10
-2.200000E+0	 -5.543331E-10	 5.000000E+0	 1.802824E-10
-2.400000E+0	 -5.692145E-10	 5.000000E+0	 1.888072E-10
-2.600000E+0	 -5.831626E-10	 5.000000E+0	 1.855572E-10
-2.800000E+0	 -5.976755E-10	 5.000000E+0	 1.958968E-10
-3.000000E+0	 -6.118058E-10	 5.000000E+0	 2.058143E-10
-3.200000E+0	 -6.242875E-10	 5.000000E+0	 2.089795E-10
-3.400000E+0	 -6.378369E-10	 5.000000E+0	 2.091904E-10
-3.600000E+0	 -6.515220E-10	 5.000000E+0	 2.158159E-10
-3.800000E+0	 -6.681459E-10	 5.000000E+0	 2.223151E-10
-4.000000E+0	 -6.774003E-10	 5.000000E+0	 2.246360E-10
-4.200000E+0	 -6.874587E-10	 5.000000E+0	 2.339203E-10
-4.400000E+0	 -7.034437E-10	 5.000000E+0	 2.397864E-10
-4.600000E+0	 -7.155844E-10	 5.000000E+0	 2.445130E-10
-4.800000E+0	 -7.285937E-10	 5.000000E+0	 2.496615E-10
-5.000000E+0	 -7.431183E-10	 5.000000E+0	 2.549790E-10
-5.200000E+0	 -7.604351E-10	 5.000000E+0	 2.605917E-10
-5.400000E+0	 -7.714971E-10	 5.000000E+0	 2.657403E-10
-5.600000E+0	 -7.804047E-10	 5.000000E+0	 2.703825E-10
-5.800000E+0	 -7.926223E-10	 5.000000E+0	 2.756578E-10
-6.000000E+0	 -8.073633E-10	 5.000000E+0	 2.823679E-10
-6.200000E+0	 -8.200504E-10	 5.000000E+0	 2.824942E-10
-6.400000E+0	 -8.316982E-10	 5.000000E+0	 2.885714E-10
-6.600000E+0	 -8.428643E-10	 5.000000E+0	 2.927073E-10
-6.800000E+0	 -8.580228E-10	 5.000000E+0	 2.998391E-10
-7.000000E+0	 -8.711442E-10	 5.000000E+0	 3.020339E-10
-7.200000E+0	 -8.789198E-10	 5.000000E+0	 3.100519E-10
-7.400000E+0	 -8.972810E-10	 5.000000E+0	 3.104318E-10
-7.600000E+0	 -9.096748E-10	 5.000000E+0	 3.200960E-10
-7.800000E+0	 -9.209539E-10	 5.000000E+0	 3.222483E-10
-8.000000E+0	 -9.356886E-10	 5.000000E+0	 3.317013E-10
-8.200000E+0	 -9.455996E-10	 5.000000E+0	 3.355416E-10
-8.400000E+0	 -9.619957E-10	 5.000000E+0	 3.391710E-10
-8.600000E+0	 -9.759035E-10	 5.000000E+0	 3.465141E-10
-8.800000E+0	 -9.856211E-10	 5.000000E+0	 3.510296E-10
-9.000000E+0	 -9.991123E-10	 5.000000E+0	 3.570645E-10
-9.200000E+0	 -1.011770E-9	 5.000000E+0	 3.620023E-10
-9.400000E+0	 -1.023060E-9	 5.000000E+0	 3.690075E-10
-9.600000E+0	 -1.035888E-9	 5.000000E+0	 3.685010E-10
-9.800000E+0	 -1.047272E-9	 5.000000E+0	 3.726791E-10
-1.000000E+1	 -1.061332E-9	 5.000000E+0	 3.815835E-10
