-2.500000E+1	 -2.465548E-9	 1.000097E-2	 7.533791E-6
-2.480000E+1	 -2.240483E-9	 1.000098E-2	 7.498882E-6
-2.460000E+1	 -2.120206E-9	 1.000112E-2	 7.469280E-6
-2.440000E+1	 -2.026517E-9	 1.000093E-2	 7.437275E-6
-2.420000E+1	 -1.916792E-9	 1.000097E-2	 7.405270E-6
-2.400000E+1	 -1.830275E-9	 1.000106E-2	 7.373625E-6
-2.380000E+1	 -1.747559E-9	 1.000085E-2	 7.342262E-6
-2.360000E+1	 -1.678897E-9	 1.000108E-2	 7.308417E-6
-2.340000E+1	 -1.604957E-9	 1.000093E-2	 7.279666E-6
-2.320000E+1	 -1.547942E-9	 1.000102E-2	 7.248630E-6
-2.300000E+1	 -1.478813E-9	 1.000105E-2	 7.219095E-6
-2.280000E+1	 -1.420532E-9	 1.000112E-2	 7.187047E-6
-2.260000E+1	 -1.412345E-9	 1.000102E-2	 7.157650E-6
-2.240000E+1	 -1.362040E-9	 1.000101E-2	 7.127370E-6
-2.220000E+1	 -1.308063E-9	 1.000094E-2	 7.095966E-6
-2.200000E+1	 -1.286201E-9	 1.000105E-2	 7.064104E-6
-2.180000E+1	 -1.249485E-9	 1.000091E-2	 7.033992E-6
-2.160000E+1	 -1.202979E-9	 1.000097E-2	 7.002117E-6
-2.140000E+1	 -1.156134E-9	 1.000106E-2	 6.971530E-6
-2.120000E+1	 -1.149043E-9	 1.000094E-2	 6.940855E-6
-2.100000E+1	 -1.111779E-9	 1.000105E-2	 6.908017E-6
-2.080000E+1	 -1.067298E-9	 1.000097E-2	 6.876547E-6
-2.060000E+1	 -1.037250E-9	 1.000086E-2	 6.844821E-6
-2.040000E+1	 -1.014165E-9	 1.000097E-2	 6.811685E-6
-2.020000E+1	 -9.988880E-10	 1.000081E-2	 6.779306E-6
-2.000000E+1	 -9.817110E-10	 1.000096E-2	 6.747722E-6
-1.980000E+1	 -9.581207E-10	 1.000101E-2	 6.713821E-6
-1.960000E+1	 -9.233036E-10	 1.000097E-2	 6.681106E-6
-1.940000E+1	 -8.924110E-10	 1.000105E-2	 6.650755E-6
-1.920000E+1	 -8.727022E-10	 1.000108E-2	 6.617240E-6
-1.900000E+1	 -8.462415E-10	 1.000091E-2	 6.585087E-6
-1.880000E+1	 -8.258998E-10	 1.000102E-2	 6.550854E-6
-1.860000E+1	 -7.993968E-10	 1.000097E-2	 6.517316E-6
-1.840000E+1	 -7.731049E-10	 1.000110E-2	 6.482773E-6
-1.820000E+1	 -7.613724E-10	 1.000101E-2	 6.449337E-6
-1.800000E+1	 -7.470239E-10	 1.000085E-2	 6.415379E-6
-1.780000E+1	 -7.274841E-10	 1.000098E-2	 6.380377E-6
-1.760000E+1	 -6.984487E-10	 1.000096E-2	 6.346645E-6
-1.740000E+1	 -6.975202E-10	 1.000086E-2	 6.309752E-6
-1.720000E+1	 -6.740137E-10	 1.000100E-2	 6.274383E-6
-1.700000E+1	 -6.619862E-10	 1.000105E-2	 6.238894E-6
-1.680000E+1	 -6.440498E-10	 1.000097E-2	 6.202732E-6
-1.660000E+1	 -6.194458E-10	 1.000079E-2	 6.166241E-6
-1.640000E+1	 -6.235816E-10	 1.000110E-2	 6.130930E-6
-1.620000E+1	 -5.895662E-10	 1.000092E-2	 6.094700E-6
-1.600000E+1	 -5.644983E-10	 1.000102E-2	 6.058490E-6
-1.580000E+1	 -5.474484E-10	 1.000113E-2	 6.020805E-6
-1.560000E+1	 -5.381220E-10	 1.000104E-2	 5.983317E-6
-1.540000E+1	 -5.237307E-10	 1.000108E-2	 5.945158E-6
-1.520000E+1	 -4.957927E-10	 1.000104E-2	 5.907006E-6
-1.500000E+1	 -4.917413E-10	 1.000090E-2	 5.868976E-6
-1.480000E+1	 -4.829211E-10	 1.000088E-2	 5.831359E-6
-1.460000E+1	 -4.582328E-10	 1.000099E-2	 5.790992E-6
-1.440000E+1	 -4.455720E-10	 1.000098E-2	 5.751856E-6
-1.420000E+1	 -4.360764E-10	 1.000096E-2	 5.713652E-6
-1.400000E+1	 -4.170852E-10	 1.000087E-2	 5.674064E-6
-1.380000E+1	 -4.175073E-10	 1.000102E-2	 5.633069E-6
-1.360000E+1	 -3.865727E-10	 1.000099E-2	 5.592810E-6
-1.340000E+1	 -3.941271E-10	 1.000101E-2	 5.552614E-6
-1.320000E+1	 -3.647542E-10	 1.000104E-2	 5.511996E-6
-1.300000E+1	 -3.625175E-10	 1.000102E-2	 5.471312E-6
-1.280000E+1	 -3.556384E-10	 1.000090E-2	 5.429767E-6
-1.260000E+1	 -3.325116E-10	 1.000090E-2	 5.388362E-6
-1.240000E+1	 -3.093424E-10	 1.000101E-2	 5.347593E-6
-1.220000E+1	 -3.035185E-10	 1.000101E-2	 5.304257E-6
-1.200000E+1	 -2.842742E-10	 1.000097E-2	 5.262434E-6
-1.180000E+1	 -2.575600E-10	 1.000107E-2	 5.219195E-6
-1.160000E+1	 -2.535930E-10	 1.000096E-2	 5.175839E-6
-1.140000E+1	 -2.549857E-10	 1.000084E-2	 5.131720E-6
-1.120000E+1	 -2.377249E-10	 1.000087E-2	 5.087500E-6
-1.100000E+1	 -2.202109E-10	 1.000096E-2	 5.042070E-6
-1.080000E+1	 -2.013042E-10	 1.000100E-2	 4.997863E-6
-1.060000E+1	 -1.928215E-10	 1.000102E-2	 4.954156E-6
-1.040000E+1	 -1.948050E-10	 1.000094E-2	 4.907652E-6
-1.020000E+1	 -1.668262E-10	 1.000111E-2	 4.862380E-6
-1.000000E+1	 -1.742112E-10	 1.000105E-2	 4.816727E-6
-9.800000E+0	 -1.490179E-10	 1.000118E-2	 4.772133E-6
-9.599999E+0	 -1.447557E-10	 1.000105E-2	 4.724577E-6
-9.400000E+0	 -1.257235E-10	 1.000088E-2	 4.679890E-6
-9.200000E+0	 -1.242465E-10	 1.000097E-2	 4.632239E-6
-9.000000E+0	 -1.050455E-10	 1.000094E-2	 4.585253E-6
-8.800000E+0	 -9.584597E-11	 1.000096E-2	 4.537575E-6
-8.599999E+0	 -7.858619E-11	 1.000099E-2	 4.489712E-6
-8.400000E+0	 -6.411160E-11	 1.000098E-2	 4.442266E-6
-8.200000E+0	 -4.271623E-11	 1.000109E-2	 4.392742E-6
-8.000000E+0	 -4.280072E-11	 1.000106E-2	 4.344016E-6
-7.800000E+0	 -3.115358E-11	 1.000087E-2	 4.294379E-6
-7.600000E+0	 -2.077238E-11	 1.000101E-2	 4.246896E-6
-7.400000E+0	 -8.238937E-12	 1.000095E-2	 4.195745E-6
-7.200000E+0	 1.588452E-13	 1.000100E-2	 4.147484E-6
-7.000000E+0	 1.319851E-11	 1.000103E-2	 4.096688E-6
-6.800000E+0	 4.915285E-11	 1.000099E-2	 4.045371E-6
-6.600000E+0	 3.712589E-11	 1.000100E-2	 3.995362E-6
-6.400000E+0	 5.160047E-11	 1.000107E-2	 3.943398E-6
-6.200000E+0	 6.375403E-11	 1.000098E-2	 3.891776E-6
-6.000000E+0	 6.307879E-11	 1.000089E-2	 3.840825E-6
-5.800000E+0	 9.042431E-11	 1.000112E-2	 3.788789E-6
-5.600000E+0	 8.316600E-11	 1.000106E-2	 3.738379E-6
-5.400000E+0	 1.157022E-10	 1.000094E-2	 3.685665E-6
-5.200000E+0	 1.135925E-10	 1.000101E-2	 3.633252E-6
-5.000000E+0	 1.218632E-10	 1.000106E-2	 3.582086E-6
-4.800000E+0	 1.444823E-10	 1.000095E-2	 3.529969E-6
-4.600000E+0	 1.531334E-10	 1.000109E-2	 3.479595E-6
-4.400000E+0	 1.654137E-10	 1.000104E-2	 3.426956E-6
-4.200000E+0	 1.725032E-10	 1.000102E-2	 3.375395E-6
-4.000000E+0	 1.807322E-10	 1.000098E-2	 3.325745E-6
-3.800000E+0	 1.894676E-10	 1.000095E-2	 3.274961E-6
-3.600000E+0	 1.924214E-10	 1.000102E-2	 3.222043E-6
-3.400000E+0	 2.204846E-10	 1.000112E-2	 3.173740E-6
-3.200000E+0	 2.399809E-10	 1.000098E-2	 3.124961E-6
-3.000000E+0	 2.489694E-10	 1.000097E-2	 3.077266E-6
-2.800000E+0	 2.559326E-10	 1.000097E-2	 3.028271E-6
-2.600000E+0	 2.672423E-10	 1.000095E-2	 2.982688E-6
-2.400000E+0	 2.717996E-10	 1.000092E-2	 2.936105E-6
-2.200000E+0	 2.824341E-10	 1.000094E-2	 2.891172E-6
-2.000000E+0	 3.016350E-10	 1.000110E-2	 2.848146E-6
-1.800000E+0	 3.036184E-10	 1.000102E-2	 2.805080E-6
-1.600000E+0	 3.351420E-10	 1.000101E-2	 2.762961E-6
-1.400000E+0	 3.188104E-10	 1.000108E-2	 2.724405E-6
-1.200000E+0	 3.399525E-10	 1.000113E-2	 2.685357E-6
-9.999996E-1	 3.526969E-10	 1.000121E-2	 2.649115E-6
-7.999997E-1	 3.610101E-10	 1.000085E-2	 2.614398E-6
-5.999997E-1	 3.705055E-10	 1.000109E-2	 2.580781E-6
-3.999996E-1	 3.811397E-10	 1.000097E-2	 2.550122E-6
-1.999996E-1	 3.898750E-10	 1.000109E-2	 2.521401E-6
3.725290E-7	 4.010159E-10	 1.000103E-2	 2.495853E-6
2.000004E-1	 4.224960E-10	 1.000099E-2	 2.471591E-6
4.000004E-1	 4.216096E-10	 1.000096E-2	 2.450372E-6
6.000004E-1	 4.373500E-10	 1.000099E-2	 2.431257E-6
8.000004E-1	 4.477314E-10	 1.000097E-2	 2.415282E-6
1.000000E+0	 4.436807E-10	 1.000100E-2	 2.401850E-6
1.200000E+0	 4.468451E-10	 1.000083E-2	 2.390315E-6
1.400000E+0	 4.739375E-10	 1.000096E-2	 2.382143E-6
1.600000E+0	 4.877370E-10	 1.000089E-2	 2.376396E-6
1.800000E+0	 4.863868E-10	 1.000105E-2	 2.374428E-6
2.000000E+0	 5.112425E-10	 1.000097E-2	 2.373951E-6
2.200000E+0	 5.140697E-10	 1.000105E-2	 2.376163E-6
2.400000E+0	 5.211171E-10	 1.000104E-2	 2.381820E-6
2.600000E+0	 5.470277E-10	 1.000106E-2	 2.389470E-6
2.800000E+0	 5.460150E-10	 1.000082E-2	 2.399586E-6
3.000000E+0	 5.609536E-10	 1.000094E-2	 2.412655E-6
3.200001E+0	 5.737828E-10	 1.000105E-2	 2.427908E-6
3.400000E+0	 5.804505E-10	 1.000109E-2	 2.445828E-6
3.600000E+0	 5.893965E-10	 1.000108E-2	 2.465110E-6
3.800000E+0	 6.252243E-10	 1.000098E-2	 2.486367E-6
4.000000E+0	 6.205823E-10	 1.000115E-2	 2.510714E-6
4.200000E+0	 6.229035E-10	 1.000099E-2	 2.535424E-6
4.400001E+0	 6.436238E-10	 1.000097E-2	 2.561797E-6
4.600000E+0	 6.410496E-10	 1.000121E-2	 2.589861E-6
4.800001E+0	 6.652298E-10	 1.000100E-2	 2.620166E-6
5.000000E+0	 6.501223E-10	 1.000095E-2	 2.650879E-6
5.200000E+0	 6.815190E-10	 1.000104E-2	 2.683289E-6
5.400001E+0	 6.923223E-10	 1.000106E-2	 2.716469E-6
5.600000E+0	 7.014377E-10	 1.000099E-2	 2.751899E-6
5.800001E+0	 7.142239E-10	 1.000091E-2	 2.787831E-6
6.000000E+0	 7.186973E-10	 1.000110E-2	 2.824321E-6
6.200000E+0	 7.197521E-10	 1.000106E-2	 2.861553E-6
6.400001E+0	 7.326652E-10	 1.000099E-2	 2.899602E-6
6.600000E+0	 7.518239E-10	 1.000103E-2	 2.938512E-6
6.800001E+0	 7.594202E-10	 1.000104E-2	 2.977290E-6
7.000000E+0	 7.676066E-10	 1.000120E-2	 3.016146E-6
7.200000E+0	 7.900571E-10	 1.000085E-2	 3.055924E-6
7.400001E+0	 7.910277E-10	 1.000072E-2	 3.095703E-6
7.600000E+0	 8.009030E-10	 1.000088E-2	 3.136907E-6
7.800001E+0	 8.142379E-10	 1.000095E-2	 3.177637E-6
8.000001E+0	 8.304433E-10	 1.000106E-2	 3.217756E-6
8.200001E+0	 8.292610E-10	 1.000092E-2	 3.259966E-6
8.400001E+0	 8.499810E-10	 1.000097E-2	 3.301341E-6
8.600000E+0	 8.620504E-10	 1.000101E-2	 3.341855E-6
8.800000E+0	 8.620503E-10	 1.000096E-2	 3.391290E-6
9.000001E+0	 8.712921E-10	 1.000095E-2	 3.431328E-6
9.200001E+0	 8.934045E-10	 1.000109E-2	 3.473637E-6
9.400001E+0	 9.066563E-10	 1.000098E-2	 3.515351E-6
9.600000E+0	 9.137459E-10	 1.000108E-2	 3.558810E-6
9.800000E+0	 9.266590E-10	 1.000086E-2	 3.602414E-6
1.000000E+1	 9.326510E-10	 1.000118E-2	 3.644986E-6
1.020000E+1	 9.469988E-10	 1.000089E-2	 3.688720E-6
1.040000E+1	 9.639634E-10	 1.000106E-2	 3.730883E-6
1.060000E+1	 9.632036E-10	 1.000094E-2	 3.772933E-6
1.080000E+1	 9.772558E-10	 1.000120E-2	 3.815092E-6
1.100000E+1	 9.872150E-10	 1.000099E-2	 3.856474E-6
1.120000E+1	 9.940943E-10	 1.000105E-2	 3.898446E-6
1.140000E+1	 9.921950E-10	 1.000096E-2	 3.940407E-6
1.160000E+1	 1.025576E-9	 1.000092E-2	 3.980025E-6
1.180000E+1	 1.031694E-9	 1.000098E-2	 4.020673E-6
1.200000E+1	 1.036716E-9	 1.000106E-2	 4.059398E-6
1.220000E+1	 1.041401E-9	 1.000076E-2	 4.099593E-6
1.240000E+1	 1.059884E-9	 1.000090E-2	 4.139719E-6
1.260000E+1	 1.057141E-9	 1.000093E-2	 4.177781E-6
1.280000E+1	 1.067438E-9	 1.000078E-2	 4.216753E-6
1.300000E+1	 1.084022E-9	 1.000096E-2	 4.254923E-6
1.320000E+1	 1.093391E-9	 1.000096E-2	 4.292920E-6
1.340000E+1	 1.104025E-9	 1.000093E-2	 4.330012E-6
1.360000E+1	 1.131708E-9	 1.000088E-2	 4.366404E-6
1.380000E+1	 1.129218E-9	 1.000104E-2	 4.403175E-6
1.400000E+1	 1.145971E-9	 1.000100E-2	 4.445052E-6
1.420000E+1	 1.144832E-9	 1.000103E-2	 4.481183E-6
1.440000E+1	 1.175174E-9	 1.000081E-2	 4.516526E-6
1.460000E+1	 1.189058E-9	 1.000086E-2	 4.550991E-6
1.480000E+1	 1.180069E-9	 1.000092E-2	 4.585122E-6
1.500000E+1	 1.198131E-9	 1.000100E-2	 4.620129E-6
1.520000E+1	 1.212225E-9	 1.000093E-2	 4.652896E-6
1.540000E+1	 1.219316E-9	 1.000086E-2	 4.693463E-6
1.560000E+1	 1.230836E-9	 1.000105E-2	 4.724522E-6
1.580000E+1	 1.248813E-9	 1.000098E-2	 4.757398E-6
1.600000E+1	 1.255016E-9	 1.000099E-2	 4.788973E-6
1.620000E+1	 1.268901E-9	 1.000091E-2	 4.820733E-6
1.640000E+1	 1.261177E-9	 1.000099E-2	 4.858489E-6
1.660000E+1	 1.277678E-9	 1.000096E-2	 4.887046E-6
1.680000E+1	 1.294600E-9	 1.000095E-2	 4.918343E-6
1.700000E+1	 1.315067E-9	 1.000088E-2	 4.948376E-6
1.720000E+1	 1.317852E-9	 1.000095E-2	 4.978606E-6
1.740000E+1	 1.331314E-9	 1.000086E-2	 5.007990E-6
1.760000E+1	 1.326925E-9	 1.000112E-2	 5.043862E-6
1.780000E+1	 1.350345E-9	 1.000108E-2	 5.071591E-6
1.800000E+1	 1.374568E-9	 1.000111E-2	 5.100593E-6
1.820000E+1	 1.370940E-9	 1.000104E-2	 5.129654E-6
1.840000E+1	 1.382840E-9	 1.000107E-2	 5.159443E-6
1.860000E+1	 1.398074E-9	 1.000099E-2	 5.186249E-6
1.880000E+1	 1.410059E-9	 1.000102E-2	 5.214710E-6
1.900000E+1	 1.404657E-9	 1.000093E-2	 5.242124E-6
1.920000E+1	 1.420483E-9	 1.000098E-2	 5.269644E-6
1.940000E+1	 1.428206E-9	 1.000086E-2	 5.297562E-6
1.960000E+1	 1.491040E-9	 1.000097E-2	 5.324607E-6
1.980000E+1	 1.443272E-9	 1.000098E-2	 5.353393E-6
2.000000E+1	 1.455508E-9	 1.000103E-2	 5.379391E-6
2.020000E+1	 1.465510E-9	 1.000098E-2	 5.405790E-6
2.040000E+1	 1.491884E-9	 1.000106E-2	 5.432158E-6
2.060000E+1	 1.493952E-9	 1.000098E-2	 5.457533E-6
2.080000E+1	 1.502434E-9	 1.000095E-2	 5.481671E-6
2.100000E+1	 1.503954E-9	 1.000096E-2	 5.514552E-6
2.120000E+1	 1.520032E-9	 1.000100E-2	 5.537260E-6
2.140000E+1	 1.535393E-9	 1.000097E-2	 5.561313E-6
2.160000E+1	 1.550964E-9	 1.000099E-2	 5.586237E-6
2.180000E+1	 1.554593E-9	 1.000118E-2	 5.610343E-6
2.200000E+1	 1.561219E-9	 1.000084E-2	 5.636532E-6
2.220000E+1	 1.566832E-9	 1.000092E-2	 5.659123E-6
2.240000E+1	 1.586200E-9	 1.000080E-2	 5.682818E-6
2.260000E+1	 1.594895E-9	 1.000095E-2	 5.706412E-6
2.280000E+1	 1.613420E-9	 1.000094E-2	 5.730948E-6
2.300000E+1	 1.616711E-9	 1.000101E-2	 5.753578E-6
2.320000E+1	 1.620595E-9	 1.000095E-2	 5.775886E-6
2.340000E+1	 1.636630E-9	 1.000106E-2	 5.799599E-6
2.360000E+1	 1.640893E-9	 1.000093E-2	 5.824104E-6
2.380000E+1	 1.659039E-9	 1.000095E-2	 5.846041E-6
2.400000E+1	 1.676087E-9	 1.000083E-2	 5.868698E-6
2.420000E+1	 1.683262E-9	 1.000092E-2	 5.889844E-6
2.440000E+1	 1.681827E-9	 1.000098E-2	 5.911455E-6
2.460000E+1	 1.692630E-9	 1.000108E-2	 5.933155E-6
2.480000E+1	 1.710649E-9	 1.000098E-2	 5.955169E-6
2.500000E+1	 1.713730E-9	 1.000087E-2	 5.976513E-6
2.480000E+1	 1.411029E-9	 1.000095E-2	 5.936808E-6
2.460000E+1	 1.312028E-9	 1.000094E-2	 5.899571E-6
2.440000E+1	 1.274259E-9	 1.000103E-2	 5.865305E-6
2.420000E+1	 1.227502E-9	 1.000102E-2	 5.831767E-6
2.400000E+1	 1.163696E-9	 1.000101E-2	 5.797607E-6
2.380000E+1	 1.125843E-9	 1.000100E-2	 5.763809E-6
2.360000E+1	 1.076089E-9	 1.000093E-2	 5.730246E-6
2.340000E+1	 1.044144E-9	 1.000106E-2	 5.697190E-6
2.320000E+1	 1.017432E-9	 1.000095E-2	 5.663109E-6
2.300000E+1	 9.809699E-10	 1.000092E-2	 5.630662E-6
2.280000E+1	 9.522741E-10	 1.000105E-2	 5.596689E-6
2.260000E+1	 9.297391E-10	 1.000095E-2	 5.563705E-6
2.240000E+1	 9.029000E-10	 1.000094E-2	 5.530127E-6
2.220000E+1	 8.784662E-10	 1.000091E-2	 5.496652E-6
2.200000E+1	 8.454665E-10	 1.000090E-2	 5.463333E-6
2.180000E+1	 8.334814E-10	 1.000094E-2	 5.429647E-6
2.160000E+1	 8.118330E-10	 1.000092E-2	 5.395530E-6
2.140000E+1	 7.876946E-10	 1.000094E-2	 5.362846E-6
2.120000E+1	 7.639779E-10	 1.000090E-2	 5.327387E-6
2.100000E+1	 7.641888E-10	 1.000103E-2	 5.292658E-6
2.080000E+1	 7.339738E-10	 1.000103E-2	 5.256663E-6
2.060000E+1	 7.111858E-10	 1.000099E-2	 5.221966E-6
2.040000E+1	 6.883971E-10	 1.000097E-2	 5.185078E-6
2.020000E+1	 6.755268E-10	 1.000105E-2	 5.150447E-6
2.000000E+1	 6.591113E-10	 1.000098E-2	 5.114542E-6
1.980000E+1	 6.365344E-10	 1.000098E-2	 5.078120E-6
1.960000E+1	 6.175864E-10	 1.000117E-2	 5.041082E-6
1.940000E+1	 6.139573E-10	 1.000100E-2	 5.004465E-6
1.920000E+1	 5.911690E-10	 1.000111E-2	 4.967151E-6
1.900000E+1	 5.643304E-10	 1.000112E-2	 4.929551E-6
1.880000E+1	 5.708288E-10	 1.000092E-2	 4.892021E-6
1.860000E+1	 5.341148E-10	 1.000094E-2	 4.853253E-6
1.840000E+1	 5.346211E-10	 1.000105E-2	 4.815147E-6
1.820000E+1	 5.128037E-10	 1.000091E-2	 4.776349E-6
1.800000E+1	 4.971897E-10	 1.000103E-2	 4.738657E-6
1.780000E+1	 4.904381E-10	 1.000097E-2	 4.698526E-6
1.760000E+1	 4.598850E-10	 1.000109E-2	 4.659261E-6
1.740000E+1	 4.618262E-10	 1.000100E-2	 4.619182E-6
1.720000E+1	 4.341432E-10	 1.000095E-2	 4.578458E-6
1.700000E+1	 4.229180E-10	 1.000098E-2	 4.538967E-6
1.680000E+1	 4.105531E-10	 1.000104E-2	 4.497692E-6
1.660000E+1	 3.954036E-10	 1.000108E-2	 4.456515E-6
1.640000E+1	 3.778481E-10	 1.000091E-2	 4.415574E-6
1.620000E+1	 3.636272E-10	 1.000117E-2	 4.373368E-6
1.600000E+1	 3.589427E-10	 1.000108E-2	 4.330570E-6
1.580000E+1	 3.341715E-10	 1.000112E-2	 4.287346E-6
1.560000E+1	 3.261533E-10	 1.000104E-2	 4.244223E-6
1.540000E+1	 3.210471E-10	 1.000102E-2	 4.200261E-6
1.520000E+1	 3.040407E-10	 1.000129E-2	 4.156388E-6
1.500000E+1	 2.904523E-10	 1.000097E-2	 4.111771E-6
1.480000E+1	 2.789320E-10	 1.000097E-2	 4.069407E-6
1.460000E+1	 2.751338E-10	 1.000105E-2	 4.024704E-6
1.440000E+1	 2.640352E-10	 1.000089E-2	 3.980645E-6
1.420000E+1	 2.368163E-10	 1.000094E-2	 3.934809E-6
1.400000E+1	 2.239452E-10	 1.000093E-2	 3.888776E-6
1.380000E+1	 2.149566E-10	 1.000105E-2	 3.843361E-6
1.360000E+1	 2.038158E-10	 1.000104E-2	 3.797085E-6
1.340000E+1	 1.944475E-10	 1.000102E-2	 3.752342E-6
1.320000E+1	 1.802261E-10	 1.000097E-2	 3.706201E-6
1.300000E+1	 1.726723E-10	 1.000078E-2	 3.658180E-6
1.280000E+1	 1.665533E-10	 1.000096E-2	 3.612648E-6
1.260000E+1	 1.390812E-10	 1.000078E-2	 3.566481E-6
1.240000E+1	 1.286578E-10	 1.000115E-2	 3.520404E-6
1.220000E+1	 1.101742E-10	 1.000084E-2	 3.472824E-6
1.200000E+1	 1.100898E-10	 1.000092E-2	 3.425645E-6
1.180000E+1	 1.022406E-10	 1.000105E-2	 3.380307E-6
1.160000E+1	 7.531703E-11	 1.000092E-2	 3.333535E-6
1.140000E+1	 6.472484E-11	 1.000101E-2	 3.287813E-6
1.120000E+1	 6.721454E-11	 1.000078E-2	 3.242181E-6
1.100000E+1	 4.159938E-11	 1.000096E-2	 3.196450E-6
1.080000E+1	 4.729631E-11	 1.000090E-2	 3.152253E-6
1.060000E+1	 2.585877E-11	 1.000093E-2	 3.107496E-6
1.040000E+1	 7.164186E-12	 1.000095E-2	 3.063228E-6
1.020000E+1	 4.843168E-12	 1.000101E-2	 3.020593E-6
1.000000E+1	 -1.068656E-11	 1.000106E-2	 2.977672E-6
9.800000E+0	 -2.549862E-11	 1.000090E-2	 2.936975E-6
9.600000E+0	 -5.090298E-11	 1.000082E-2	 2.895557E-6
9.400001E+0	 -4.465735E-11	 1.000088E-2	 2.854795E-6
9.200001E+0	 -5.579817E-11	 1.000091E-2	 2.817229E-6
9.000001E+0	 -7.483040E-11	 1.000091E-2	 2.779455E-6
8.800000E+0	 -7.702475E-11	 1.000087E-2	 2.743680E-6
8.600000E+0	 -8.871414E-11	 1.000094E-2	 2.707862E-6
8.400001E+0	 -9.804033E-11	 1.000103E-2	 2.674398E-6
8.200001E+0	 -1.037373E-10	 1.000088E-2	 2.643472E-6
8.000001E+0	 -1.105315E-10	 1.000092E-2	 2.608095E-6
7.800001E+0	 -1.312095E-10	 1.000100E-2	 2.580095E-6
7.600000E+0	 -1.558120E-10	 1.000083E-2	 2.552856E-6
7.400001E+0	 -1.520140E-10	 1.000090E-2	 2.527076E-6
7.200000E+0	 -1.664886E-10	 1.000086E-2	 2.502371E-6
7.000000E+0	 -1.936234E-10	 1.000082E-2	 2.479027E-6
6.800001E+0	 -1.925683E-10	 1.000091E-2	 2.457000E-6
6.600000E+0	 -2.033721E-10	 1.000087E-2	 2.437441E-6
6.400001E+0	 -2.015574E-10	 1.000089E-2	 2.418351E-6
6.200000E+0	 -2.191136E-10	 1.000088E-2	 2.401140E-6
6.000000E+0	 -2.247266E-10	 1.000075E-2	 2.385946E-6
5.800001E+0	 -2.380625E-10	 1.000099E-2	 2.373161E-6
5.600000E+0	 -2.559142E-10	 1.000103E-2	 2.361281E-6
5.400001E+0	 -2.635950E-10	 1.000090E-2	 2.350267E-6
5.200000E+0	 -2.776485E-10	 1.000094E-2	 2.342171E-6
5.000000E+0	 -2.816154E-10	 1.000086E-2	 2.336669E-6
4.800001E+0	 -2.892964E-10	 1.000102E-2	 2.332847E-6
4.600000E+0	 -3.149132E-10	 1.000092E-2	 2.331605E-6
4.400001E+0	 -3.240289E-10	 1.000101E-2	 2.332429E-6
4.200000E+0	 -3.318364E-10	 1.000110E-2	 2.334056E-6
4.000000E+0	 -3.317942E-10	 1.000099E-2	 2.338475E-6
3.800000E+0	 -3.553854E-10	 1.000086E-2	 2.345202E-6
3.600000E+0	 -3.595634E-10	 1.000093E-2	 2.353147E-6
3.400000E+0	 -3.793142E-10	 1.000098E-2	 2.363866E-6
3.200001E+0	 -3.894005E-10	 1.000093E-2	 2.376523E-6
3.000000E+0	 -3.918905E-10	 1.000085E-2	 2.391534E-6
2.800000E+0	 -4.109661E-10	 1.000095E-2	 2.407641E-6
2.600000E+0	 -4.215166E-10	 1.000101E-2	 2.426429E-6
2.400000E+0	 -4.298306E-10	 1.000100E-2	 2.447740E-6
2.200000E+0	 -4.303370E-10	 1.000102E-2	 2.470103E-6
2.000000E+0	 -4.439683E-10	 1.000102E-2	 2.495204E-6
1.800000E+0	 -4.448547E-10	 1.000105E-2	 2.521107E-6
1.600000E+0	 -4.750293E-10	 1.000101E-2	 2.548606E-6
1.400000E+0	 -4.763376E-10	 1.000105E-2	 2.577385E-6
1.200000E+0	 -4.873948E-10	 1.000104E-2	 2.607252E-6
1.000000E+0	 -4.905599E-10	 1.000099E-2	 2.640013E-6
8.000004E-1	 -5.104794E-10	 1.000095E-2	 2.674144E-6
6.000004E-1	 -5.199328E-10	 1.000110E-2	 2.708860E-6
4.000004E-1	 -5.339441E-10	 1.000109E-2	 2.745453E-6
2.000004E-1	 -5.345350E-10	 1.000100E-2	 2.781799E-6
3.725290E-7	 -5.555095E-10	 1.000098E-2	 2.820362E-6
-1.999996E-1	 -5.635701E-10	 1.000110E-2	 2.858236E-6
-3.999996E-1	 -5.804508E-10	 1.000098E-2	 2.898131E-6
-5.999997E-1	 -5.742473E-10	 1.000108E-2	 2.937873E-6
-7.999997E-1	 -5.943357E-10	 1.000101E-2	 2.978678E-6
-9.999996E-1	 -6.060678E-10	 1.000084E-2	 3.019927E-6
-1.200000E+0	 -6.181377E-10	 1.000097E-2	 3.061508E-6
-1.400000E+0	 -6.261563E-10	 1.000104E-2	 3.103797E-6
-1.600000E+0	 -6.353142E-10	 1.000101E-2	 3.144457E-6
-1.800000E+0	 -6.527859E-10	 1.000101E-2	 3.186896E-6
-2.000000E+0	 -6.579768E-10	 1.000108E-2	 3.230873E-6
-2.200000E+0	 -6.746466E-10	 1.000109E-2	 3.271942E-6
-2.400000E+0	 -6.712704E-10	 1.000103E-2	 3.315853E-6
-2.600000E+0	 -6.867167E-10	 1.000096E-2	 3.358567E-6
-2.800000E+0	 -7.057924E-10	 1.000096E-2	 3.400616E-6
-3.000000E+0	 -5.962347E-10	 1.000106E-2	 3.445998E-6
-3.200000E+0	 -7.202257E-10	 1.000101E-2	 3.486676E-6
-3.400000E+0	 -7.199302E-10	 1.000104E-2	 3.529207E-6
-3.600000E+0	 -7.335615E-10	 1.000107E-2	 3.571498E-6
-3.800000E+0	 -7.582077E-10	 1.000087E-2	 3.612574E-6
-4.000000E+0	 -7.579123E-10	 1.000093E-2	 3.655219E-6
-4.200000E+0	 -7.777051E-10	 1.000089E-2	 3.696702E-6
-4.400000E+0	 -7.812501E-10	 1.000080E-2	 3.738647E-6
-4.600000E+0	 -8.036597E-10	 1.000112E-2	 3.780822E-6
-4.800000E+0	 -8.066138E-10	 1.000108E-2	 3.822027E-6
-5.000000E+0	 -8.183462E-10	 1.000100E-2	 3.864960E-6
-5.200000E+0	 -8.149278E-10	 1.000114E-2	 3.904070E-6
-5.400000E+0	 -8.415575E-10	 1.000108E-2	 3.945392E-6
-5.600000E+0	 -8.480986E-10	 1.000097E-2	 3.985820E-6
-5.800000E+0	 -8.474231E-10	 1.000102E-2	 4.024769E-6
-6.000000E+0	 -8.688621E-10	 1.000110E-2	 4.066316E-6
-6.200000E+0	 -8.717748E-10	 1.000102E-2	 4.106364E-6
-6.400000E+0	 -8.922424E-10	 1.000109E-2	 4.145239E-6
-6.600000E+0	 -8.920738E-10	 1.000101E-2	 4.184029E-6
-6.800000E+0	 -9.027929E-10	 1.000090E-2	 4.222685E-6
-7.000000E+0	 -9.172260E-10	 1.000105E-2	 4.261590E-6
-7.200000E+0	 -9.157491E-10	 1.000104E-2	 4.299296E-6
-7.400000E+0	 -9.347406E-10	 1.000108E-2	 4.337874E-6
-7.600000E+0	 -9.316174E-10	 1.000105E-2	 4.374694E-6
-7.800000E+0	 -9.478653E-10	 1.000097E-2	 4.410781E-6
-8.000000E+0	 -9.684599E-10	 1.000097E-2	 4.449703E-6
-8.200000E+0	 -9.743681E-10	 1.000114E-2	 4.486402E-6
-8.400000E+0	 -9.866068E-10	 1.000099E-2	 4.523121E-6
-8.599999E+0	 -9.996900E-10	 1.000096E-2	 4.560117E-6
-8.800000E+0	 -1.006442E-9	 1.000096E-2	 4.595589E-6
-9.000000E+0	 -1.040289E-9	 1.000094E-2	 4.631766E-6
-9.200000E+0	 -1.040204E-9	 1.000090E-2	 4.667649E-6
-9.400000E+0	 -1.037714E-9	 1.000072E-2	 4.703332E-6
-9.599999E+0	 -1.058774E-9	 1.000082E-2	 4.735646E-6
-9.800000E+0	 -1.060757E-9	 1.000099E-2	 4.772159E-6
-1.000000E+1	 -1.064850E-9	 1.000105E-2	 4.806850E-6
-1.020000E+1	 -1.074641E-9	 1.000112E-2	 4.840524E-6
-1.040000E+1	 -1.094603E-9	 1.000116E-2	 4.874923E-6
-1.060000E+1	 -1.105028E-9	 1.000097E-2	 4.907478E-6
-1.080000E+1	 -1.116084E-9	 1.000092E-2	 4.942322E-6
-1.100000E+1	 -1.124989E-9	 1.000097E-2	 4.974849E-6
-1.120000E+1	 -1.151323E-9	 1.000101E-2	 5.007603E-6
-1.140000E+1	 -1.133936E-9	 1.000106E-2	 5.041566E-6
-1.160000E+1	 -1.161874E-9	 1.000088E-2	 5.072561E-6
-1.180000E+1	 -1.158118E-9	 1.000096E-2	 5.105628E-6
-1.200000E+1	 -1.181245E-9	 1.000103E-2	 5.138493E-6
-1.220000E+1	 -1.186942E-9	 1.000094E-2	 5.170016E-6
-1.240000E+1	 -1.204034E-9	 1.000092E-2	 5.200967E-6
-1.260000E+1	 -1.207284E-9	 1.000098E-2	 5.232304E-6
-1.280000E+1	 -1.235475E-9	 1.000099E-2	 5.264189E-6
-1.300000E+1	 -1.226697E-9	 1.000091E-2	 5.299600E-6
-1.320000E+1	 -1.227837E-9	 1.000095E-2	 5.327025E-6
-1.340000E+1	 -1.263540E-9	 1.000110E-2	 5.357691E-6
-1.360000E+1	 -1.267464E-9	 1.000106E-2	 5.387828E-6
-1.380000E+1	 -1.285950E-9	 1.000109E-2	 5.416093E-6
-1.400000E+1	 -1.293630E-9	 1.000101E-2	 5.444691E-6
-1.420000E+1	 -1.299454E-9	 1.000105E-2	 5.475471E-6
-1.440000E+1	 -1.320809E-9	 1.000106E-2	 5.503642E-6
-1.460000E+1	 -1.308528E-9	 1.000106E-2	 5.531460E-6
-1.480000E+1	 -1.326083E-9	 1.000107E-2	 5.562341E-6
-1.500000E+1	 -1.345244E-9	 1.000102E-2	 5.589570E-6
-1.520000E+1	 -1.347227E-9	 1.000095E-2	 5.615593E-6
-1.540000E+1	 -1.359001E-9	 1.000110E-2	 5.644527E-6
-1.560000E+1	 -1.368624E-9	 1.000090E-2	 5.670392E-6
-1.580000E+1	 -1.387741E-9	 1.000100E-2	 5.698571E-6
-1.600000E+1	 -1.391836E-9	 1.000090E-2	 5.726682E-6
-1.620000E+1	 -1.397279E-9	 1.000105E-2	 5.753478E-6
-1.640000E+1	 -1.410658E-9	 1.000100E-2	 5.781532E-6
-1.660000E+1	 -1.414625E-9	 1.000094E-2	 5.807442E-6
-1.680000E+1	 -1.440073E-9	 1.000102E-2	 5.835980E-6
-1.700000E+1	 -1.440410E-9	 1.000113E-2	 5.861009E-6
-1.720000E+1	 -1.450412E-9	 1.000111E-2	 5.888148E-6
-1.740000E+1	 -1.475860E-9	 1.000098E-2	 5.913927E-6
-1.760000E+1	 -1.458389E-9	 1.000108E-2	 5.939186E-6
-1.780000E+1	 -1.418042E-9	 1.000099E-2	 5.964905E-6
-1.800000E+1	 -1.483034E-9	 1.000089E-2	 5.990237E-6
-1.820000E+1	 -1.495906E-9	 1.000097E-2	 6.017086E-6
-1.840000E+1	 -1.504557E-9	 1.000100E-2	 6.041954E-6
-1.860000E+1	 -1.511058E-9	 1.000094E-2	 6.067033E-6
-1.880000E+1	 -1.517514E-9	 1.000115E-2	 6.089968E-6
-1.900000E+1	 -1.541147E-9	 1.000092E-2	 6.114681E-6
-1.920000E+1	 -1.536800E-9	 1.000091E-2	 6.136636E-6
-1.940000E+1	 -1.568283E-9	 1.000095E-2	 6.166523E-6
-1.960000E+1	 -1.560771E-9	 1.000091E-2	 6.188819E-6
-1.980000E+1	 -1.596433E-9	 1.000103E-2	 6.212363E-6
-2.000000E+1	 -1.589807E-9	 1.000093E-2	 6.236973E-6
-2.020000E+1	 -1.610824E-9	 1.000091E-2	 6.259123E-6
-2.040000E+1	 -1.613018E-9	 1.000087E-2	 6.287511E-6
-2.060000E+1	 -1.621712E-9	 1.000093E-2	 6.311240E-6
-2.080000E+1	 -1.662099E-9	 1.000091E-2	 6.332730E-6
-2.100000E+1	 -1.655980E-9	 1.000097E-2	 6.354050E-6
-2.120000E+1	 -1.668978E-9	 1.000117E-2	 6.377134E-6
-2.140000E+1	 -1.663914E-9	 1.000108E-2	 6.401933E-6
-2.160000E+1	 -1.691726E-9	 1.000111E-2	 6.424174E-6
-2.180000E+1	 -1.690543E-9	 1.000104E-2	 6.445349E-6
-2.200000E+1	 -1.695017E-9	 1.000109E-2	 6.468365E-6
-2.220000E+1	 -1.709535E-9	 1.000102E-2	 6.491065E-6
-2.240000E+1	 -1.711477E-9	 1.000105E-2	 6.510800E-6
-2.260000E+1	 -1.739709E-9	 1.000103E-2	 6.533667E-6
-2.280000E+1	 -1.737135E-9	 1.000097E-2	 6.553998E-6
-2.300000E+1	 -1.738021E-9	 1.000115E-2	 6.575966E-6
-2.320000E+1	 -1.758110E-9	 1.000105E-2	 6.597282E-6
-2.340000E+1	 -1.779295E-9	 1.000096E-2	 6.619093E-6
-2.360000E+1	 -1.778662E-9	 1.000094E-2	 6.640666E-6
-2.380000E+1	 -1.793011E-9	 1.000092E-2	 6.660588E-6
-2.400000E+1	 -1.799089E-9	 1.000098E-2	 6.681967E-6
-2.420000E+1	 -1.822257E-9	 1.000094E-2	 6.702865E-6
-2.440000E+1	 -1.805798E-9	 1.000091E-2	 6.722523E-6
-2.460000E+1	 -1.836226E-9	 1.000105E-2	 6.742191E-6
-2.480000E+1	 -1.833104E-9	 1.000107E-2	 6.763088E-6
-2.500000E+1	 -1.835170E-9	 1.000083E-2	 6.783873E-6
-2.480000E+1	 -1.552245E-9	 1.000084E-2	 6.749178E-6
-2.460000E+1	 -1.463410E-9	 1.000094E-2	 6.714759E-6
-2.440000E+1	 -1.388078E-9	 1.000099E-2	 6.681412E-6
-2.420000E+1	 -1.340854E-9	 1.000096E-2	 6.650029E-6
-2.400000E+1	 -1.282742E-9	 1.000096E-2	 6.618048E-6
-2.380000E+1	 -1.253959E-9	 1.000092E-2	 6.587728E-6
-2.360000E+1	 -1.210660E-9	 1.000088E-2	 6.555861E-6
-2.340000E+1	 -1.157780E-9	 1.000098E-2	 6.525997E-6
-2.320000E+1	 -1.137607E-9	 1.000087E-2	 6.493967E-6
-2.300000E+1	 -1.125579E-9	 1.000090E-2	 6.463250E-6
-2.280000E+1	 -1.083799E-9	 1.000091E-2	 6.433253E-6
-2.260000E+1	 -1.062867E-9	 1.000096E-2	 6.400052E-6
-2.240000E+1	 -1.031722E-9	 1.000102E-2	 6.369527E-6
-2.220000E+1	 -1.011169E-9	 1.000086E-2	 6.337653E-6
-2.200000E+1	 -9.763096E-10	 1.000093E-2	 6.306482E-6
-2.180000E+1	 -9.680377E-10	 1.000087E-2	 6.275892E-6
-2.160000E+1	 -9.413657E-10	 1.000102E-2	 6.244788E-6
-2.140000E+1	 -8.932551E-10	 1.000100E-2	 6.212338E-6
-2.120000E+1	 -8.876000E-10	 1.000103E-2	 6.180611E-6
-2.100000E+1	 -8.809322E-10	 1.000089E-2	 6.148069E-6
-2.080000E+1	 -8.221016E-10	 1.000096E-2	 6.116873E-6
-2.060000E+1	 -8.428237E-10	 1.000095E-2	 6.084056E-6
-2.040000E+1	 -8.318927E-10	 1.000085E-2	 6.052271E-6
-2.020000E+1	 -7.743708E-10	 1.000097E-2	 6.018507E-6
-2.000000E+1	 -7.916737E-10	 1.000089E-2	 5.984751E-6
-1.980000E+1	 -7.681247E-10	 1.000081E-2	 5.951235E-6
-1.960000E+1	 -7.578277E-10	 1.000100E-2	 5.918854E-6
-1.940000E+1	 -7.327594E-10	 1.000109E-2	 5.884620E-6
-1.920000E+1	 -7.138949E-10	 1.000111E-2	 5.851583E-6
-1.900000E+1	 -6.985754E-10	 1.000097E-2	 5.818176E-6
-1.880000E+1	 -6.951148E-10	 1.000086E-2	 5.784222E-6
-1.860000E+1	 -6.726209E-10	 1.000097E-2	 5.749219E-6
-1.840000E+1	 -6.585252E-10	 1.000126E-2	 5.715056E-6
-1.820000E+1	 -6.481858E-10	 1.000112E-2	 5.680558E-6
-1.800000E+1	 -6.305029E-10	 1.000108E-2	 5.646038E-6
-1.780000E+1	 -6.039577E-10	 1.000108E-2	 5.610094E-6
-1.760000E+1	 -5.996529E-10	 1.000114E-2	 5.575492E-6
-1.740000E+1	 -5.881741E-10	 1.000098E-2	 5.539405E-6
-1.720000E+1	 -5.746270E-10	 1.000104E-2	 5.501744E-6
-1.700000E+1	 -5.651312E-10	 1.000104E-2	 5.466217E-6
-1.680000E+1	 -5.470264E-10	 1.000094E-2	 5.428813E-6
-1.660000E+1	 -5.312429E-10	 1.000116E-2	 5.392923E-6
-1.640000E+1	 -5.155436E-10	 1.000092E-2	 5.356967E-6
-1.620000E+1	 -4.985781E-10	 1.000098E-2	 5.318944E-6
-1.600000E+1	 -4.901798E-10	 1.000104E-2	 5.282634E-6
-1.580000E+1	 -4.570511E-10	 1.000091E-2	 5.244966E-6
-1.560000E+1	 -4.520289E-10	 1.000099E-2	 5.207298E-6
-1.540000E+1	 -4.513536E-10	 1.000103E-2	 5.168225E-6
-1.520000E+1	 -4.408451E-10	 1.000101E-2	 5.130435E-6
-1.500000E+1	 -4.313919E-10	 1.000088E-2	 5.092065E-6
-1.480000E+1	 -4.118944E-10	 1.000109E-2	 5.051624E-6
-1.460000E+1	 -3.918060E-10	 1.000091E-2	 5.012343E-6
-1.440000E+1	 -4.026942E-10	 1.000105E-2	 4.973745E-6
-1.420000E+1	 -3.730680E-10	 1.000105E-2	 4.933646E-6
-1.400000E+1	 -3.652606E-10	 1.000114E-2	 4.894299E-6
-1.380000E+1	 -3.475356E-10	 1.000107E-2	 4.854749E-6
-1.360000E+1	 -3.260968E-10	 1.000107E-2	 4.813741E-6
-1.340000E+1	 -3.198508E-10	 1.000102E-2	 4.773436E-6
-1.320000E+1	 -3.107772E-10	 1.000103E-2	 4.732673E-6
-1.300000E+1	 -3.029276E-10	 1.000105E-2	 4.691013E-6
-1.280000E+1	 -2.939808E-10	 1.000113E-2	 4.649473E-6
-1.260000E+1	 -2.757493E-10	 1.000096E-2	 4.608297E-6
-1.240000E+1	 -2.632151E-10	 1.000099E-2	 4.568160E-6
-1.220000E+1	 -2.486553E-10	 1.000102E-2	 4.525260E-6
-1.200000E+1	 -2.307615E-10	 1.000105E-2	 4.483240E-6
-1.180000E+1	 -2.282294E-10	 1.000089E-2	 4.440871E-6
-1.160000E+1	 -2.150200E-10	 1.000101E-2	 4.398465E-6
-1.140000E+1	 -2.056933E-10	 1.000104E-2	 4.356255E-6
-1.120000E+1	 -1.899940E-10	 1.000103E-2	 4.311764E-6
-1.100000E+1	 -1.729874E-10	 1.000099E-2	 4.268858E-6
-1.080000E+1	 -1.720168E-10	 1.000105E-2	 4.226112E-6
-1.060000E+1	 -1.731984E-10	 1.000097E-2	 4.182603E-6
-1.040000E+1	 -1.381303E-10	 1.000088E-2	 4.138878E-6
-1.020000E+1	 -1.345433E-10	 1.000108E-2	 4.096329E-6
-1.000000E+1	 -1.215879E-10	 1.000099E-2	 4.051123E-6
-9.800000E+0	 -1.178321E-10	 1.000096E-2	 4.007047E-6
-9.599999E+0	 -1.124728E-10	 1.000089E-2	 3.960696E-6
-9.400000E+0	 -9.301858E-11	 1.000108E-2	 3.915445E-6
-9.200000E+0	 -7.166542E-11	 1.000128E-2	 3.871751E-6
-9.000000E+0	 -6.444921E-11	 1.000097E-2	 3.825653E-6
-8.800000E+0	 -6.293001E-11	 1.000093E-2	 3.781280E-6
-8.599999E+0	 -2.870594E-11	 1.000096E-2	 3.735070E-6
-8.400000E+0	 -2.545651E-11	 1.000111E-2	 3.689678E-6
-8.200000E+0	 -1.418909E-11	 1.000100E-2	 3.645608E-6
-8.000000E+0	 -1.684769E-11	 1.000101E-2	 3.599628E-6
-7.800000E+0	 -1.347183E-11	 1.000105E-2	 3.553191E-6
-7.600000E+0	 1.366282E-11	 1.000097E-2	 3.508555E-6
-7.400000E+0	 2.033046E-11	 1.000095E-2	 3.462896E-6
-7.200000E+0	 2.539424E-11	 1.000099E-2	 3.417969E-6
-7.000000E+0	 5.058767E-11	 1.000121E-2	 3.371191E-6
-6.800000E+0	 5.282436E-11	 1.000101E-2	 3.326101E-6
-6.600000E+0	 5.780398E-11	 1.000094E-2	 3.282140E-6
-6.400000E+0	 7.265821E-11	 1.000087E-2	 3.237671E-6
-6.200000E+0	 7.974787E-11	 1.000097E-2	 3.190706E-6
-6.000000E+0	 9.578394E-11	 1.000087E-2	 3.147615E-6
-5.800000E+0	 1.071355E-10	 1.000104E-2	 3.103587E-6
-5.600000E+0	 1.313583E-10	 1.000112E-2	 3.061600E-6
-5.400000E+0	 1.386589E-10	 1.000110E-2	 3.018943E-6
-5.200000E+0	 1.327932E-10	 1.000108E-2	 2.977742E-6
-5.000000E+0	 1.480695E-10	 1.000093E-2	 2.937272E-6
-4.800000E+0	 1.487444E-10	 1.000113E-2	 2.896026E-6
-4.600000E+0	 1.807743E-10	 1.000106E-2	 2.857099E-6
-4.400000E+0	 1.879906E-10	 1.000103E-2	 2.817184E-6
-4.200000E+0	 1.960934E-10	 1.000092E-2	 2.779174E-6
-4.000000E+0	 2.023385E-10	 1.000093E-2	 2.743271E-6
-3.800000E+0	 2.144921E-10	 1.000094E-2	 2.707570E-6
-3.600000E+0	 2.284604E-10	 1.000089E-2	 2.673524E-6
-3.400000E+0	 2.258861E-10	 1.000112E-2	 2.640698E-6
-3.200000E+0	 2.609120E-10	 1.000089E-2	 2.609288E-6
-3.000000E+0	 2.570718E-10	 1.000073E-2	 2.580140E-6
-2.800000E+0	 2.566077E-10	 1.000092E-2	 2.549532E-6
-2.600000E+0	 2.786360E-10	 1.000107E-2	 2.525125E-6
-2.400000E+0	 2.969929E-10	 1.000101E-2	 2.500411E-6
-2.200000E+0	 3.049264E-10	 1.000104E-2	 2.478570E-6
-2.000000E+0	 3.138730E-10	 1.000105E-2	 2.457977E-6
-1.800000E+0	 3.235789E-10	 1.000089E-2	 2.439902E-6
-1.600000E+0	 3.368720E-10	 1.000101E-2	 2.424074E-6
-1.400000E+0	 3.465780E-10	 1.000110E-2	 2.409939E-6
-1.200000E+0	 3.607573E-10	 1.000088E-2	 2.398426E-6
-9.999996E-1	 3.834603E-10	 1.000107E-2	 2.389708E-6
-7.999997E-1	 3.828278E-10	 1.000095E-2	 2.383255E-6
-5.999997E-1	 3.943906E-10	 1.000112E-2	 2.379831E-6
-3.999996E-1	 4.119879E-10	 1.000100E-2	 2.377481E-6
-1.999996E-1	 4.230019E-10	 1.000101E-2	 2.378049E-6
3.725290E-7	 4.081899E-10	 1.000095E-2	 2.383732E-6
2.000004E-1	 4.223272E-10	 1.000092E-2	 2.389296E-6
4.000004E-1	 4.466763E-10	 1.000096E-2	 2.398125E-6
6.000004E-1	 4.694223E-10	 1.000105E-2	 2.409681E-6
8.000004E-1	 4.497148E-10	 1.000111E-2	 2.422794E-6
1.000000E+0	 4.608977E-10	 1.000097E-2	 2.439355E-6
1.200000E+0	 4.703504E-10	 1.000093E-2	 2.456982E-6
1.400000E+0	 4.774403E-10	 1.000092E-2	 2.475849E-6
1.600000E+0	 4.977383E-10	 1.000090E-2	 2.502228E-6
1.800000E+0	 5.006499E-10	 1.000099E-2	 2.524604E-6
2.000000E+0	 5.177413E-10	 1.000110E-2	 2.550289E-6
2.200000E+0	 5.403598E-10	 1.000101E-2	 2.577472E-6
2.400000E+0	 5.381658E-10	 1.000103E-2	 2.611265E-6
2.600000E+0	 5.565233E-10	 1.000112E-2	 2.640870E-6
2.800000E+0	 5.701956E-10	 1.000099E-2	 2.673007E-6
3.000000E+0	 5.858941E-10	 1.000098E-2	 2.705295E-6
3.200001E+0	 5.787202E-10	 1.000110E-2	 2.746576E-6
3.400000E+0	 5.940806E-10	 1.000110E-2	 2.781021E-6
3.600000E+0	 6.213419E-10	 1.000105E-2	 2.817452E-6
3.800000E+0	 6.215108E-10	 1.000097E-2	 2.854440E-6
4.000000E+0	 6.357744E-10	 1.000087E-2	 2.893093E-6
4.200000E+0	 6.418089E-10	 1.000099E-2	 2.932667E-6
4.400001E+0	 6.456914E-10	 1.000103E-2	 2.972506E-6
4.600000E+0	 6.641326E-10	 1.000103E-2	 3.012833E-6
4.800001E+0	 6.713912E-10	 1.000097E-2	 3.053618E-6
5.000000E+0	 6.900853E-10	 1.000102E-2	 3.093967E-6
5.200000E+0	 6.929553E-10	 1.000100E-2	 3.135998E-6
5.400001E+0	 7.035474E-10	 1.000100E-2	 3.177860E-6
5.600000E+0	 5.997352E-10	 1.000088E-2	 3.224234E-6
5.800001E+0	 7.186971E-10	 1.000104E-2	 3.264498E-6
6.000000E+0	 7.430043E-10	 1.000090E-2	 3.307466E-6
6.200000E+0	 7.417801E-10	 1.000099E-2	 3.350679E-6
6.400001E+0	 7.392059E-10	 1.000089E-2	 3.392737E-6
6.600000E+0	 7.702236E-10	 1.000105E-2	 3.436156E-6
6.800001E+0	 7.757511E-10	 1.000105E-2	 3.480031E-6
7.000000E+0	 7.679870E-10	 1.000105E-2	 3.521223E-6
7.200000E+0	 7.869347E-10	 1.000091E-2	 3.563217E-6
7.400001E+0	 7.949523E-10	 1.000084E-2	 3.605634E-6
7.600000E+0	 7.943197E-10	 1.000090E-2	 3.647831E-6
7.800001E+0	 8.093428E-10	 1.000108E-2	 3.690479E-6
8.000001E+0	 8.260119E-10	 1.000107E-2	 3.732788E-6
8.200001E+0	 8.390936E-10	 1.000095E-2	 3.774580E-6
8.400001E+0	 8.440311E-10	 1.000102E-2	 3.817162E-6
8.600000E+0	 8.436932E-10	 1.000092E-2	 3.858207E-6
8.800000E+0	 8.644980E-10	 1.000116E-2	 3.900942E-6
9.000001E+0	 8.727269E-10	 1.000098E-2	 3.942361E-6
9.200001E+0	 8.980042E-10	 1.000091E-2	 3.985519E-6
9.400001E+0	 9.248862E-10	 1.000107E-2	 4.026342E-6
9.600000E+0	 8.996506E-10	 1.000099E-2	 4.068360E-6
9.800000E+0	 9.070354E-10	 1.000103E-2	 4.110235E-6
1.000000E+1	 9.336217E-10	 1.000095E-2	 4.150773E-6
1.020000E+1	 9.506281E-10	 1.000104E-2	 4.191814E-6
1.040000E+1	 9.486869E-10	 1.000104E-2	 4.233294E-6
1.060000E+1	 9.601652E-10	 1.000097E-2	 4.273812E-6
1.080000E+1	 9.691121E-10	 1.000100E-2	 4.314746E-6
1.100000E+1	 9.959505E-10	 1.000105E-2	 4.353775E-6
1.120000E+1	 9.948956E-10	 1.000084E-2	 4.393042E-6
1.140000E+1	 1.008863E-9	 1.000106E-2	 4.433348E-6
1.160000E+1	 1.006037E-9	 1.000101E-2	 4.470411E-6
1.180000E+1	 1.022030E-9	 1.000104E-2	 4.509340E-6
1.200000E+1	 1.025955E-9	 1.000098E-2	 4.546780E-6
1.220000E+1	 1.047814E-9	 1.000084E-2	 4.583905E-6
1.240000E+1	 1.046084E-9	 1.000088E-2	 4.621573E-6
1.260000E+1	 1.060179E-9	 1.000102E-2	 4.657798E-6
1.280000E+1	 1.078916E-9	 1.000099E-2	 4.694251E-6
1.300000E+1	 1.071700E-9	 1.000106E-2	 4.729150E-6
1.320000E+1	 1.105965E-9	 1.000116E-2	 4.764824E-6
1.340000E+1	 1.096683E-9	 1.000111E-2	 4.801789E-6
1.360000E+1	 1.105460E-9	 1.000093E-2	 4.836454E-6
1.380000E+1	 1.145212E-9	 1.000108E-2	 4.870489E-6
1.400000E+1	 1.127319E-9	 1.000106E-2	 4.904570E-6
1.420000E+1	 1.162472E-9	 1.000097E-2	 4.938038E-6
1.440000E+1	 1.134283E-9	 1.000120E-2	 4.972844E-6
1.460000E+1	 1.171840E-9	 1.000098E-2	 5.005507E-6
1.480000E+1	 1.182306E-9	 1.000105E-2	 5.036677E-6
1.500000E+1	 1.167113E-9	 1.000107E-2	 5.076210E-6
1.520000E+1	 1.178212E-9	 1.000112E-2	 5.106020E-6
1.540000E+1	 1.224970E-9	 1.000107E-2	 5.137907E-6
1.560000E+1	 1.216614E-9	 1.000095E-2	 5.168020E-6
1.580000E+1	 1.239360E-9	 1.000103E-2	 5.198973E-6
1.600000E+1	 1.258604E-9	 1.000110E-2	 5.228019E-6
1.620000E+1	 1.268690E-9	 1.000094E-2	 5.258751E-6
1.640000E+1	 1.281138E-9	 1.000098E-2	 5.289724E-6
1.660000E+1	 1.282573E-9	 1.000112E-2	 5.318811E-6
1.680000E+1	 1.298271E-9	 1.000094E-2	 5.346861E-6
1.700000E+1	 1.275863E-9	 1.000102E-2	 5.375433E-6
1.720000E+1	 1.299411E-9	 1.000113E-2	 5.403264E-6
1.740000E+1	 1.286793E-9	 1.000098E-2	 5.432327E-6
1.760000E+1	 1.313674E-9	 1.000096E-2	 5.460416E-6
1.780000E+1	 1.324518E-9	 1.000122E-2	 5.488067E-6
1.800000E+1	 1.317430E-9	 1.000116E-2	 5.516019E-6
1.820000E+1	 1.409510E-9	 1.000097E-2	 5.543052E-6
1.840000E+1	 1.359039E-9	 1.000093E-2	 5.570986E-6
1.860000E+1	 1.372585E-9	 1.000097E-2	 5.597287E-6
1.880000E+1	 1.364989E-9	 1.000104E-2	 5.624055E-6
1.900000E+1	 1.379717E-9	 1.000103E-2	 5.650232E-6
1.920000E+1	 1.387229E-9	 1.000098E-2	 5.675838E-6
1.940000E+1	 1.384823E-9	 1.000112E-2	 5.701164E-6
1.960000E+1	 1.424027E-9	 1.000102E-2	 5.726973E-6
1.980000E+1	 1.425421E-9	 1.000086E-2	 5.752880E-6
2.000000E+1	 1.447153E-9	 1.000112E-2	 5.777869E-6
2.020000E+1	 1.436897E-9	 1.000104E-2	 5.802251E-6
2.040000E+1	 1.452343E-9	 1.000102E-2	 5.825404E-6
2.060000E+1	 1.456563E-9	 1.000100E-2	 5.855454E-6
2.080000E+1	 1.469941E-9	 1.000100E-2	 5.877619E-6
2.100000E+1	 1.492855E-9	 1.000094E-2	 5.900509E-6
2.120000E+1	 1.504376E-9	 1.000102E-2	 5.922592E-6
2.140000E+1	 1.551133E-9	 1.000101E-2	 5.946997E-6
2.160000E+1	 1.508173E-9	 1.000103E-2	 5.967770E-6
2.180000E+1	 1.528345E-9	 1.000108E-2	 5.990911E-6
2.200000E+1	 1.541005E-9	 1.000107E-2	 6.015021E-6
2.220000E+1	 1.549741E-9	 1.000095E-2	 6.036040E-6
2.240000E+1	 1.564299E-9	 1.000100E-2	 6.058347E-6
2.260000E+1	 1.567590E-9	 1.000110E-2	 6.080355E-6
2.280000E+1	 1.584682E-9	 1.000093E-2	 6.102910E-6
2.300000E+1	 1.592447E-9	 1.000101E-2	 6.123750E-6
2.320000E+1	 1.598439E-9	 1.000104E-2	 6.143940E-6
2.340000E+1	 1.611437E-9	 1.000113E-2	 6.165523E-6
2.360000E+1	 1.623675E-9	 1.000111E-2	 6.186622E-6
2.380000E+1	 1.640217E-9	 1.000107E-2	 6.206719E-6
2.400000E+1	 1.648826E-9	 1.000095E-2	 6.226748E-6
2.420000E+1	 1.647686E-9	 1.000100E-2	 6.246793E-6
2.440000E+1	 1.650387E-9	 1.000104E-2	 6.267509E-6
2.460000E+1	 1.680349E-9	 1.000109E-2	 6.286204E-6
2.480000E+1	 1.682628E-9	 1.000110E-2	 6.306271E-6
2.500000E+1	 1.686088E-9	 1.000097E-2	 6.326777E-6
2.480000E+1	 1.389001E-9	 1.000112E-2	 6.287909E-6
2.460000E+1	 1.296963E-9	 1.000114E-2	 6.251875E-6
2.440000E+1	 1.236575E-9	 1.000111E-2	 6.217557E-6
2.420000E+1	 1.189733E-9	 1.000099E-2	 6.183755E-6
2.400000E+1	 1.139051E-9	 1.000102E-2	 6.150872E-6
2.380000E+1	 1.093771E-9	 1.000099E-2	 6.118316E-6
2.360000E+1	 1.059800E-9	 1.000105E-2	 6.084144E-6
2.340000E+1	 1.023466E-9	 1.000106E-2	 6.052397E-6
2.320000E+1	 9.834596E-10	 1.000098E-2	 6.019072E-6
2.300000E+1	 9.640475E-10	 1.000102E-2	 5.987073E-6
2.280000E+1	 9.240001E-10	 1.000089E-2	 5.954338E-6
2.260000E+1	 9.049681E-10	 1.000107E-2	 5.922111E-6
2.240000E+1	 8.860203E-10	 1.000104E-2	 5.890015E-6
2.220000E+1	 8.431877E-10	 1.000100E-2	 5.857623E-6
2.200000E+1	 8.328900E-10	 1.000088E-2	 5.824017E-6
2.180000E+1	 8.063040E-10	 1.000089E-2	 5.791986E-6
2.160000E+1	 7.969354E-10	 1.000091E-2	 5.755636E-6
2.140000E+1	 7.783680E-10	 1.000087E-2	 5.723115E-6
2.120000E+1	 7.435104E-10	 1.000091E-2	 5.689154E-6
2.100000E+1	 7.066281E-10	 1.000108E-2	 5.655580E-6
2.080000E+1	 7.064173E-10	 1.000115E-2	 5.621907E-6
2.060000E+1	 6.906763E-10	 1.000088E-2	 5.586724E-6
2.040000E+1	 6.686906E-10	 1.000107E-2	 5.552381E-6
2.020000E+1	 6.574229E-10	 1.000102E-2	 5.517703E-6
2.000000E+1	 6.363230E-10	 1.000107E-2	 5.483556E-6
1.980000E+1	 6.300775E-10	 1.000114E-2	 5.447937E-6
1.960000E+1	 6.093150E-10	 1.000100E-2	 5.411423E-6
1.940000E+1	 5.919284E-10	 1.000098E-2	 5.376413E-6
1.920000E+1	 5.666508E-10	 1.000105E-2	 5.340659E-6
1.900000E+1	 5.543284E-10	 1.000107E-2	 5.304490E-6
1.880000E+1	 5.405712E-10	 1.000105E-2	 5.268089E-6
1.860000E+1	 5.256325E-10	 1.000116E-2	 5.230997E-6
1.840000E+1	 5.027180E-10	 1.000108E-2	 5.192588E-6
1.820000E+1	 4.942782E-10	 1.000107E-2	 5.155106E-6
1.800000E+1	 4.818286E-10	 1.000104E-2	 5.117091E-6
1.780000E+1	 4.649914E-10	 1.000094E-2	 5.078919E-6
1.760000E+1	 4.505587E-10	 1.000100E-2	 5.040750E-6
1.740000E+1	 4.502214E-10	 1.000104E-2	 4.997132E-6
1.720000E+1	 4.287838E-10	 1.000108E-2	 4.960667E-6
1.700000E+1	 4.093716E-10	 1.000115E-2	 4.917103E-6
1.680000E+1	 3.967961E-10	 1.000113E-2	 4.877435E-6
1.660000E+1	 3.678467E-10	 1.000102E-2	 4.837999E-6
1.640000E+1	 3.583518E-10	 1.000113E-2	 4.798384E-6
1.620000E+1	 3.323566E-10	 1.000128E-2	 4.757793E-6
1.600000E+1	 3.387711E-10	 1.000103E-2	 4.716801E-6
1.580000E+1	 3.216802E-10	 1.000114E-2	 4.675964E-6
1.560000E+1	 3.164474E-10	 1.000106E-2	 4.633788E-6
1.540000E+1	 2.959382E-10	 1.000122E-2	 4.592279E-6
1.520000E+1	 2.791002E-10	 1.000097E-2	 4.549599E-6
1.500000E+1	 2.571141E-10	 1.000119E-2	 4.506346E-6
1.480000E+1	 2.739519E-10	 1.000110E-2	 4.463539E-6
1.460000E+1	 2.470284E-10	 1.000110E-2	 4.420160E-6
1.440000E+1	 2.444125E-10	 1.000118E-2	 4.376696E-6
1.420000E+1	 2.122135E-10	 1.000113E-2	 4.332428E-6
1.400000E+1	 2.131419E-10	 1.000105E-2	 4.286601E-6
1.380000E+1	 2.029295E-10	 1.000102E-2	 4.243184E-6
1.360000E+1	 1.951227E-10	 1.000119E-2	 4.196411E-6
1.340000E+1	 1.746134E-10	 1.000103E-2	 4.152769E-6
1.320000E+1	 1.710264E-10	 1.000113E-2	 4.107178E-6
1.300000E+1	 1.530071E-10	 1.000122E-2	 4.059212E-6
1.280000E+1	 1.500109E-10	 1.000117E-2	 4.012153E-6
1.260000E+1	 1.347344E-10	 1.000118E-2	 3.965276E-6
1.240000E+1	 1.192894E-10	 1.000102E-2	 3.918681E-6
1.220000E+1	 1.143519E-10	 1.000119E-2	 3.871049E-6
1.200000E+1	 9.662793E-11	 1.000114E-2	 3.822693E-6
1.180000E+1	 8.561368E-11	 1.000095E-2	 3.776438E-6
1.160000E+1	 6.877590E-11	 1.000088E-2	 3.727715E-6
1.140000E+1	 6.253037E-11	 1.000112E-2	 3.680027E-6
1.120000E+1	 5.168496E-11	 1.000102E-2	 3.632795E-6
1.100000E+1	 3.847632E-11	 1.000103E-2	 3.584431E-6
1.080000E+1	 2.839064E-11	 1.000123E-2	 3.537750E-6
1.060000E+1	 1.855810E-11	 1.000103E-2	 3.489256E-6
1.040000E+1	 1.442273E-11	 1.000111E-2	 3.440954E-6
1.020000E+1	 -7.563714E-12	 1.000101E-2	 3.395040E-6
1.000000E+1	 -1.511748E-11	 1.000105E-2	 3.347463E-6
9.800000E+0	 -1.739621E-11	 1.000103E-2	 3.302153E-6
9.600000E+0	 -4.431981E-11	 1.000110E-2	 3.255407E-6
9.400001E+0	 -5.364602E-11	 1.000115E-2	 3.210022E-6
9.200001E+0	 -5.833026E-11	 1.000104E-2	 3.166142E-6
9.000001E+0	 -7.440838E-11	 1.000092E-2	 3.121770E-6
8.800000E+0	 -8.170903E-11	 1.000099E-2	 3.078841E-6
8.600000E+0	 -9.306075E-11	 1.000104E-2	 3.036158E-6
8.400001E+0	 -1.079151E-10	 1.000104E-2	 2.993607E-6
8.200001E+0	 -1.104049E-10	 1.000089E-2	 2.953452E-6
8.000001E+0	 -1.294371E-10	 1.000104E-2	 2.913129E-6
7.800001E+0	 -1.279179E-10	 1.000108E-2	 2.876531E-6
7.600000E+0	 -1.587660E-10	 1.000089E-2	 2.837723E-6
7.400001E+0	 -1.588505E-10	 1.000085E-2	 2.801465E-6
7.200000E+0	 -1.776294E-10	 1.000097E-2	 2.765963E-6
7.000000E+0	 -1.805412E-10	 1.000100E-2	 2.730677E-6
6.800001E+0	 -1.856474E-10	 1.000099E-2	 2.697670E-6
6.600000E+0	 -1.946784E-10	 1.000112E-2	 2.664499E-6
6.400001E+0	 -2.191558E-10	 1.000109E-2	 2.634078E-6
6.200000E+0	 -2.164971E-10	 1.000103E-2	 2.603910E-6
6.000000E+0	 -2.330826E-10	 1.000101E-2	 2.574152E-6
5.800001E+0	 -2.392864E-10	 1.000100E-2	 2.547474E-6
5.600000E+0	 -2.563784E-10	 1.000116E-2	 2.520473E-6
5.400001E+0	 -2.707694E-10	 1.000104E-2	 2.495417E-6
5.200000E+0	 -2.781971E-10	 1.000094E-2	 2.472378E-6
5.000000E+0	 -2.881991E-10	 1.000100E-2	 2.450903E-6
4.800001E+0	 -2.948670E-10	 1.000093E-2	 2.432281E-6
4.600000E+0	 -2.992139E-10	 1.000102E-2	 2.411787E-6
4.400001E+0	 -3.283336E-10	 1.000103E-2	 2.397331E-6
4.200000E+0	 -3.401502E-10	 1.000099E-2	 2.383634E-6
4.000000E+0	 -3.577487E-10	 1.000096E-2	 2.371990E-6
3.800000E+0	 -3.608294E-10	 1.000109E-2	 2.360948E-6
3.600000E+0	 -3.599432E-10	 1.000099E-2	 2.352452E-6
3.400000E+0	 -3.842097E-10	 1.000098E-2	 2.345949E-6
3.200001E+0	 -3.986007E-10	 1.000109E-2	 2.341526E-6
3.000000E+0	 -3.950979E-10	 1.000107E-2	 2.339219E-6
2.800000E+0	 -4.188157E-10	 1.000110E-2	 2.338287E-6
2.600000E+0	 -4.061972E-10	 1.000111E-2	 2.339896E-6
2.400000E+0	 -4.305056E-10	 1.000099E-2	 2.343690E-6
2.200000E+0	 -4.391572E-10	 1.000098E-2	 2.348552E-6
2.000000E+0	 -4.558270E-10	 1.000095E-2	 2.356418E-6
1.800000E+0	 -4.573465E-10	 1.000101E-2	 2.366445E-6
1.600000E+0	 -4.702181E-10	 1.000078E-2	 2.377899E-6
1.400000E+0	 -4.791653E-10	 1.000099E-2	 2.391918E-6
1.200000E+0	 -4.971855E-10	 1.000104E-2	 2.407287E-6
1.000000E+0	 -5.089179E-10	 1.000118E-2	 2.425238E-6
8.000004E-1	 -5.149106E-10	 1.000105E-2	 2.444469E-6
6.000004E-1	 -5.142776E-10	 1.000121E-2	 2.465898E-6
4.000004E-1	 -5.298925E-10	 1.000105E-2	 2.489031E-6
2.000004E-1	 -5.470267E-10	 1.000105E-2	 2.513496E-6
3.725290E-7	 -5.502763E-10	 1.000100E-2	 2.538198E-6
-1.999996E-1	 -5.509936E-10	 1.000097E-2	 2.569743E-6
-3.999996E-1	 -5.755554E-10	 1.000112E-2	 2.597513E-6
-5.999997E-1	 -5.818859E-10	 1.000093E-2	 2.627285E-6
-7.999997E-1	 -6.055186E-10	 1.000108E-2	 2.658296E-6
-9.999996E-1	 -6.008767E-10	 1.000102E-2	 2.691487E-6
-1.200000E+0	 -6.159430E-10	 1.000096E-2	 2.723991E-6
-1.400000E+0	 -6.299121E-10	 1.000105E-2	 2.758256E-6
-1.600000E+0	 -6.350606E-10	 1.000108E-2	 2.792194E-6
-1.800000E+0	 -6.514351E-10	 1.000095E-2	 2.829431E-6
-2.000000E+0	 -6.540937E-10	 1.000102E-2	 2.863599E-6
-2.200000E+0	 -6.502112E-10	 1.000119E-2	 2.906359E-6
-2.400000E+0	 -6.839731E-10	 1.000096E-2	 2.943578E-6
-2.600000E+0	 -7.000525E-10	 1.000099E-2	 2.981827E-6
-2.800000E+0	 -7.035131E-10	 1.000097E-2	 3.019839E-6
-3.000000E+0	 -7.066360E-10	 1.000102E-2	 3.058704E-6
-3.200000E+0	 -7.263025E-10	 1.000102E-2	 3.097867E-6
-3.400000E+0	 -7.400607E-10	 1.000119E-2	 3.136566E-6
-3.600000E+0	 -7.477837E-10	 1.000091E-2	 3.176538E-6
-3.800000E+0	 -7.558016E-10	 1.000110E-2	 3.215964E-6
-4.000000E+0	 -7.745397E-10	 1.000096E-2	 3.256693E-6
-4.200000E+0	 -7.731049E-10	 1.000101E-2	 3.296265E-6
-4.400000E+0	 -7.884243E-10	 1.000093E-2	 3.336721E-6
-4.600000E+0	 -7.853012E-10	 1.000110E-2	 3.374577E-6
-4.800000E+0	 -7.869052E-10	 1.000108E-2	 3.421218E-6
-5.000000E+0	 -8.173752E-10	 1.000099E-2	 3.459369E-6
-5.200000E+0	 -8.321465E-10	 1.000098E-2	 3.498213E-6
-5.400000E+0	 -8.655704E-10	 1.000101E-2	 3.537343E-6
-5.600000E+0	 -8.526563E-10	 1.000110E-2	 3.577797E-6
-5.800000E+0	 -8.765428E-10	 1.000105E-2	 3.617067E-6
-6.000000E+0	 -8.694534E-10	 1.000109E-2	 3.656846E-6
-6.200000E+0	 -8.721540E-10	 1.000105E-2	 3.695588E-6
-6.400000E+0	 -8.953233E-10	 1.000085E-2	 3.734314E-6
-6.600000E+0	 -8.863342E-10	 1.000092E-2	 3.773459E-6
-6.800000E+0	 -9.138499E-10	 1.000120E-2	 3.810342E-6
-7.000000E+0	 -9.370191E-10	 1.000098E-2	 3.850056E-6
-7.200000E+0	 -9.274393E-10	 1.000120E-2	 3.887924E-6
-7.400000E+0	 -9.343182E-10	 1.000116E-2	 3.924145E-6
-7.600000E+0	 -9.559261E-10	 1.000116E-2	 3.964184E-6
-7.800000E+0	 -9.591334E-10	 1.000100E-2	 4.000702E-6
-8.000000E+0	 -9.655904E-10	 1.000099E-2	 4.038050E-6
-8.200000E+0	 -9.819650E-10	 1.000106E-2	 4.073745E-6
-8.400000E+0	 -9.806564E-10	 1.000114E-2	 4.116205E-6
-8.599999E+0	 -1.010409E-9	 1.000110E-2	 4.152371E-6
-8.800000E+0	 -1.021171E-9	 1.000108E-2	 4.187285E-6
-9.000000E+0	 -1.018808E-9	 1.000107E-2	 4.221730E-6
-9.200000E+0	 -1.043285E-9	 1.000101E-2	 4.258427E-6
-9.400000E+0	 -1.036238E-9	 1.000107E-2	 4.293027E-6
-9.599999E+0	 -1.069831E-9	 1.000107E-2	 4.329042E-6
-9.800000E+0	 -1.075528E-9	 1.000106E-2	 4.363571E-6
-1.000000E+1	 -1.074894E-9	 1.000096E-2	 4.398364E-6
-1.020000E+1	 -1.087471E-9	 1.000098E-2	 4.433064E-6
-1.040000E+1	 -1.100722E-9	 1.000090E-2	 4.467704E-6
-1.060000E+1	 -1.106251E-9	 1.000114E-2	 4.501323E-6
-1.080000E+1	 -1.117435E-9	 1.000107E-2	 4.536421E-6
-1.100000E+1	 -1.123976E-9	 1.000116E-2	 4.569830E-6
-1.120000E+1	 -1.143178E-9	 1.000105E-2	 4.603113E-6
-1.140000E+1	 -1.133936E-9	 1.000107E-2	 4.636512E-6
-1.160000E+1	 -1.156894E-9	 1.000101E-2	 4.668661E-6
-1.180000E+1	 -1.164490E-9	 1.000100E-2	 4.701737E-6
-1.200000E+1	 -1.177362E-9	 1.000105E-2	 4.734558E-6
-1.220000E+1	 -1.182511E-9	 1.000103E-2	 4.768273E-6
-1.240000E+1	 -1.193273E-9	 1.000098E-2	 4.799605E-6
-1.260000E+1	 -1.192977E-9	 1.000103E-2	 4.831359E-6
-1.280000E+1	 -1.232816E-9	 1.000096E-2	 4.863610E-6
-1.300000E+1	 -1.232563E-9	 1.000115E-2	 4.894859E-6
-1.320000E+1	 -1.244591E-9	 1.000114E-2	 4.925647E-6
-1.340000E+1	 -1.256112E-9	 1.000098E-2	 4.958214E-6
-1.360000E+1	 -1.253748E-9	 1.000105E-2	 4.988476E-6
-1.380000E+1	 -1.267718E-9	 1.000112E-2	 5.019790E-6
-1.400000E+1	 -1.291520E-9	 1.000111E-2	 5.048679E-6
-1.420000E+1	 -1.285231E-9	 1.000092E-2	 5.079819E-6
-1.440000E+1	 -1.294980E-9	 1.000092E-2	 5.109442E-6
-1.460000E+1	 -1.306839E-9	 1.000112E-2	 5.139144E-6
-1.480000E+1	 -1.319669E-9	 1.000100E-2	 5.167886E-6
-1.500000E+1	 -1.334018E-9	 1.000100E-2	 5.198729E-6
-1.520000E+1	 -1.336212E-9	 1.000108E-2	 5.226979E-6
-1.540000E+1	 -1.366387E-9	 1.000097E-2	 5.255064E-6
-1.560000E+1	 -1.357946E-9	 1.000097E-2	 5.283498E-6
-1.580000E+1	 -1.376389E-9	 1.000086E-2	 5.313415E-6
-1.600000E+1	 -1.392257E-9	 1.000105E-2	 5.341798E-6
-1.620000E+1	 -1.394789E-9	 1.000104E-2	 5.368650E-6
-1.640000E+1	 -1.396182E-9	 1.000101E-2	 5.397358E-6
-1.660000E+1	 -1.408631E-9	 1.000099E-2	 5.426152E-6
-1.680000E+1	 -1.435303E-9	 1.000086E-2	 5.452610E-6
-1.700000E+1	 -1.436063E-9	 1.000104E-2	 5.482474E-6
-1.720000E+1	 -1.438764E-9	 1.000099E-2	 5.508012E-6
-1.740000E+1	 -1.458177E-9	 1.000089E-2	 5.534250E-6
-1.760000E+1	 -1.459527E-9	 1.000075E-2	 5.561311E-6
-1.780000E+1	 -1.455180E-9	 1.000094E-2	 5.588127E-6
-1.800000E+1	 -1.481979E-9	 1.000093E-2	 5.615236E-6
-1.820000E+1	 -1.494978E-9	 1.000097E-2	 5.642493E-6
-1.840000E+1	 -1.510887E-9	 1.000099E-2	 5.669187E-6
-1.860000E+1	 -1.514305E-9	 1.000099E-2	 5.695334E-6
-1.880000E+1	 -1.522957E-9	 1.000098E-2	 5.719238E-6
-1.900000E+1	 -1.544776E-9	 1.000092E-2	 5.745118E-6
-1.920000E+1	 -1.564612E-9	 1.000099E-2	 5.770356E-6
-1.940000E+1	 -1.549545E-9	 1.000086E-2	 5.795756E-6
-1.960000E+1	 -1.560138E-9	 1.000092E-2	 5.821440E-6
-1.980000E+1	 -1.591114E-9	 1.000089E-2	 5.845805E-6
-2.000000E+1	 -1.577315E-9	 1.000085E-2	 5.872904E-6
-2.020000E+1	 -1.588160E-9	 1.000096E-2	 5.895784E-6
-2.040000E+1	 -1.600273E-9	 1.000098E-2	 5.921348E-6
-2.060000E+1	 -1.623104E-9	 1.000092E-2	 5.945310E-6
-2.080000E+1	 -1.625341E-9	 1.000098E-2	 5.969987E-6
-2.100000E+1	 -1.638591E-9	 1.000108E-2	 5.995018E-6
-2.120000E+1	 -1.646906E-9	 1.000090E-2	 6.018180E-6
-2.140000E+1	 -1.670624E-9	 1.000100E-2	 6.042537E-6
-2.160000E+1	 -1.666530E-9	 1.000085E-2	 6.065645E-6
-2.180000E+1	 -1.669738E-9	 1.000095E-2	 6.090191E-6
-2.200000E+1	 -1.684467E-9	 1.000096E-2	 6.113730E-6
-2.220000E+1	 -1.722449E-9	 1.000111E-2	 6.135459E-6
-2.240000E+1	 -1.708184E-9	 1.000105E-2	 6.159832E-6
-2.260000E+1	 -1.719240E-9	 1.000092E-2	 6.181932E-6
-2.280000E+1	 -1.732240E-9	 1.000114E-2	 6.205506E-6
-2.300000E+1	 -1.735952E-9	 1.000109E-2	 6.229013E-6
-2.320000E+1	 -1.771909E-9	 1.000095E-2	 6.250759E-6
-2.340000E+1	 -1.751230E-9	 1.000103E-2	 6.273212E-6
-2.360000E+1	 -1.772036E-9	 1.000109E-2	 6.295537E-6
-2.380000E+1	 -1.772331E-9	 1.000087E-2	 6.317693E-6
-2.400000E+1	 -1.791576E-9	 1.000105E-2	 6.338099E-6
-2.420000E+1	 -1.799679E-9	 1.000107E-2	 6.359791E-6
-2.440000E+1	 -1.792799E-9	 1.000084E-2	 6.381687E-6
-2.460000E+1	 -1.829600E-9	 1.000097E-2	 6.403820E-6
-2.480000E+1	 -1.832217E-9	 1.000090E-2	 6.424599E-6
-2.500000E+1	 -1.848718E-9	 1.000094E-2	 6.446449E-6
-2.480000E+1	 -1.534099E-9	 1.000094E-2	 6.409820E-6
-2.460000E+1	 -1.444292E-9	 1.000092E-2	 6.376007E-6
-2.440000E+1	 -1.384027E-9	 1.000098E-2	 6.343606E-6
-2.420000E+1	 -1.327729E-9	 1.000100E-2	 6.313031E-6
-2.400000E+1	 -1.296921E-9	 1.000104E-2	 6.281402E-6
-2.380000E+1	 -1.264383E-9	 1.000110E-2	 6.250676E-6
-2.360000E+1	 -1.231339E-9	 1.000094E-2	 6.220176E-6
-2.340000E+1	 -1.168837E-9	 1.000106E-2	 6.188302E-6
-2.320000E+1	 -1.132796E-9	 1.000096E-2	 6.156948E-6
-2.300000E+1	 -1.098401E-9	 1.000109E-2	 6.125956E-6
-2.280000E+1	 -1.073966E-9	 1.000107E-2	 6.095681E-6
-2.260000E+1	 -1.059153E-9	 1.000099E-2	 6.064559E-6
-2.240000E+1	 -1.023872E-9	 1.000109E-2	 6.031900E-6
-2.220000E+1	 -1.001040E-9	 1.000097E-2	 6.001809E-6
-2.200000E+1	 -9.814157E-10	 1.000098E-2	 5.969911E-6
-2.180000E+1	 -9.511146E-10	 1.000101E-2	 5.938323E-6
-2.160000E+1	 -9.281141E-10	 1.000105E-2	 5.906997E-6
-2.140000E+1	 -8.932973E-10	 1.000107E-2	 5.875077E-6
-2.120000E+1	 -9.005562E-10	 1.000112E-2	 5.843641E-6
-2.100000E+1	 -8.634604E-10	 1.000088E-2	 5.813036E-6
-2.080000E+1	 -8.502088E-10	 1.000109E-2	 5.780397E-6
-2.060000E+1	 -8.425701E-10	 1.000107E-2	 5.747269E-6
-2.040000E+1	 -8.198229E-10	 1.000107E-2	 5.713490E-6
-2.020000E+1	 -7.956409E-10	 1.000103E-2	 5.680042E-6
-2.000000E+1	 -7.853435E-10	 1.000120E-2	 5.647837E-6
-1.980000E+1	 -7.699397E-10	 1.000107E-2	 5.613759E-6
-1.960000E+1	 -7.416218E-10	 1.000099E-2	 5.582030E-6
-1.940000E+1	 -7.336035E-10	 1.000109E-2	 5.547704E-6
-1.920000E+1	 -7.206473E-10	 1.000096E-2	 5.512063E-6
-1.900000E+1	 -7.081554E-10	 1.000096E-2	 5.479380E-6
-1.880000E+1	 -6.824540E-10	 1.000095E-2	 5.445280E-6
-1.860000E+1	 -6.803859E-10	 1.000114E-2	 5.411177E-6
-1.840000E+1	 -6.565842E-10	 1.000110E-2	 5.374952E-6
-1.820000E+1	 -6.396609E-10	 1.000095E-2	 5.340803E-6
-1.800000E+1	 -6.167448E-10	 1.000096E-2	 5.305786E-6
-1.780000E+1	 -6.170827E-10	 1.000093E-2	 5.270183E-6
-1.760000E+1	 -6.053078E-10	 1.000095E-2	 5.234936E-6
-1.740000E+1	 -5.719681E-10	 1.000089E-2	 5.198520E-6
-1.720000E+1	 -5.676635E-10	 1.000106E-2	 5.162424E-6
-1.700000E+1	 -5.567753E-10	 1.000102E-2	 5.125576E-6
-1.680000E+1	 -5.485035E-10	 1.000095E-2	 5.090052E-6
-1.660000E+1	 -5.239839E-10	 1.000092E-2	 5.053026E-6
-1.640000E+1	 -5.106480E-10	 1.000090E-2	 5.016064E-6
-1.620000E+1	 -5.104789E-10	 1.000095E-2	 4.978021E-6
-1.600000E+1	 -4.762108E-10	 1.000083E-2	 4.940247E-6
-1.580000E+1	 -4.776458E-10	 1.000092E-2	 4.903362E-6
-1.560000E+1	 -4.741850E-10	 1.000097E-2	 4.864808E-6
-1.540000E+1	 -4.444325E-10	 1.000091E-2	 4.827657E-6
-1.520000E+1	 -4.499188E-10	 1.000097E-2	 4.790879E-6
-1.500000E+1	 -4.289440E-10	 1.000086E-2	 4.752172E-6
-1.480000E+1	 -4.026941E-10	 1.000101E-2	 4.712734E-6
-1.460000E+1	 -3.987695E-10	 1.000101E-2	 4.673069E-6
-1.440000E+1	 -3.710002E-10	 1.000094E-2	 4.635636E-6
-1.420000E+1	 -3.707047E-10	 1.000109E-2	 4.596381E-6
-1.400000E+1	 -3.708313E-10	 1.000100E-2	 4.554225E-6
-1.380000E+1	 -3.583395E-10	 1.000100E-2	 4.516122E-6
-1.360000E+1	 -3.216655E-10	 1.000084E-2	 4.475879E-6
-1.340000E+1	 -3.109883E-10	 1.000091E-2	 4.437385E-6
-1.320000E+1	 -3.157994E-10	 1.000101E-2	 4.396624E-6
-1.300000E+1	 -2.875238E-10	 1.000082E-2	 4.354608E-6
-1.280000E+1	 -2.872705E-10	 1.000104E-2	 4.315109E-6
-1.260000E+1	 -2.719933E-10	 1.000102E-2	 4.275027E-6
-1.240000E+1	 -2.665492E-10	 1.000107E-2	 4.232534E-6
-1.220000E+1	 -2.424938E-10	 1.000090E-2	 4.191588E-6
-1.200000E+1	 -2.309303E-10	 1.000096E-2	 4.148727E-6
-1.180000E+1	 -2.310569E-10	 1.000090E-2	 4.106607E-6
-1.160000E+1	 -2.198311E-10	 1.000101E-2	 4.064837E-6
-1.140000E+1	 -2.064951E-10	 1.000092E-2	 4.023545E-6
-1.120000E+1	 -1.924417E-10	 1.000100E-2	 3.979866E-6
-1.100000E+1	 -1.743378E-10	 1.000118E-2	 3.937470E-6
-1.080000E+1	 -1.641255E-10	 1.000104E-2	 3.894402E-6
-1.060000E+1	 -1.538709E-10	 1.000109E-2	 3.851546E-6
-1.040000E+1	 -1.528581E-10	 1.000093E-2	 3.809409E-6
-1.020000E+1	 -1.454309E-10	 1.000107E-2	 3.766436E-6
-1.000000E+1	 -1.162285E-10	 1.000105E-2	 3.721965E-6
-9.800000E+0	 -1.243309E-10	 1.000096E-2	 3.679440E-6
-9.599999E+0	 -9.394701E-11	 1.000096E-2	 3.636155E-6
-9.400000E+0	 -7.343788E-11	 1.000100E-2	 3.593430E-6
-9.200000E+0	 -9.377819E-11	 1.000094E-2	 3.550284E-6
-9.000000E+0	 -7.179202E-11	 1.000102E-2	 3.506140E-6
-8.800000E+0	 -6.162189E-11	 1.000103E-2	 3.463281E-6
-8.599999E+0	 -4.997466E-11	 1.000096E-2	 3.420523E-6
-8.400000E+0	 -2.604734E-11	 1.000100E-2	 3.373241E-6
-8.200000E+0	 -2.347317E-11	 1.000113E-2	 3.331361E-6
-8.000000E+0	 -1.490644E-11	 1.000107E-2	 3.288494E-6
-7.800000E+0	 1.450680E-11	 1.000100E-2	 3.245021E-6
-7.600000E+0	 5.138390E-12	 1.000100E-2	 3.201985E-6
-7.400000E+0	 1.113075E-11	 1.000112E-2	 3.158920E-6
-7.200000E+0	 4.244305E-11	 1.000090E-2	 3.117521E-6
-7.000000E+0	 4.636772E-11	 1.000100E-2	 3.075073E-6
-6.800000E+0	 5.366832E-11	 1.000105E-2	 3.031992E-6
-6.600000E+0	 6.573739E-11	 1.000099E-2	 2.991404E-6
-6.400000E+0	 7.464152E-11	 1.000101E-2	 2.951861E-6
-6.200000E+0	 9.215448E-11	 1.000097E-2	 2.911849E-6
-6.000000E+0	 9.287202E-11	 1.000102E-2	 2.873063E-6
-5.800000E+0	 1.165460E-10	 1.000099E-2	 2.834174E-6
-5.600000E+0	 1.048989E-10	 1.000102E-2	 2.797185E-6
-5.400000E+0	 1.192469E-10	 1.000107E-2	 2.760171E-6
-5.200000E+0	 1.376039E-10	 1.000099E-2	 2.724573E-6
-5.000000E+0	 1.909446E-10	 1.000096E-2	 2.691486E-6
-4.800000E+0	 1.673127E-10	 1.000099E-2	 2.657312E-6
-4.600000E+0	 1.601808E-10	 1.000099E-2	 2.626005E-6
-4.400000E+0	 1.822091E-10	 1.000114E-2	 2.595573E-6
-4.200000E+0	 1.868088E-10	 1.000107E-2	 2.566282E-6
-4.000000E+0	 2.029716E-10	 1.000110E-2	 2.539749E-6
-3.800000E+0	 2.087530E-10	 1.000103E-2	 2.514167E-6
-3.600000E+0	 2.177414E-10	 1.000103E-2	 2.489845E-6
-3.400000E+0	 2.235228E-10	 1.000107E-2	 2.467668E-6
-3.200000E+0	 2.596038E-10	 1.000122E-2	 2.447663E-6
-3.000000E+0	 2.370269E-10	 1.000108E-2	 2.430686E-6
-2.800000E+0	 2.616716E-10	 1.000094E-2	 2.414424E-6
-2.600000E+0	 2.632331E-10	 1.000101E-2	 2.400376E-6
-2.400000E+0	 2.927729E-10	 1.000107E-2	 2.388910E-6
-2.200000E+0	 2.997783E-10	 1.000109E-2	 2.379286E-6
-2.000000E+0	 3.020148E-10	 1.000099E-2	 2.373062E-6
-1.800000E+0	 3.377581E-10	 1.000113E-2	 2.368545E-6
-1.600000E+0	 3.121427E-10	 1.000089E-2	 2.366262E-6
-1.400000E+0	 3.413027E-10	 1.000097E-2	 2.367214E-6
-1.200000E+0	 3.423157E-10	 1.000104E-2	 2.370914E-6
-9.999996E-1	 3.667495E-10	 1.000098E-2	 2.376121E-6
-7.999997E-1	 3.875962E-10	 1.000088E-2	 2.384599E-6
-5.999997E-1	 3.829963E-10	 1.000110E-2	 2.395557E-6
-3.999996E-1	 3.949810E-10	 1.000091E-2	 2.408254E-6
-1.999996E-1	 4.102575E-10	 1.000105E-2	 2.424158E-6
3.725290E-7	 3.995808E-10	 1.000094E-2	 2.441968E-6
2.000004E-1	 4.263780E-10	 1.000107E-2	 2.460996E-6
4.000004E-1	 4.316954E-10	 1.000104E-2	 2.483541E-6
6.000004E-1	 4.388275E-10	 1.000109E-2	 2.508356E-6
8.000004E-1	 4.606869E-10	 1.000105E-2	 2.535112E-6
1.000000E+0	 4.642318E-10	 1.000095E-2	 2.564125E-6
1.200000E+0	 4.758787E-10	 1.000095E-2	 2.593796E-6
1.400000E+0	 4.713633E-10	 1.000113E-2	 2.625252E-6
1.600000E+0	 4.983711E-10	 1.000098E-2	 2.658669E-6
1.800000E+0	 5.063894E-10	 1.000110E-2	 2.692338E-6
2.000000E+0	 5.249995E-10	 1.000092E-2	 2.728934E-6
2.200000E+0	 5.230159E-10	 1.000097E-2	 2.766606E-6
2.400000E+0	 5.392212E-10	 1.000096E-2	 2.804414E-6
2.600000E+0	 5.510789E-10	 1.000097E-2	 2.844074E-6
2.800000E+0	 5.601522E-10	 1.000086E-2	 2.884310E-6
3.000000E+0	 5.942493E-10	 1.000105E-2	 2.926244E-6
3.200001E+0	 5.929839E-10	 1.000106E-2	 2.968956E-6
3.400000E+0	 5.937436E-10	 1.000109E-2	 3.010769E-6
3.600000E+0	 6.020990E-10	 1.000097E-2	 3.054496E-6
3.800000E+0	 6.091465E-10	 1.000094E-2	 3.097048E-6
4.000000E+0	 6.075422E-10	 1.000105E-2	 3.141213E-6
4.200000E+0	 6.280521E-10	 1.000091E-2	 3.185549E-6
4.400001E+0	 6.414284E-10	 1.000095E-2	 3.229166E-6
4.600000E+0	 6.529075E-10	 1.000091E-2	 3.274301E-6
4.800001E+0	 6.695338E-10	 1.000085E-2	 3.318532E-6
5.000000E+0	 6.743875E-10	 1.000095E-2	 3.360679E-6
5.200000E+0	 6.833757E-10	 1.000116E-2	 3.413168E-6
5.400001E+0	 6.944319E-10	 1.000110E-2	 3.454315E-6
5.600000E+0	 7.112278E-10	 1.000103E-2	 3.496575E-6
5.800001E+0	 7.170095E-10	 1.000103E-2	 3.548304E-6
6.000000E+0	 7.443123E-10	 1.000102E-2	 3.590600E-6
6.200000E+0	 7.439748E-10	 1.000103E-2	 3.633196E-6
6.400001E+0	 7.649061E-10	 1.000103E-2	 3.676943E-6
6.600000E+0	 7.568034E-10	 1.000109E-2	 3.720185E-6
6.800001E+0	 7.847822E-10	 1.000095E-2	 3.762890E-6
7.000000E+0	 7.806888E-10	 1.000100E-2	 3.803833E-6
7.200000E+0	 8.074860E-10	 1.000096E-2	 3.846957E-6
7.400001E+0	 8.195969E-10	 1.000100E-2	 3.888171E-6
7.600000E+0	 8.198926E-10	 1.000099E-2	 3.929538E-6
7.800001E+0	 8.197237E-10	 1.000112E-2	 3.971573E-6
8.000001E+0	 8.407818E-10	 1.000102E-2	 4.013792E-6
8.200001E+0	 8.342407E-10	 1.000100E-2	 4.053283E-6
8.400001E+0	 8.479977E-10	 1.000101E-2	 4.102539E-6
8.600000E+0	 8.532725E-10	 1.000114E-2	 4.141959E-6
8.800000E+0	 8.853870E-10	 1.000111E-2	 4.183182E-6
9.000001E+0	 8.902825E-10	 1.000103E-2	 4.222062E-6
9.200001E+0	 9.067407E-10	 1.000114E-2	 4.262769E-6
9.400001E+0	 9.060227E-10	 1.000105E-2	 4.302331E-6
9.600000E+0	 9.239159E-10	 1.000107E-2	 4.342831E-6
9.800000E+0	 9.382214E-10	 1.000115E-2	 4.383939E-6
1.000000E+1	 9.339587E-10	 1.000111E-2	 4.423692E-6
1.020000E+1	 9.663266E-10	 1.000100E-2	 4.461439E-6
1.040000E+1	 9.584346E-10	 1.000113E-2	 4.506614E-6
1.060000E+1	 9.755678E-10	 1.000110E-2	 4.545481E-6
1.080000E+1	 9.913929E-10	 1.000107E-2	 4.584148E-6
1.100000E+1	 9.991576E-10	 1.000112E-2	 4.621509E-6
1.120000E+1	 9.990315E-10	 1.000105E-2	 4.659222E-6
1.140000E+1	 1.018359E-9	 1.000100E-2	 4.696496E-6
1.160000E+1	 1.034901E-9	 1.000112E-2	 4.733639E-6
1.180000E+1	 1.030724E-9	 1.000113E-2	 4.770860E-6
1.200000E+1	 1.045452E-9	 1.000098E-2	 4.805249E-6
1.220000E+1	 1.053976E-9	 1.000108E-2	 4.842206E-6
1.240000E+1	 1.073303E-9	 1.000095E-2	 4.878112E-6
1.260000E+1	 1.070856E-9	 1.000094E-2	 4.912376E-6
1.280000E+1	 1.096049E-9	 1.000109E-2	 4.947320E-6
1.300000E+1	 1.095542E-9	 1.000105E-2	 4.981810E-6
1.320000E+1	 1.103518E-9	 1.000105E-2	 5.015477E-6
1.340000E+1	 1.127193E-9	 1.000095E-2	 5.050270E-6
1.360000E+1	 1.125969E-9	 1.000098E-2	 5.083989E-6
1.380000E+1	 1.133522E-9	 1.000116E-2	 5.117084E-6
1.400000E+1	 1.139135E-9	 1.000102E-2	 5.149735E-6
1.420000E+1	 1.161374E-9	 1.000103E-2	 5.181450E-6
1.440000E+1	 1.172220E-9	 1.000125E-2	 5.213333E-6
1.460000E+1	 1.177030E-9	 1.000101E-2	 5.245896E-6
1.480000E+1	 1.183488E-9	 1.000107E-2	 5.278090E-6
1.500000E+1	 1.189944E-9	 1.000104E-2	 5.308692E-6
1.520000E+1	 1.225941E-9	 1.000098E-2	 5.340160E-6
1.540000E+1	 1.215306E-9	 1.000086E-2	 5.370540E-6
1.560000E+1	 1.226194E-9	 1.000086E-2	 5.399864E-6
1.580000E+1	 1.241090E-9	 1.000097E-2	 5.429165E-6
1.600000E+1	 1.242989E-9	 1.000110E-2	 5.458335E-6
1.620000E+1	 1.276158E-9	 1.000101E-2	 5.488010E-6
1.640000E+1	 1.270968E-9	 1.000099E-2	 5.516775E-6
1.660000E+1	 1.281771E-9	 1.000107E-2	 5.546412E-6
1.680000E+1	 1.296287E-9	 1.000110E-2	 5.573458E-6
1.700000E+1	 1.295613E-9	 1.000099E-2	 5.601463E-6
1.720000E+1	 1.311733E-9	 1.000110E-2	 5.629583E-6
1.740000E+1	 1.321524E-9	 1.000091E-2	 5.656678E-6
1.760000E+1	 1.330427E-9	 1.000112E-2	 5.683161E-6
1.780000E+1	 1.319877E-9	 1.000093E-2	 5.710367E-6
1.800000E+1	 1.354946E-9	 1.000106E-2	 5.736943E-6
1.820000E+1	 1.356591E-9	 1.000100E-2	 5.764543E-6
1.840000E+1	 1.372333E-9	 1.000101E-2	 5.789644E-6
1.860000E+1	 1.394698E-9	 1.000122E-2	 5.816124E-6
1.880000E+1	 1.389127E-9	 1.000095E-2	 5.841451E-6
1.900000E+1	 1.411536E-9	 1.000097E-2	 5.867794E-6
1.920000E+1	 1.419215E-9	 1.000101E-2	 5.892848E-6
1.940000E+1	 1.411492E-9	 1.000106E-2	 5.917709E-6
1.960000E+1	 1.441962E-9	 1.000110E-2	 5.942405E-6
1.980000E+1	 1.453103E-9	 1.000095E-2	 5.964610E-6
2.000000E+1	 1.460699E-9	 1.000111E-2	 5.991086E-6
2.020000E+1	 1.464329E-9	 1.000093E-2	 6.014797E-6
2.040000E+1	 1.471754E-9	 1.000098E-2	 6.037634E-6
2.060000E+1	 1.484795E-9	 1.000091E-2	 6.059952E-6
2.080000E+1	 1.511467E-9	 1.000101E-2	 6.083104E-6
2.100000E+1	 1.509271E-9	 1.000099E-2	 6.106658E-6
2.120000E+1	 1.522100E-9	 1.000089E-2	 6.128952E-6
2.140000E+1	 1.521846E-9	 1.000107E-2	 6.151216E-6
2.160000E+1	 1.534043E-9	 1.000090E-2	 6.172706E-6
2.180000E+1	 1.547208E-9	 1.000087E-2	 6.195044E-6
2.200000E+1	 1.566494E-9	 1.000097E-2	 6.217511E-6
2.220000E+1	 1.576580E-9	 1.000096E-2	 6.237794E-6
2.240000E+1	 1.590337E-9	 1.000083E-2	 6.259149E-6
2.260000E+1	 1.585821E-9	 1.000093E-2	 6.281115E-6
2.280000E+1	 1.612830E-9	 1.000108E-2	 6.301458E-6
2.300000E+1	 1.616754E-9	 1.000116E-2	 6.323022E-6
2.320000E+1	 1.624603E-9	 1.000110E-2	 6.343114E-6
2.340000E+1	 1.634013E-9	 1.000091E-2	 6.363775E-6
2.360000E+1	 1.641737E-9	 1.000092E-2	 6.383344E-6
2.380000E+1	 1.647518E-9	 1.000099E-2	 6.403074E-6
2.400000E+1	 1.663512E-9	 1.000101E-2	 6.422365E-6
2.420000E+1	 1.666171E-9	 1.000098E-2	 6.441589E-6
2.440000E+1	 1.691195E-9	 1.000105E-2	 6.460410E-6
2.460000E+1	 1.698453E-9	 1.000094E-2	 6.479432E-6
2.480000E+1	 1.705710E-9	 1.000096E-2	 6.498080E-6
2.500000E+1	 1.713054E-9	 1.000104E-2	 6.517594E-6
2.480000E+1	 1.404446E-9	 1.000102E-2	 6.479165E-6
2.460000E+1	 1.317008E-9	 1.000108E-2	 6.444249E-6
2.440000E+1	 1.263287E-9	 1.000105E-2	 6.408760E-6
2.420000E+1	 1.199481E-9	 1.000109E-2	 6.376780E-6
2.400000E+1	 1.155466E-9	 1.000080E-2	 6.343459E-6
2.380000E+1	 1.125083E-9	 1.000100E-2	 6.310706E-6
2.360000E+1	 1.086385E-9	 1.000095E-2	 6.279286E-6
2.340000E+1	 1.023085E-9	 1.000106E-2	 6.247617E-6
2.320000E+1	 1.006965E-9	 1.000097E-2	 6.215798E-6
2.300000E+1	 9.717278E-10	 1.000114E-2	 6.183234E-6
2.280000E+1	 9.518092E-10	 1.000112E-2	 6.150926E-6
2.260000E+1	 9.177962E-10	 1.000089E-2	 6.118751E-6
2.240000E+1	 9.062756E-10	 1.000111E-2	 6.086168E-6
2.220000E+1	 8.705745E-10	 1.000108E-2	 6.053363E-6
2.200000E+1	 8.533155E-10	 1.000088E-2	 6.022329E-6
2.180000E+1	 8.321731E-10	 1.000094E-2	 5.988954E-6
2.160000E+1	 8.025483E-10	 1.000092E-2	 5.955676E-6
2.140000E+1	 7.916607E-10	 1.000087E-2	 5.924331E-6
2.120000E+1	 7.634716E-10	 1.000099E-2	 5.889522E-6
2.100000E+1	 7.378561E-10	 1.000090E-2	 5.856672E-6
2.080000E+1	 7.230012E-10	 1.000092E-2	 5.822048E-6
2.060000E+1	 6.906337E-10	 1.000096E-2	 5.788856E-6
2.040000E+1	 6.978926E-10	 1.000098E-2	 5.754821E-6
2.020000E+1	 6.664539E-10	 1.000088E-2	 5.720698E-6
2.000000E+1	 6.564948E-10	 1.000092E-2	 5.685695E-6
1.980000E+1	 6.307102E-10	 1.000112E-2	 5.650732E-6
1.960000E+1	 6.185986E-10	 1.000098E-2	 5.615417E-6
1.940000E+1	 6.139147E-10	 1.000101E-2	 5.581243E-6
1.920000E+1	 5.744156E-10	 1.000094E-2	 5.544164E-6
1.900000E+1	 5.798173E-10	 1.000103E-2	 5.509356E-6
1.880000E+1	 5.627684E-10	 1.000099E-2	 5.473224E-6
1.860000E+1	 5.383347E-10	 1.000095E-2	 5.436839E-6
1.840000E+1	 4.873995E-10	 1.000105E-2	 5.400312E-6
1.820000E+1	 5.059246E-10	 1.000113E-2	 5.363851E-6
1.800000E+1	 4.969788E-10	 1.000083E-2	 5.326810E-6
1.780000E+1	 4.707723E-10	 1.000113E-2	 5.288718E-6
1.760000E+1	 4.573532E-10	 1.000096E-2	 5.251236E-6
1.740000E+1	 4.412748E-10	 1.000105E-2	 5.213557E-6
1.720000E+1	 4.459593E-10	 1.000094E-2	 5.175649E-6
1.700000E+1	 4.236774E-10	 1.000101E-2	 5.137230E-6
1.680000E+1	 4.126633E-10	 1.000102E-2	 5.097503E-6
1.660000E+1	 3.877653E-10	 1.000091E-2	 5.057423E-6
1.640000E+1	 3.905502E-10	 1.000105E-2	 5.018123E-6
1.620000E+1	 3.697458E-10	 1.000086E-2	 4.976408E-6
1.600000E+1	 3.359436E-10	 1.000112E-2	 4.935668E-6
1.580000E+1	 3.389400E-10	 1.000091E-2	 4.895429E-6
1.560000E+1	 3.149702E-10	 1.000098E-2	 4.852917E-6
1.540000E+1	 3.205829E-10	 1.000100E-2	 4.812704E-6
1.520000E+1	 3.013395E-10	 1.000100E-2	 4.771437E-6
1.500000E+1	 3.017619E-10	 1.000105E-2	 4.723214E-6
1.480000E+1	 2.873293E-10	 1.000094E-2	 4.683095E-6
1.460000E+1	 2.629801E-10	 1.000100E-2	 4.640288E-6
1.440000E+1	 2.507002E-10	 1.000101E-2	 4.596547E-6
1.420000E+1	 2.344107E-10	 1.000095E-2	 4.552888E-6
1.400000E+1	 2.066431E-10	 1.000104E-2	 4.508839E-6
1.380000E+1	 2.063899E-10	 1.000101E-2	 4.466267E-6
1.360000E+1	 1.985830E-10	 1.000102E-2	 4.420353E-6
1.340000E+1	 1.914933E-10	 1.000085E-2	 4.375315E-6
1.320000E+1	 1.821671E-10	 1.000105E-2	 4.329655E-6
1.300000E+1	 1.501797E-10	 1.000102E-2	 4.283639E-6
1.280000E+1	 1.542309E-10	 1.000110E-2	 4.238523E-6
1.260000E+1	 1.305989E-10	 1.000095E-2	 4.192747E-6
1.240000E+1	 1.288266E-10	 1.000118E-2	 4.147496E-6
1.220000E+1	 1.162087E-10	 1.000102E-2	 4.099532E-6
1.200000E+1	 1.032110E-10	 1.000106E-2	 4.051657E-6
1.180000E+1	 8.109843E-11	 1.000118E-2	 4.005013E-6
1.160000E+1	 7.835532E-11	 1.000110E-2	 3.957383E-6
1.140000E+1	 7.489481E-11	 1.000106E-2	 3.909656E-6
1.120000E+1	 5.923861E-11	 1.000105E-2	 3.861009E-6
1.100000E+1	 3.303259E-11	 1.000102E-2	 3.812243E-6
1.080000E+1	 3.953134E-11	 1.000107E-2	 3.764454E-6
1.060000E+1	 2.256710E-11	 1.000115E-2	 3.715590E-6
1.040000E+1	 1.357847E-11	 1.000093E-2	 3.668338E-6
1.020000E+1	 1.611046E-11	 1.000110E-2	 3.621556E-6
1.000000E+1	 -1.448446E-11	 1.000113E-2	 3.572024E-6
9.800000E+0	 -1.334506E-11	 1.000105E-2	 3.524359E-6
9.600000E+0	 -3.938237E-11	 1.000110E-2	 3.476839E-6
9.400001E+0	 -4.018426E-11	 1.000108E-2	 3.428487E-6
9.200001E+0	 -4.706281E-11	 1.000115E-2	 3.382503E-6
9.000001E+0	 -6.985083E-11	 1.000117E-2	 3.336146E-6
8.800000E+0	 -9.166815E-11	 1.000102E-2	 3.291193E-6
8.600000E+0	 -1.050033E-10	 1.000105E-2	 3.245535E-6
8.400001E+0	 -9.871552E-11	 1.000107E-2	 3.201046E-6
8.200001E+0	 -1.119241E-10	 1.000104E-2	 3.157510E-6
8.000001E+0	 -1.353873E-10	 1.000118E-2	 3.114163E-6
7.800001E+0	 -1.388899E-10	 1.000102E-2	 3.072001E-6
7.600000E+0	 -1.420971E-10	 1.000098E-2	 3.029841E-6
7.400001E+0	 -1.580908E-10	 1.000078E-2	 2.989053E-6
7.200000E+0	 -1.577533E-10	 1.000058E-2	 2.949313E-6
7.000000E+0	 -1.785156E-10	 1.000103E-2	 2.910529E-6
6.800001E+0	 -1.965775E-10	 1.000102E-2	 2.873549E-6
6.600000E+0	 -2.046382E-10	 1.000115E-2	 2.835360E-6
6.400001E+0	 -2.061575E-10	 1.000097E-2	 2.798609E-6
6.200000E+0	 -2.195779E-10	 1.000094E-2	 2.763096E-6
6.000000E+0	 -2.359102E-10	 1.000093E-2	 2.727996E-6
5.800001E+0	 -2.313524E-10	 1.000104E-2	 2.694134E-6
5.600000E+0	 -2.677309E-10	 1.000108E-2	 2.661046E-6
5.400001E+0	 -2.672667E-10	 1.000112E-2	 2.628468E-6
5.200000E+0	 -2.763824E-10	 1.000110E-2	 2.598890E-6
5.000000E+0	 -2.656207E-10	 1.000101E-2	 2.570173E-6
4.800001E+0	 -3.040250E-10	 1.000098E-2	 2.543286E-6
4.600000E+0	 -3.056287E-10	 1.000104E-2	 2.517928E-6
4.400001E+0	 -3.241977E-10	 1.000108E-2	 2.493399E-6
4.200000E+0	 -3.207794E-10	 1.000093E-2	 2.471473E-6
4.000000E+0	 -3.245354E-10	 1.000108E-2	 2.450596E-6
3.800000E+0	 -3.700296E-10	 1.000111E-2	 2.431319E-6
3.600000E+0	 -3.668223E-10	 1.000095E-2	 2.414728E-6
3.400000E+0	 -3.784701E-10	 1.000103E-2	 2.399087E-6
3.200001E+0	 -3.827748E-10	 1.000103E-2	 2.385466E-6
3.000000E+0	 -4.038338E-10	 1.000100E-2	 2.373589E-6
2.800000E+0	 -3.931989E-10	 1.000103E-2	 2.363550E-6
2.600000E+0	 -4.145955E-10	 1.000123E-2	 2.354796E-6
2.400000E+0	 -4.246395E-10	 1.000092E-2	 2.348997E-6
2.200000E+0	 -4.747339E-10	 1.000126E-2	 2.344886E-6
2.000000E+0	 -4.508473E-10	 1.000119E-2	 2.343072E-6
1.800000E+0	 -4.597942E-10	 1.000112E-2	 2.342279E-6
1.600000E+0	 -4.746496E-10	 1.000122E-2	 2.344935E-6
1.400000E+0	 -4.627905E-10	 1.000112E-2	 2.348994E-6
1.200000E+0	 -5.029251E-10	 1.000100E-2	 2.355505E-6
1.000000E+0	 -4.919101E-10	 1.000092E-2	 2.363003E-6
8.000004E-1	 -5.019543E-10	 1.000116E-2	 2.372846E-6
6.000004E-1	 -5.235199E-10	 1.000100E-2	 2.385181E-6
4.000004E-1	 -5.286265E-10	 1.000117E-2	 2.399529E-6
2.000004E-1	 -5.272336E-10	 1.000111E-2	 2.414825E-6
3.725290E-7	 -5.550875E-10	 1.000094E-2	 2.432453E-6
-1.999996E-1	 -5.599827E-10	 1.000098E-2	 2.451445E-6
-3.999996E-1	 -6.048018E-10	 1.000109E-2	 2.473134E-6
-5.999997E-1	 -5.877941E-10	 1.000109E-2	 2.495182E-6
-7.999997E-1	 -6.001593E-10	 1.000125E-2	 2.519231E-6
-9.999996E-1	 -5.943777E-10	 1.000096E-2	 2.544826E-6
-1.200000E+0	 -6.049283E-10	 1.000103E-2	 2.571317E-6
-1.400000E+0	 -6.179266E-10	 1.000109E-2	 2.599710E-6
-1.600000E+0	 -6.427415E-10	 1.000104E-2	 2.628104E-6
-1.800000E+0	 -6.423619E-10	 1.000116E-2	 2.658283E-6
-2.000000E+0	 -6.673876E-10	 1.000098E-2	 2.689693E-6
-2.200000E+0	 -6.623655E-10	 1.000102E-2	 2.722037E-6
-2.400000E+0	 -6.791624E-10	 1.000104E-2	 2.754356E-6
-2.600000E+0	 -6.892488E-10	 1.000107E-2	 2.788477E-6
-2.800000E+0	 -6.896705E-10	 1.000102E-2	 2.822786E-6
-3.000000E+0	 -7.104340E-10	 1.000105E-2	 2.857678E-6
-3.200000E+0	 -7.197609E-10	 1.000099E-2	 2.892141E-6
-3.400000E+0	 -7.463062E-10	 1.000123E-2	 2.928924E-6
-3.600000E+0	 -7.497668E-10	 1.000096E-2	 2.966601E-6
-3.800000E+0	 -7.643691E-10	 1.000098E-2	 3.004031E-6
-4.000000E+0	 -7.522989E-10	 1.000109E-2	 3.041210E-6
-4.200000E+0	 -7.751306E-10	 1.000094E-2	 3.077932E-6
-4.400000E+0	 -7.860612E-10	 1.000096E-2	 3.115720E-6
-4.600000E+0	 -7.901123E-10	 1.000102E-2	 3.153652E-6
-4.800000E+0	 -8.046722E-10	 1.000103E-2	 3.191218E-6
-5.000000E+0	 -8.144631E-10	 1.000097E-2	 3.231050E-6
-5.200000E+0	 -8.307954E-10	 1.000110E-2	 3.269053E-6
-5.400000E+0	 -8.434566E-10	 1.000102E-2	 3.306523E-6
-5.600000E+0	 -8.467478E-10	 1.000107E-2	 3.345445E-6
-5.800000E+0	 -8.639665E-10	 1.000097E-2	 3.384824E-6
-6.000000E+0	 -8.689044E-10	 1.000105E-2	 3.422432E-6
-6.200000E+0	 -8.838862E-10	 1.000112E-2	 3.461781E-6
-6.400000E+0	 -8.802992E-10	 1.000109E-2	 3.499233E-6
-6.600000E+0	 -8.919467E-10	 1.000104E-2	 3.538247E-6
-6.800000E+0	 -9.078150E-10	 1.000101E-2	 3.574558E-6
-7.000000E+0	 -9.027084E-10	 1.000084E-2	 3.613069E-6
-7.200000E+0	 -9.341917E-10	 1.000104E-2	 3.651639E-6
-7.400000E+0	 -9.321233E-10	 1.000096E-2	 3.688675E-6
-7.600000E+0	 -9.557570E-10	 1.000112E-2	 3.726846E-6
-7.800000E+0	 -9.742418E-10	 1.000090E-2	 3.763034E-6
-8.000000E+0	 -9.779979E-10	 1.000105E-2	 3.799773E-6
-8.200000E+0	 -9.747904E-10	 1.000099E-2	 3.837161E-6
-8.400000E+0	 -9.820489E-10	 1.000104E-2	 3.873609E-6
-8.599999E+0	 -9.908273E-10	 1.000109E-2	 3.909949E-6
-8.800000E+0	 -1.022943E-9	 1.000105E-2	 3.947607E-6
-9.000000E+0	 -1.030286E-9	 1.000104E-2	 3.981639E-6
-9.200000E+0	 -1.045353E-9	 1.000090E-2	 4.017500E-6
-9.400000E+0	 -1.044762E-9	 1.000106E-2	 4.053085E-6
-9.599999E+0	 -1.077384E-9	 1.000107E-2	 4.087228E-6
-9.800000E+0	 -1.082955E-9	 1.000103E-2	 4.123325E-6
-1.000000E+1	 -1.073206E-9	 1.000104E-2	 4.158099E-6
-1.020000E+1	 -1.077089E-9	 1.000097E-2	 4.192867E-6
-1.040000E+1	 -1.092282E-9	 1.000096E-2	 4.225607E-6
-1.060000E+1	 -1.110682E-9	 1.000093E-2	 4.261103E-6
-1.080000E+1	 -1.109332E-9	 1.000104E-2	 4.294411E-6
-1.100000E+1	 -1.115494E-9	 1.000092E-2	 4.328337E-6
-1.120000E+1	 -1.143980E-9	 1.000091E-2	 4.362425E-6
-1.140000E+1	 -1.153813E-9	 1.000114E-2	 4.396685E-6
-1.160000E+1	 -1.155416E-9	 1.000069E-2	 4.429150E-6
-1.180000E+1	 -1.168626E-9	 1.000115E-2	 4.462331E-6
-1.200000E+1	 -1.170989E-9	 1.000117E-2	 4.495609E-6
-1.220000E+1	 -1.189770E-9	 1.000110E-2	 4.528627E-6
-1.240000E+1	 -1.204751E-9	 1.000114E-2	 4.560863E-6
-1.260000E+1	 -1.208803E-9	 1.000097E-2	 4.593771E-6
-1.280000E+1	 -1.220957E-9	 1.000103E-2	 4.625437E-6
-1.300000E+1	 -1.234926E-9	 1.000107E-2	 4.656951E-6
-1.320000E+1	 -1.236699E-9	 1.000108E-2	 4.688817E-6
-1.340000E+1	 -1.259994E-9	 1.000105E-2	 4.721447E-6
-1.360000E+1	 -1.256365E-9	 1.000112E-2	 4.751295E-6
-1.380000E+1	 -1.281306E-9	 1.000106E-2	 4.782784E-6
-1.400000E+1	 -1.293883E-9	 1.000110E-2	 4.812818E-6
-1.420000E+1	 -1.302450E-9	 1.000110E-2	 4.842422E-6
-1.440000E+1	 -1.313802E-9	 1.000110E-2	 4.873556E-6
-1.460000E+1	 -1.311229E-9	 1.000119E-2	 4.904452E-6
-1.480000E+1	 -1.328953E-9	 1.000117E-2	 4.934382E-6
-1.500000E+1	 -1.356849E-9	 1.000108E-2	 4.964710E-6
-1.520000E+1	 -1.355076E-9	 1.000114E-2	 4.994866E-6
-1.540000E+1	 -1.363474E-9	 1.000095E-2	 5.023376E-6
-1.560000E+1	 -1.378245E-9	 1.000115E-2	 5.053208E-6
-1.580000E+1	 -1.384238E-9	 1.000116E-2	 5.082140E-6
-1.600000E+1	 -1.402596E-9	 1.000108E-2	 5.110221E-6
-1.620000E+1	 -1.394367E-9	 1.000097E-2	 5.136855E-6
-1.640000E+1	 -1.407365E-9	 1.000114E-2	 5.166987E-6
-1.660000E+1	 -1.425258E-9	 1.000101E-2	 5.193519E-6
-1.680000E+1	 -1.437456E-9	 1.000086E-2	 5.222644E-6
-1.700000E+1	 -1.445178E-9	 1.000102E-2	 5.250051E-6
-1.720000E+1	 -1.457712E-9	 1.000111E-2	 5.278475E-6
-1.740000E+1	 -1.453366E-9	 1.000115E-2	 5.305304E-6
-1.760000E+1	 -1.483203E-9	 1.000121E-2	 5.333413E-6
-1.780000E+1	 -1.482274E-9	 1.000093E-2	 5.359551E-6
-1.800000E+1	 -1.488479E-9	 1.000104E-2	 5.386784E-6
-1.820000E+1	 -1.512533E-9	 1.000117E-2	 5.412243E-6
-1.840000E+1	 -1.510381E-9	 1.000102E-2	 5.439487E-6
-1.860000E+1	 -1.529751E-9	 1.000102E-2	 5.466564E-6
-1.880000E+1	 -1.524139E-9	 1.000103E-2	 5.491411E-6
-1.900000E+1	 -1.546210E-9	 1.000107E-2	 5.518169E-6
-1.920000E+1	 -1.561742E-9	 1.000111E-2	 5.545127E-6
-1.940000E+1	 -1.575373E-9	 1.000110E-2	 5.569330E-6
-1.960000E+1	 -1.568409E-9	 1.000108E-2	 5.596275E-6
-1.980000E+1	 -1.590186E-9	 1.000117E-2	 5.620122E-6
-2.000000E+1	 -1.597402E-9	 1.000120E-2	 5.645687E-6
-2.020000E+1	 -1.592802E-9	 1.000108E-2	 5.669766E-6
-2.040000E+1	 -1.631291E-9	 1.000092E-2	 5.695396E-6
-2.060000E+1	 -1.632136E-9	 1.000104E-2	 5.720869E-6
-2.080000E+1	 -1.622555E-9	 1.000073E-2	 5.745944E-6
-2.100000E+1	 -1.646611E-9	 1.000110E-2	 5.770789E-6
-2.120000E+1	 -1.658807E-9	 1.000118E-2	 5.793952E-6
-2.140000E+1	 -1.671299E-9	 1.000090E-2	 5.816948E-6
-2.160000E+1	 -1.678727E-9	 1.000104E-2	 5.842145E-6
-2.180000E+1	 -1.693287E-9	 1.000102E-2	 5.866738E-6
-2.200000E+1	 -1.718692E-9	 1.000109E-2	 5.889876E-6
-2.220000E+1	 -1.711560E-9	 1.000107E-2	 5.913370E-6
-2.240000E+1	 -1.719663E-9	 1.000100E-2	 5.936620E-6
-2.260000E+1	 -1.734391E-9	 1.000101E-2	 5.960346E-6
-2.280000E+1	 -1.740976E-9	 1.000108E-2	 5.982390E-6
-2.300000E+1	 -1.750260E-9	 1.000102E-2	 6.006625E-6
-2.320000E+1	 -1.761147E-9	 1.000118E-2	 6.029687E-6
-2.340000E+1	 -1.762795E-9	 1.000108E-2	 6.052499E-6
-2.360000E+1	 -1.782418E-9	 1.000116E-2	 6.074946E-6
-2.380000E+1	 -1.798075E-9	 1.000093E-2	 6.097651E-6
-2.400000E+1	 -1.797948E-9	 1.000095E-2	 6.119825E-6
-2.420000E+1	 -1.818838E-9	 1.000108E-2	 6.140516E-6
-2.440000E+1	 -1.836564E-9	 1.000114E-2	 6.162873E-6
-2.460000E+1	 -1.827321E-9	 1.000098E-2	 6.185063E-6
-2.480000E+1	 -1.856568E-9	 1.000100E-2	 6.205627E-6
-2.500000E+1	 -1.850997E-9	 1.000097E-2	 6.228248E-6
