-1.000000E+1	 -1.008721E-9	 1.000073E-2	 6.023349E-6
-9.800000E+0	 -8.527829E-10	 1.000081E-2	 5.987807E-6
-9.600000E+0	 -7.387524E-10	 1.000081E-2	 5.952793E-6
-9.400000E+0	 -6.822855E-10	 1.000090E-2	 5.914494E-6
-9.200000E+0	 -6.283087E-10	 1.000100E-2	 5.879044E-6
-9.000000E+0	 -5.688452E-10	 1.000093E-2	 5.847174E-6
-8.800000E+0	 -5.324247E-10	 1.000091E-2	 5.813793E-6
-8.600000E+0	 -4.941048E-10	 1.000099E-2	 5.779962E-6
-8.400000E+0	 -4.470069E-10	 1.000091E-2	 5.746543E-6
-8.200000E+0	 -4.191953E-10	 1.000075E-2	 5.713712E-6
-8.000000E+0	 -3.742076E-10	 1.000107E-2	 5.681311E-6
-7.800000E+0	 -3.514606E-10	 1.000084E-2	 5.650808E-6
-7.600000E+0	 -3.176563E-10	 1.000089E-2	 5.618123E-6
-7.400000E+0	 -2.929680E-10	 1.000094E-2	 5.588786E-6
-7.200000E+0	 -2.683217E-10	 1.000093E-2	 5.558755E-6
-7.000000E+0	 -2.446883E-10	 1.000094E-2	 5.525666E-6
-6.800000E+0	 -2.099557E-10	 1.000101E-2	 5.495592E-6
-6.600000E+0	 -1.946784E-10	 1.000089E-2	 5.464991E-6
-6.400000E+0	 -1.660666E-10	 1.000089E-2	 5.436264E-6
-6.200000E+0	 -1.498619E-10	 1.000087E-2	 5.404072E-6
-6.000000E+0	 -1.277491E-10	 1.000101E-2	 5.373996E-6
-5.800000E+0	 -1.013320E-10	 1.000102E-2	 5.343977E-6
-5.600000E+0	 -7.065266E-11	 1.000099E-2	 5.316449E-6
-5.400000E+0	 -6.731883E-11	 1.000085E-2	 5.285577E-6
-5.200000E+0	 -5.288638E-11	 1.000094E-2	 5.256339E-6
-5.000000E+0	 -3.263044E-11	 1.000093E-2	 5.226488E-6
-4.800000E+0	 -6.972881E-12	 1.000088E-2	 5.197340E-6
-4.600000E+0	 -5.749179E-12	 1.000090E-2	 5.170767E-6
-4.400000E+0	 3.147113E-11	 1.000103E-2	 5.140400E-6
-4.200000E+0	 3.948922E-11	 1.000090E-2	 5.112958E-6
-4.000000E+0	 5.725539E-11	 1.000093E-2	 5.084670E-6
-3.800000E+0	 7.253173E-11	 1.000081E-2	 5.056087E-6
-3.600000E+0	 9.249240E-11	 1.000094E-2	 5.028000E-6
-3.400000E+0	 1.120307E-10	 1.000101E-2	 4.998988E-6
-3.200000E+0	 1.251551E-10	 1.000098E-2	 4.969264E-6
-3.000000E+0	 1.331308E-10	 1.000089E-2	 4.941872E-6
-2.800000E+0	 1.489557E-10	 1.000096E-2	 4.912566E-6
-2.600000E+0	 1.594213E-10	 1.000093E-2	 4.886747E-6
-2.400000E+0	 1.703933E-10	 1.000076E-2	 4.854254E-6
-2.200000E+0	 1.928016E-10	 1.000097E-2	 4.826756E-6
-2.000000E+0	 2.137326E-10	 1.000100E-2	 4.799493E-6
-1.800000E+0	 2.282916E-10	 1.000089E-2	 4.771154E-6
-1.600000E+0	 2.452558E-10	 1.000102E-2	 4.743326E-6
-1.400000E+0	 2.485477E-10	 1.000100E-2	 4.717820E-6
-1.200000E+0	 2.697740E-10	 1.000095E-2	 4.687581E-6
-9.999999E-1	 2.690988E-10	 1.000101E-2	 4.662105E-6
-7.999998E-1	 2.772857E-10	 1.000091E-2	 4.632468E-6
-5.999998E-1	 3.007488E-10	 1.000101E-2	 4.605747E-6
-3.999999E-1	 3.168694E-10	 1.000102E-2	 4.575752E-6
-1.999999E-1	 3.324833E-10	 1.000113E-2	 4.549403E-6
1.490116E-7	 3.320190E-10	 1.000093E-2	 4.522526E-6
2.000002E-1	 3.396154E-10	 1.000110E-2	 4.494232E-6
4.000002E-1	 3.644289E-10	 1.000115E-2	 4.465911E-6
6.000001E-1	 3.771732E-10	 1.000086E-2	 4.439602E-6
8.000002E-1	 3.916900E-10	 1.000092E-2	 4.412243E-6
1.000000E+0	 3.948550E-10	 1.000099E-2	 4.384119E-6
1.200000E+0	 4.103848E-10	 1.000110E-2	 4.357545E-6
1.400000E+0	 4.308094E-10	 1.000093E-2	 4.329958E-6
1.600000E+0	 4.208083E-10	 1.000102E-2	 4.303988E-6
1.800000E+0	 4.442711E-10	 1.000084E-2	 4.277756E-6
2.000000E+0	 4.574797E-10	 1.000094E-2	 4.251464E-6
2.200000E+0	 4.765119E-10	 1.000107E-2	 4.220609E-6
2.400000E+0	 4.789171E-10	 1.000094E-2	 4.193496E-6
2.600000E+0	 5.072757E-10	 1.000086E-2	 4.168050E-6
2.800000E+0	 5.139433E-10	 1.000103E-2	 4.141654E-6
3.000000E+0	 5.127616E-10	 1.000104E-2	 4.113944E-6
3.200000E+0	 5.299796E-10	 1.000092E-2	 4.087242E-6
3.400000E+0	 5.365201E-10	 1.000094E-2	 4.063978E-6
3.600000E+0	 5.539911E-10	 1.000103E-2	 4.039527E-6
3.800000E+0	 5.656805E-10	 1.000092E-2	 4.016173E-6
4.000000E+0	 5.815054E-10	 1.000104E-2	 3.989710E-6
4.200000E+0	 5.957270E-10	 1.000099E-2	 3.964584E-6
4.400000E+0	 5.970352E-10	 1.000105E-2	 3.940302E-6
4.600000E+0	 6.063192E-10	 1.000101E-2	 3.911889E-6
4.800000E+0	 6.200340E-10	 1.000116E-2	 3.886660E-6
5.000000E+0	 6.248023E-10	 1.000106E-2	 3.861470E-6
5.200000E+0	 6.380533E-10	 1.000088E-2	 3.834696E-6
5.400000E+0	 6.528659E-10	 1.000094E-2	 3.810918E-6
5.600000E+0	 6.689439E-10	 1.000102E-2	 3.786192E-6
5.800000E+0	 6.866677E-10	 1.000094E-2	 3.758273E-6
6.000000E+0	 6.788184E-10	 1.000096E-2	 3.732834E-6
6.200000E+0	 6.972598E-10	 1.000099E-2	 3.710054E-6
6.400000E+0	 6.974288E-10	 1.000095E-2	 3.682700E-6
6.600000E+0	 7.077253E-10	 1.000096E-2	 3.658316E-6
6.800000E+0	 7.146040E-10	 1.000101E-2	 3.630093E-6
7.000000E+0	 7.371388E-10	 1.000098E-2	 3.604702E-6
7.200000E+0	 7.545250E-10	 1.000099E-2	 3.578693E-6
7.400000E+0	 7.616150E-10	 1.000108E-2	 3.551840E-6
7.600000E+0	 7.752031E-10	 1.000097E-2	 3.523762E-6
7.800000E+0	 7.809848E-10	 1.000104E-2	 3.496978E-6
8.000000E+0	 7.870198E-10	 1.000099E-2	 3.470256E-6
8.200000E+0	 8.168549E-10	 1.000102E-2	 3.442334E-6
8.400001E+0	 8.127191E-10	 1.000108E-2	 3.410188E-6
8.600000E+0	 8.239438E-10	 1.000090E-2	 3.381260E-6
8.800000E+0	 8.497706E-10	 1.000107E-2	 3.352933E-6
9.000000E+0	 8.503611E-10	 1.000095E-2	 3.325371E-6
9.200001E+0	 8.734869E-10	 1.000092E-2	 3.296894E-6
9.400001E+0	 8.847962E-10	 1.000100E-2	 3.270158E-6
9.600000E+0	 8.801969E-10	 1.000107E-2	 3.241421E-6
9.800000E+0	 9.045878E-10	 1.000094E-2	 3.213387E-6
1.000000E+1	 9.111286E-10	 1.000108E-2	 3.186415E-6
1.020000E+1	 9.110454E-10	 1.000087E-2	 3.157473E-6
1.040000E+1	 9.323985E-10	 1.000088E-2	 3.129559E-6
1.060000E+1	 9.419773E-10	 1.000111E-2	 3.101115E-6
1.080000E+1	 9.402472E-10	 1.000094E-2	 3.072946E-6
1.100000E+1	 9.556921E-10	 1.000102E-2	 3.044690E-6
1.120000E+1	 9.630349E-10	 1.000107E-2	 3.016735E-6
1.140000E+1	 9.791976E-10	 1.000097E-2	 2.987629E-6
1.160000E+1	 9.950653E-10	 1.000103E-2	 2.962383E-6
1.180000E+1	 9.935039E-10	 1.000102E-2	 2.927006E-6
1.200000E+1	 1.001943E-9	 1.000105E-2	 2.900794E-6
1.220000E+1	 1.027433E-9	 1.000109E-2	 2.872040E-6
1.240000E+1	 1.049165E-9	 1.000084E-2	 2.842995E-6
1.260000E+1	 1.046422E-9	 1.000094E-2	 2.816733E-6
1.280000E+1	 1.050685E-9	 1.000090E-2	 2.789890E-6
1.300000E+1	 9.716441E-10	 1.000095E-2	 2.760119E-6
1.320000E+1	 1.079676E-9	 1.000099E-2	 2.736215E-6
1.340000E+1	 1.091576E-9	 1.000101E-2	 2.701407E-6
1.360000E+1	 1.104658E-9	 1.000091E-2	 2.674786E-6
1.380000E+1	 1.130147E-9	 1.000092E-2	 2.647094E-6
1.400000E+1	 1.134156E-9	 1.000089E-2	 2.622094E-6
1.420000E+1	 1.133649E-9	 1.000085E-2	 2.594612E-6
1.440000E+1	 1.144833E-9	 1.000080E-2	 2.565707E-6
1.460000E+1	 1.162050E-9	 1.000104E-2	 2.539371E-6
1.480000E+1	 1.149559E-9	 1.000092E-2	 2.513091E-6
1.500000E+1	 1.180196E-9	 1.000087E-2	 2.487979E-6
1.520000E+1	 1.186358E-9	 1.000090E-2	 2.461188E-6
1.540000E+1	 1.182095E-9	 1.000081E-2	 2.434673E-6
1.560000E+1	 1.197583E-9	 1.000099E-2	 2.408865E-6
1.580000E+1	 1.212605E-9	 1.000101E-2	 2.381641E-6
1.600000E+1	 1.221468E-9	 1.000094E-2	 2.356053E-6
1.620000E+1	 1.221805E-9	 1.000091E-2	 2.329898E-6
1.640000E+1	 1.252569E-9	 1.000090E-2	 2.305314E-6
1.660000E+1	 1.258055E-9	 1.000099E-2	 2.278205E-6
1.680000E+1	 1.258942E-9	 1.000107E-2	 2.252471E-6
1.700000E+1	 1.277720E-9	 1.000095E-2	 2.227243E-6
1.720000E+1	 1.279282E-9	 1.000091E-2	 2.202006E-6
1.740000E+1	 1.287426E-9	 1.000094E-2	 2.176035E-6
1.760000E+1	 1.305657E-9	 1.000085E-2	 2.152217E-6
1.780000E+1	 1.323296E-9	 1.000094E-2	 2.127434E-6
1.800000E+1	 1.320891E-9	 1.000099E-2	 2.101539E-6
1.820000E+1	 1.330470E-9	 1.000109E-2	 2.077855E-6
1.840000E+1	 1.339627E-9	 1.000108E-2	 2.053204E-6
1.860000E+1	 1.354059E-9	 1.000118E-2	 2.028300E-6
1.880000E+1	 1.363386E-9	 1.000096E-2	 2.003918E-6
1.900000E+1	 1.384318E-9	 1.000106E-2	 1.980119E-6
1.920000E+1	 1.398539E-9	 1.000095E-2	 1.956902E-6
1.940000E+1	 1.411452E-9	 1.000100E-2	 1.933636E-6
1.960000E+1	 1.405882E-9	 1.000093E-2	 1.910400E-6
1.980000E+1	 1.413520E-9	 1.000106E-2	 1.888419E-6
2.000000E+1	 1.430104E-9	 1.000094E-2	 1.865271E-6
2.020000E+1	 1.432004E-9	 1.000101E-2	 1.843568E-6
2.040000E+1	 1.440232E-9	 1.000092E-2	 1.821217E-6
2.060000E+1	 1.451711E-9	 1.000092E-2	 1.799260E-6
2.080000E+1	 1.478845E-9	 1.000100E-2	 1.779513E-6
2.100000E+1	 1.486062E-9	 1.000098E-2	 1.751393E-6
2.120000E+1	 1.497624E-9	 1.000100E-2	 1.732067E-6
2.140000E+1	 1.510707E-9	 1.000095E-2	 1.711103E-6
2.160000E+1	 1.516235E-9	 1.000095E-2	 1.690926E-6
2.180000E+1	 1.524547E-9	 1.000096E-2	 1.670948E-6
2.200000E+1	 1.530414E-9	 1.000086E-2	 1.651144E-6
2.220000E+1	 1.537250E-9	 1.000088E-2	 1.631215E-6
2.240000E+1	 1.545733E-9	 1.000090E-2	 1.612441E-6
2.260000E+1	 1.553499E-9	 1.000090E-2	 1.593269E-6
2.280000E+1	 1.573416E-9	 1.000094E-2	 1.574532E-6
2.300000E+1	 1.589493E-9	 1.000100E-2	 1.556446E-6
2.320000E+1	 1.592828E-9	 1.000085E-2	 1.538575E-6
2.340000E+1	 1.605487E-9	 1.000091E-2	 1.521224E-6
2.360000E+1	 1.621314E-9	 1.000089E-2	 1.503938E-6
2.380000E+1	 1.634056E-9	 1.000097E-2	 1.486700E-6
2.400000E+1	 1.638910E-9	 1.000097E-2	 1.469606E-6
2.420000E+1	 1.644439E-9	 1.000112E-2	 1.454331E-6
2.440000E+1	 1.657182E-9	 1.000099E-2	 1.438070E-6
2.460000E+1	 1.673893E-9	 1.000100E-2	 1.422189E-6
2.480000E+1	 1.665370E-9	 1.000091E-2	 1.407024E-6
2.500000E+1	 1.680012E-9	 1.000094E-2	 1.392339E-6
2.520000E+1	 1.700438E-9	 1.000088E-2	 1.377890E-6
2.540000E+1	 1.711789E-9	 1.000097E-2	 1.364256E-6
2.560000E+1	 1.718119E-9	 1.000089E-2	 1.350814E-6
2.580000E+1	 1.710861E-9	 1.000093E-2	 1.337009E-6
2.600000E+1	 1.725631E-9	 1.000110E-2	 1.324078E-6
2.620000E+1	 1.749431E-9	 1.000086E-2	 1.311815E-6
2.640000E+1	 1.757787E-9	 1.000102E-2	 1.299244E-6
2.660000E+1	 1.759476E-9	 1.000108E-2	 1.287384E-6
2.680000E+1	 1.771924E-9	 1.000088E-2	 1.276085E-6
2.700000E+1	 1.788425E-9	 1.000091E-2	 1.264163E-6
2.720000E+1	 1.790788E-9	 1.000096E-2	 1.254489E-6
2.740000E+1	 1.798721E-9	 1.000082E-2	 1.244130E-6
2.760000E+1	 1.815474E-9	 1.000092E-2	 1.233776E-6
2.780000E+1	 1.831298E-9	 1.000095E-2	 1.223856E-6
2.800000E+1	 1.841807E-9	 1.000105E-2	 1.215239E-6
2.820000E+1	 1.849658E-9	 1.000085E-2	 1.206253E-6
2.840000E+1	 1.849741E-9	 1.000113E-2	 1.198165E-6
2.860000E+1	 1.862908E-9	 1.000087E-2	 1.190492E-6
2.880000E+1	 1.881601E-9	 1.000091E-2	 1.182754E-6
2.900000E+1	 1.889493E-9	 1.000102E-2	 1.175179E-6
2.920000E+1	 1.882232E-9	 1.000096E-2	 1.168369E-6
2.940000E+1	 1.912872E-9	 1.000095E-2	 1.161962E-6
2.960000E+1	 1.916923E-9	 1.000095E-2	 1.155912E-6
2.980000E+1	 1.928147E-9	 1.000099E-2	 1.150116E-6
3.000000E+1	 1.931439E-9	 1.000091E-2	 1.143980E-6
3.020000E+1	 1.952878E-9	 1.000082E-2	 1.139204E-6
3.040000E+1	 1.951781E-9	 1.000092E-2	 1.133872E-6
3.060000E+1	 1.965622E-9	 1.000091E-2	 1.129935E-6
3.080000E+1	 1.982376E-9	 1.000093E-2	 1.125760E-6
3.100000E+1	 1.988114E-9	 1.000109E-2	 1.122291E-6
3.120000E+1	 1.994233E-9	 1.000082E-2	 1.118393E-6
3.140000E+1	 2.003981E-9	 1.000125E-2	 1.115147E-6
3.160000E+1	 2.026517E-9	 1.000103E-2	 1.112722E-6
3.180000E+1	 2.026601E-9	 1.000095E-2	 1.110473E-6
3.200000E+1	 2.037658E-9	 1.000084E-2	 1.108438E-6
3.220000E+1	 2.052764E-9	 1.000080E-2	 1.106141E-6
3.240000E+1	 2.059475E-9	 1.000094E-2	 1.104904E-6
3.260000E+1	 2.066184E-9	 1.000089E-2	 1.103750E-6
3.280000E+1	 2.077240E-9	 1.000093E-2	 1.103257E-6
3.300000E+1	 2.094586E-9	 1.000096E-2	 1.102612E-6
3.320000E+1	 2.103068E-9	 1.000092E-2	 1.101886E-6
3.340000E+1	 2.119735E-9	 1.000102E-2	 1.102377E-6
3.360000E+1	 2.131088E-9	 1.000097E-2	 1.102591E-6
3.380000E+1	 2.143115E-9	 1.000094E-2	 1.102517E-6
3.400000E+1	 2.143704E-9	 1.000086E-2	 1.103023E-6
3.420000E+1	 2.168224E-9	 1.000102E-2	 1.104479E-6
3.440000E+1	 2.169491E-9	 1.000085E-2	 1.105922E-6
3.460000E+1	 2.173287E-9	 1.000096E-2	 1.107053E-6
3.480000E+1	 2.188438E-9	 1.000099E-2	 1.108695E-6
3.500000E+1	 2.184091E-9	 1.000088E-2	 1.109751E-6
3.520000E+1	 2.207681E-9	 1.000082E-2	 1.112873E-6
3.540000E+1	 2.215234E-9	 1.000089E-2	 1.113975E-6
3.560000E+1	 2.232451E-9	 1.000080E-2	 1.117105E-6
3.580000E+1	 2.241482E-9	 1.000097E-2	 1.119807E-6
3.600000E+1	 2.244985E-9	 1.000107E-2	 1.122866E-6
3.620000E+1	 2.259080E-9	 1.000091E-2	 1.125773E-6
3.640000E+1	 2.270347E-9	 1.000072E-2	 1.129145E-6
3.660000E+1	 2.273934E-9	 1.000089E-2	 1.132961E-6
3.680000E+1	 2.291659E-9	 1.000099E-2	 1.136436E-6
3.700000E+1	 2.296386E-9	 1.000110E-2	 1.140132E-6
3.720000E+1	 2.303264E-9	 1.000091E-2	 1.144367E-6
3.740000E+1	 2.322465E-9	 1.000102E-2	 1.148677E-6
3.760000E+1	 2.329258E-9	 1.000108E-2	 1.152620E-6
3.780000E+1	 2.332762E-9	 1.000102E-2	 1.157519E-6
3.800000E+1	 2.347193E-9	 1.000093E-2	 1.161788E-6
3.820000E+1	 2.355508E-9	 1.000088E-2	 1.166222E-6
3.840000E+1	 2.360866E-9	 1.000094E-2	 1.170953E-6
3.860000E+1	 2.370614E-9	 1.000091E-2	 1.175860E-6
3.880000E+1	 2.387073E-9	 1.000099E-2	 1.181496E-6
3.900000E+1	 2.391334E-9	 1.000099E-2	 1.186358E-6
3.920000E+1	 2.396820E-9	 1.000102E-2	 1.191537E-6
3.940000E+1	 2.413659E-9	 1.000091E-2	 1.196683E-6
3.960000E+1	 2.431172E-9	 1.000102E-2	 1.202673E-6
3.980000E+1	 2.433198E-9	 1.000095E-2	 1.207989E-6
4.000000E+1	 2.451006E-9	 1.000109E-2	 1.213115E-6
4.020000E+1	 2.460416E-9	 1.000080E-2	 1.218774E-6
4.040000E+1	 2.469827E-9	 1.000094E-2	 1.224540E-6
4.060000E+1	 2.475440E-9	 1.000075E-2	 1.230763E-6
4.080000E+1	 2.486075E-9	 1.000090E-2	 1.235847E-6
4.100000E+1	 2.502575E-9	 1.000093E-2	 1.241630E-6
4.120000E+1	 2.504725E-9	 1.000086E-2	 1.247332E-6
4.140000E+1	 2.517681E-9	 1.000095E-2	 1.253198E-6
4.160000E+1	 2.531312E-9	 1.000095E-2	 1.259470E-6
4.180000E+1	 2.544478E-9	 1.000098E-2	 1.265615E-6
4.200000E+1	 2.544395E-9	 1.000100E-2	 1.272333E-6
4.220000E+1	 2.562879E-9	 1.000101E-2	 1.278209E-6
4.240000E+1	 2.575874E-9	 1.000087E-2	 1.284690E-6
4.260000E+1	 2.569545E-9	 1.000111E-2	 1.290573E-6
4.280000E+1	 2.593852E-9	 1.000100E-2	 1.297001E-6
4.300000E+1	 2.598790E-9	 1.000102E-2	 1.302193E-6
4.320000E+1	 2.599041E-9	 1.000124E-2	 1.308297E-6
4.340000E+1	 2.620100E-9	 1.000102E-2	 1.314871E-6
4.360000E+1	 2.625206E-9	 1.000101E-2	 1.321339E-6
4.380000E+1	 2.643311E-9	 1.000103E-2	 1.327094E-6
4.400000E+1	 2.654873E-9	 1.000099E-2	 1.333647E-6
4.420000E+1	 2.655212E-9	 1.000100E-2	 1.340122E-6
4.440000E+1	 2.674456E-9	 1.000078E-2	 1.346000E-6
4.460000E+1	 2.671838E-9	 1.000089E-2	 1.352399E-6
4.480000E+1	 2.706105E-9	 1.000093E-2	 1.357796E-6
4.500000E+1	 2.697538E-9	 1.000091E-2	 1.363718E-6
4.480000E+1	 2.405261E-9	 1.000096E-2	 1.341990E-6
4.460000E+1	 2.323056E-9	 1.000107E-2	 1.321766E-6
4.440000E+1	 2.254945E-9	 1.000113E-2	 1.302177E-6
4.420000E+1	 2.192278E-9	 1.000094E-2	 1.283190E-6
4.400000E+1	 2.161556E-9	 1.000098E-2	 1.265050E-6
4.380000E+1	 2.114123E-9	 1.000086E-2	 1.248552E-6
4.360000E+1	 2.063019E-9	 1.000101E-2	 1.231738E-6
4.340000E+1	 2.054326E-9	 1.000097E-2	 1.217167E-6
4.320000E+1	 2.018836E-9	 1.000096E-2	 1.202171E-6
4.300000E+1	 1.968872E-9	 1.000099E-2	 1.187768E-6
4.280000E+1	 1.949079E-9	 1.000092E-2	 1.174044E-6
4.260000E+1	 1.926504E-9	 1.000091E-2	 1.161554E-6
4.240000E+1	 1.895444E-9	 1.000090E-2	 1.149442E-6
4.220000E+1	 1.877805E-9	 1.000112E-2	 1.137505E-6
4.200000E+1	 1.856957E-9	 1.000101E-2	 1.126653E-6
4.180000E+1	 1.828262E-9	 1.000112E-2	 1.117270E-6
4.160000E+1	 1.803152E-9	 1.000100E-2	 1.108162E-6
4.140000E+1	 1.789225E-9	 1.000099E-2	 1.100457E-6
4.120000E+1	 1.772979E-9	 1.000092E-2	 1.093066E-6
4.100000E+1	 1.738923E-9	 1.000111E-2	 1.086272E-6
4.080000E+1	 1.732721E-9	 1.000107E-2	 1.080257E-6
4.060000E+1	 1.713730E-9	 1.000087E-2	 1.075680E-6
4.040000E+1	 1.687862E-9	 1.000095E-2	 1.071814E-6
4.020000E+1	 1.683641E-9	 1.000096E-2	 1.068576E-6
4.000000E+1	 1.658955E-9	 1.000108E-2	 1.066882E-6
3.980000E+1	 1.640513E-9	 1.000103E-2	 1.065883E-6
3.960000E+1	 1.624140E-9	 1.000107E-2	 1.066205E-6
3.940000E+1	 1.597638E-9	 1.000107E-2	 1.066805E-6
3.920000E+1	 1.594515E-9	 1.000092E-2	 1.068416E-6
3.900000E+1	 1.580675E-9	 1.000085E-2	 1.071357E-6
3.880000E+1	 1.561304E-9	 1.000104E-2	 1.075436E-6
3.860000E+1	 1.550965E-9	 1.000087E-2	 1.079607E-6
3.840000E+1	 1.530667E-9	 1.000082E-2	 1.086852E-6
3.820000E+1	 1.516108E-9	 1.000097E-2	 1.093114E-6
3.800000E+1	 1.494037E-9	 1.000106E-2	 1.099959E-6
3.780000E+1	 1.489859E-9	 1.000092E-2	 1.109965E-6
3.760000E+1	 1.465003E-9	 1.000099E-2	 1.119334E-6
3.740000E+1	 1.441035E-9	 1.000089E-2	 1.129412E-6
3.720000E+1	 1.443229E-9	 1.000099E-2	 1.139882E-6
3.700000E+1	 1.424112E-9	 1.000091E-2	 1.151328E-6
3.680000E+1	 1.412760E-9	 1.000114E-2	 1.163287E-6
3.660000E+1	 1.395036E-9	 1.000107E-2	 1.176779E-6
3.640000E+1	 1.382165E-9	 1.000091E-2	 1.189884E-6
3.620000E+1	 1.394741E-9	 1.000094E-2	 1.207979E-6
3.600000E+1	 1.369336E-9	 1.000091E-2	 1.222880E-6
3.580000E+1	 1.330724E-9	 1.000094E-2	 1.237782E-6
3.560000E+1	 1.331483E-9	 1.000099E-2	 1.253863E-6
3.540000E+1	 1.319751E-9	 1.000099E-2	 1.270920E-6
3.520000E+1	 1.308358E-9	 1.000088E-2	 1.288693E-6
3.500000E+1	 1.303420E-9	 1.000091E-2	 1.307408E-6
3.480000E+1	 1.271348E-9	 1.000092E-2	 1.325870E-6
3.460000E+1	 1.255566E-9	 1.000077E-2	 1.345510E-6
3.440000E+1	 1.260419E-9	 1.000079E-2	 1.365815E-6
3.420000E+1	 1.239487E-9	 1.000097E-2	 1.385952E-6
3.400000E+1	 1.224422E-9	 1.000100E-2	 1.406871E-6
3.380000E+1	 1.218809E-9	 1.000087E-2	 1.429101E-6
3.360000E+1	 1.209694E-9	 1.000099E-2	 1.450411E-6
3.340000E+1	 1.208555E-9	 1.000087E-2	 1.472671E-6
3.320000E+1	 1.194460E-9	 1.000108E-2	 1.495120E-6
3.300000E+1	 1.174457E-9	 1.000096E-2	 1.518596E-6
3.280000E+1	 1.174162E-9	 1.000092E-2	 1.543369E-6
3.260000E+1	 1.151670E-9	 1.000091E-2	 1.566396E-6
3.240000E+1	 1.129598E-9	 1.000088E-2	 1.590638E-6
3.220000E+1	 1.143989E-9	 1.000111E-2	 1.616064E-6
3.200000E+1	 1.104700E-9	 1.000094E-2	 1.641535E-6
3.180000E+1	 1.112972E-9	 1.000091E-2	 1.667278E-6
3.160000E+1	 1.101451E-9	 1.000096E-2	 1.691967E-6
3.140000E+1	 1.078537E-9	 1.000090E-2	 1.719167E-6
3.120000E+1	 1.071742E-9	 1.000092E-2	 1.745386E-6
3.100000E+1	 1.065709E-9	 1.000096E-2	 1.772544E-6
3.080000E+1	 1.054947E-9	 1.000096E-2	 1.799415E-6
3.060000E+1	 1.046760E-9	 1.000105E-2	 1.825655E-6
3.040000E+1	 1.016629E-9	 1.000097E-2	 1.853406E-6
3.020000E+1	 1.014814E-9	 1.000105E-2	 1.880228E-6
3.000000E+1	 1.008400E-9	 1.000113E-2	 1.908869E-6
2.980000E+1	 9.935042E-10	 1.000090E-2	 1.936878E-6
2.960000E+1	 9.882706E-10	 1.000097E-2	 1.964056E-6
2.940000E+1	 9.723193E-10	 1.000103E-2	 1.993434E-6
2.920000E+1	 9.637109E-10	 1.000089E-2	 2.022904E-6
2.900000E+1	 9.501645E-10	 1.000094E-2	 2.050750E-6
2.880000E+1	 9.293603E-10	 1.000093E-2	 2.080533E-6
2.860000E+1	 9.372090E-10	 1.000098E-2	 2.107903E-6
2.840000E+1	 9.181765E-10	 1.000101E-2	 2.138507E-6
2.820000E+1	 9.098632E-10	 1.000114E-2	 2.168742E-6
2.800000E+1	 9.042925E-10	 1.000101E-2	 2.196876E-6
2.780000E+1	 8.905362E-10	 1.000101E-2	 2.235247E-6
2.760000E+1	 8.710809E-10	 1.000108E-2	 2.263644E-6
2.740000E+1	 8.459726E-10	 1.000095E-2	 2.293755E-6
2.720000E+1	 8.480402E-10	 1.000090E-2	 2.323143E-6
2.700000E+1	 8.396006E-10	 1.000104E-2	 2.353130E-6
2.680000E+1	 8.107357E-10	 1.000095E-2	 2.382556E-6
2.660000E+1	 8.139005E-10	 1.000094E-2	 2.411383E-6
2.640000E+1	 8.033511E-10	 1.000110E-2	 2.442114E-6
2.620000E+1	 7.933916E-10	 1.000102E-2	 2.473005E-6
2.600000E+1	 7.833904E-10	 1.000089E-2	 2.500503E-6
2.580000E+1	 7.763014E-10	 1.000095E-2	 2.531691E-6
2.560000E+1	 7.632186E-10	 1.000081E-2	 2.559408E-6
2.540000E+1	 7.472244E-10	 1.000100E-2	 2.591827E-6
2.520000E+1	 7.277707E-10	 1.000096E-2	 2.619518E-6
2.500000E+1	 7.360843E-10	 1.000090E-2	 2.650479E-6
2.480000E+1	 7.274749E-10	 1.000104E-2	 2.681559E-6
2.460000E+1	 7.171363E-10	 1.000090E-2	 2.710364E-6
2.440000E+1	 6.979770E-10	 1.000114E-2	 2.740948E-6
2.420000E+1	 6.933777E-10	 1.000108E-2	 2.771407E-6
2.400000E+1	 6.704632E-10	 1.000099E-2	 2.800263E-6
2.380000E+1	 6.740922E-10	 1.000100E-2	 2.830772E-6
2.360000E+1	 6.551870E-10	 1.000108E-2	 2.858961E-6
2.340000E+1	 6.521907E-10	 1.000103E-2	 2.890768E-6
2.320000E+1	 6.280099E-10	 1.000110E-2	 2.921177E-6
2.300000E+1	 6.516000E-10	 1.000096E-2	 2.949768E-6
2.280000E+1	 6.115518E-10	 1.000103E-2	 2.980484E-6
2.260000E+1	 5.983857E-10	 1.000107E-2	 3.008788E-6
2.240000E+1	 5.918026E-10	 1.000107E-2	 3.039881E-6
2.220000E+1	 5.882150E-10	 1.000110E-2	 3.069229E-6
2.200000E+1	 5.774121E-10	 1.000090E-2	 3.097025E-6
2.180000E+1	 5.578312E-10	 1.000096E-2	 3.125872E-6
2.160000E+1	 5.521766E-10	 1.000099E-2	 3.154255E-6
2.140000E+1	 5.442007E-10	 1.000084E-2	 3.184919E-6
2.120000E+1	 5.280385E-10	 1.000112E-2	 3.212406E-6
2.100000E+1	 5.220034E-10	 1.000099E-2	 3.238750E-6
2.080000E+1	 5.145765E-10	 1.000113E-2	 3.279128E-6
2.060000E+1	 5.015367E-10	 1.000092E-2	 3.305874E-6
2.040000E+1	 4.769763E-10	 1.000108E-2	 3.332108E-6
2.020000E+1	 4.715747E-10	 1.000106E-2	 3.361278E-6
2.000000E+1	 4.589988E-10	 1.000094E-2	 3.388097E-6
1.980000E+1	 4.547789E-10	 1.000106E-2	 3.414850E-6
1.960000E+1	 4.459592E-10	 1.000101E-2	 3.445201E-6
1.940000E+1	 4.402624E-10	 1.000090E-2	 3.471912E-6
1.920000E+1	 4.161660E-10	 1.000101E-2	 3.499240E-6
1.900000E+1	 4.142671E-10	 1.000121E-2	 3.526995E-6
1.880000E+1	 4.002564E-10	 1.000105E-2	 3.555662E-6
1.860000E+1	 3.892847E-10	 1.000105E-2	 3.581809E-6
1.840000E+1	 3.848115E-10	 1.000089E-2	 3.607596E-6
1.820000E+1	 3.787771E-10	 1.000100E-2	 3.637090E-6
1.800000E+1	 3.669188E-10	 1.000104E-2	 3.664258E-6
1.780000E+1	 3.516001E-10	 1.000102E-2	 3.690695E-6
1.760000E+1	 3.480554E-10	 1.000095E-2	 3.715771E-6
1.740000E+1	 3.430334E-10	 1.000105E-2	 3.742243E-6
1.720000E+1	 3.187262E-10	 1.000103E-2	 3.776795E-6
1.700000E+1	 3.140422E-10	 1.000097E-2	 3.803340E-6
1.680000E+1	 2.807041E-10	 1.000092E-2	 3.825963E-6
1.660000E+1	 2.746699E-10	 1.000095E-2	 3.863536E-6
1.640000E+1	 2.815482E-10	 1.000099E-2	 3.885516E-6
1.620000E+1	 2.513753E-10	 1.000087E-2	 3.910640E-6
1.600000E+1	 1.683259E-10	 1.000102E-2	 3.936375E-6
1.580000E+1	 2.980486E-10	 1.000106E-2	 3.960533E-6
1.560000E+1	 2.400233E-10	 1.000093E-2	 3.986644E-6
1.540000E+1	 2.315412E-10	 1.000112E-2	 4.012232E-6
1.520000E+1	 2.056305E-10	 1.000089E-2	 4.038255E-6
1.500000E+1	 1.998491E-10	 1.000097E-2	 4.062614E-6
1.480000E+1	 1.890460E-10	 1.000102E-2	 4.086881E-6
1.460000E+1	 1.698027E-10	 1.000110E-2	 4.109693E-6
1.440000E+1	 1.823361E-10	 1.000102E-2	 4.136462E-6
1.420000E+1	 1.537669E-10	 1.000095E-2	 4.163163E-6
1.400000E+1	 1.495047E-10	 1.000087E-2	 4.187165E-6
1.380000E+1	 1.318228E-10	 1.000090E-2	 4.209076E-6
1.360000E+1	 1.392923E-10	 1.000086E-2	 4.232959E-6
1.340000E+1	 1.251552E-10	 1.000081E-2	 4.259115E-6
1.320000E+1	 1.204709E-10	 1.000083E-2	 4.282811E-6
1.300000E+1	 1.137612E-10	 1.000097E-2	 4.305385E-6
1.280000E+1	 9.582632E-11	 1.000097E-2	 4.330019E-6
1.260000E+1	 8.325057E-11	 1.000098E-2	 4.352424E-6
1.240000E+1	 6.818518E-11	 1.000122E-2	 4.383208E-6
1.220000E+1	 6.561104E-11	 1.000102E-2	 4.407758E-6
1.200000E+1	 3.138696E-11	 1.000099E-2	 4.430826E-6
1.180000E+1	 2.965669E-11	 1.000087E-2	 4.452642E-6
1.160000E+1	 1.070895E-11	 1.000090E-2	 4.474916E-6
1.140000E+1	 7.417386E-12	 1.000094E-2	 4.498300E-6
1.120000E+1	 -5.162815E-13	 1.000096E-2	 4.522406E-6
1.100000E+1	 -1.486421E-11	 1.000098E-2	 4.543650E-6
1.080000E+1	 -1.199470E-11	 1.000098E-2	 4.567310E-6
1.060000E+1	 -2.043449E-11	 1.000089E-2	 4.589946E-6
1.040000E+1	 -3.144879E-11	 1.000098E-2	 4.609706E-6
1.020000E+1	 -4.524818E-11	 1.000086E-2	 4.631408E-6
1.000000E+1	 -4.710500E-11	 1.000097E-2	 4.655919E-6
9.800000E+0	 -7.457711E-11	 1.000082E-2	 4.677188E-6
9.600000E+0	 -7.871274E-11	 1.000080E-2	 4.698251E-6
9.400001E+0	 -7.748897E-11	 1.000096E-2	 4.719078E-6
9.200001E+0	 -9.103518E-11	 1.000094E-2	 4.739977E-6
9.000000E+0	 -1.079151E-10	 1.000090E-2	 4.760388E-6
8.800000E+0	 -9.808257E-11	 1.000090E-2	 4.788878E-6
8.600000E+0	 -1.275803E-10	 1.000079E-2	 4.807432E-6
8.400001E+0	 -1.346698E-10	 1.000096E-2	 4.830844E-6
8.200000E+0	 -1.534911E-10	 1.000087E-2	 4.849861E-6
8.000000E+0	 -1.629016E-10	 1.000089E-2	 4.868976E-6
7.800000E+0	 -1.593990E-10	 1.000101E-2	 4.888760E-6
7.600000E+0	 -1.712572E-10	 1.000097E-2	 4.908088E-6
7.400000E+0	 -1.907114E-10	 1.000087E-2	 4.928945E-6
7.200000E+0	 -1.952271E-10	 1.000094E-2	 4.944873E-6
7.000000E+0	 -2.159063E-10	 1.000093E-2	 4.964846E-6
6.800000E+0	 -2.162439E-10	 1.000091E-2	 4.982991E-6
6.600000E+0	 -2.291156E-10	 1.000083E-2	 5.000638E-6
6.400000E+0	 -2.375561E-10	 1.000092E-2	 5.018373E-6
6.200000E+0	 -2.467563E-10	 1.000077E-2	 5.034060E-6
6.000000E+0	 -2.600078E-10	 1.000072E-2	 5.053870E-6
5.800000E+0	 -2.665914E-10	 1.000095E-2	 5.069162E-6
5.600000E+0	 -2.792944E-10	 1.000092E-2	 5.086554E-6
5.400000E+0	 -2.871018E-10	 1.000102E-2	 5.105269E-6
5.200000E+0	 -2.933478E-10	 1.000084E-2	 5.118265E-6
5.000000E+0	 -3.100600E-10	 1.000091E-2	 5.136477E-6
4.800000E+0	 -3.081187E-10	 1.000087E-2	 5.152848E-6
4.600000E+0	 -3.218345E-10	 1.000082E-2	 5.171726E-6
4.400000E+0	 -3.475358E-10	 1.000090E-2	 5.189749E-6
4.200000E+0	 -3.444128E-10	 1.000085E-2	 5.204589E-6
4.000000E+0	 -3.776261E-10	 1.000092E-2	 5.221982E-6
3.800000E+0	 -3.688058E-10	 1.000103E-2	 5.239939E-6
3.600000E+0	 -3.847162E-10	 1.000107E-2	 5.258516E-6
3.400000E+0	 -3.821418E-10	 1.000103E-2	 5.278330E-6
3.200000E+0	 -4.022724E-10	 1.000095E-2	 5.293200E-6
3.000000E+0	 -4.231204E-10	 1.000092E-2	 5.310212E-6
2.800000E+0	 -4.170855E-10	 1.000109E-2	 5.327487E-6
2.600000E+0	 -4.423224E-10	 1.000090E-2	 5.344527E-6
2.400000E+0	 -4.448547E-10	 1.000102E-2	 5.361275E-6
2.200000E+0	 -4.524932E-10	 1.000092E-2	 5.378728E-6
2.000000E+0	 -4.564181E-10	 1.000108E-2	 5.395947E-6
1.800000E+0	 -4.748182E-10	 1.000096E-2	 5.413946E-6
1.600000E+0	 -4.753671E-10	 1.000090E-2	 5.431906E-6
1.400000E+0	 -4.945269E-10	 1.000086E-2	 5.447214E-6
1.200000E+0	 -5.146996E-10	 1.000100E-2	 5.464398E-6
1.000000E+0	 -5.230558E-10	 1.000102E-2	 5.481815E-6
8.000002E-1	 -5.333111E-10	 1.000110E-2	 5.499687E-6
6.000001E-1	 -5.389661E-10	 1.000096E-2	 5.517449E-6
4.000002E-1	 -5.356323E-10	 1.000087E-2	 5.534042E-6
2.000002E-1	 -5.479129E-10	 1.000108E-2	 5.553518E-6
1.490116E-7	 -5.557627E-10	 1.000091E-2	 5.568641E-6
-1.999999E-1	 -5.774546E-10	 1.000093E-2	 5.584956E-6
-3.999999E-1	 -5.742471E-10	 1.000093E-2	 5.602269E-6
-5.999998E-1	 -5.826877E-10	 1.000092E-2	 5.619274E-6
-7.999998E-1	 -6.081356E-10	 1.000091E-2	 5.636191E-6
-9.999999E-1	 -6.107101E-10	 1.000099E-2	 5.651827E-6
-1.200000E+0	 -6.141285E-10	 1.000099E-2	 5.666630E-6
-1.400000E+0	 -6.387748E-10	 1.000105E-2	 5.685251E-6
-1.600000E+0	 -6.538832E-10	 1.000087E-2	 5.701463E-6
-1.800000E+0	 -6.660373E-10	 1.000097E-2	 5.716927E-6
-2.000000E+0	 -6.629144E-10	 1.000098E-2	 5.733496E-6
-2.200000E+0	 -6.835937E-10	 1.000107E-2	 5.748282E-6
-2.400000E+0	 -6.819056E-10	 1.000098E-2	 5.761611E-6
-2.600000E+0	 -7.004746E-10	 1.000094E-2	 5.776629E-6
-2.800000E+0	 -7.027114E-10	 1.000105E-2	 5.798373E-6
-3.000000E+0	 -7.137264E-10	 1.000092E-2	 5.813655E-6
-3.200000E+0	 -7.290460E-10	 1.000116E-2	 5.827730E-6
-3.400000E+0	 -7.342788E-10	 1.000103E-2	 5.844916E-6
-3.600000E+0	 -7.630186E-10	 1.000108E-2	 5.860385E-6
-3.800000E+0	 -7.758060E-10	 1.000093E-2	 5.874414E-6
-4.000000E+0	 -7.807436E-10	 1.000101E-2	 5.888980E-6
-4.200000E+0	 -7.696022E-10	 1.000097E-2	 5.901972E-6
-4.400000E+0	 -7.954723E-10	 1.000097E-2	 5.914740E-6
-4.600000E+0	 -8.092723E-10	 1.000085E-2	 5.929957E-6
-4.800000E+0	 -8.125643E-10	 1.000100E-2	 5.946567E-6
-5.000000E+0	 -8.126486E-10	 1.000097E-2	 5.960043E-6
-5.200000E+0	 -8.346362E-10	 1.000100E-2	 5.973263E-6
-5.400000E+0	 -8.446806E-10	 1.000114E-2	 5.988519E-6
-5.600000E+0	 -8.503779E-10	 1.000105E-2	 6.002815E-6
-5.800000E+0	 -8.672586E-10	 1.000087E-2	 6.016893E-6
-6.000000E+0	 -8.790754E-10	 1.000090E-2	 6.032940E-6
-6.200000E+0	 -8.851949E-10	 1.000091E-2	 6.045010E-6
-6.400000E+0	 -8.922426E-10	 1.000103E-2	 6.059696E-6
-6.600000E+0	 -9.079419E-10	 1.000091E-2	 6.072176E-6
-6.800000E+0	 -9.154115E-10	 1.000097E-2	 6.086334E-6
-7.000000E+0	 -9.305197E-10	 1.000101E-2	 6.097371E-6
-7.200000E+0	 -9.248227E-10	 1.000097E-2	 6.115741E-6
-7.400000E+0	 -9.468949E-10	 1.000101E-2	 6.123963E-6
-7.600000E+0	 -9.479079E-10	 1.000099E-2	 6.137396E-6
-7.800000E+0	 -9.630164E-10	 1.000086E-2	 6.151307E-6
-8.000000E+0	 -9.732292E-10	 1.000092E-2	 6.164490E-6
-8.200000E+0	 -9.872404E-10	 1.000099E-2	 6.177621E-6
-8.400000E+0	 -9.941191E-10	 1.000084E-2	 6.188641E-6
-8.600000E+0	 -1.009777E-9	 1.000099E-2	 6.200084E-6
-8.800000E+0	 -1.014714E-9	 1.000090E-2	 6.212452E-6
-9.000000E+0	 -1.023999E-9	 1.000099E-2	 6.226104E-6
-9.200000E+0	 -1.027839E-9	 1.000094E-2	 6.238428E-6
-9.400000E+0	 -1.047463E-9	 1.000108E-2	 6.251363E-6
-9.600000E+0	 -1.060589E-9	 1.000096E-2	 6.264850E-6
-9.800000E+0	 -1.065357E-9	 1.000081E-2	 6.275627E-6
-1.000000E+1	 -1.101356E-9	 1.000094E-2	 6.286847E-6
-9.800000E+0	 -7.832762E-10	 1.000092E-2	 6.252496E-6
-9.600000E+0	 -6.993773E-10	 1.000101E-2	 6.216529E-6
-9.400000E+0	 -6.275488E-10	 1.000097E-2	 6.184965E-6
-9.200000E+0	 -5.869923E-10	 1.000096E-2	 6.150852E-6
-9.000000E+0	 -5.377421E-10	 1.000092E-2	 6.113900E-6
-8.800000E+0	 -4.960461E-10	 1.000098E-2	 6.081563E-6
-8.600000E+0	 -4.570511E-10	 1.000090E-2	 6.047110E-6
-8.400000E+0	 -4.092357E-10	 1.000098E-2	 6.015391E-6
-8.200000E+0	 -3.918905E-10	 1.000097E-2	 5.981730E-6
-8.000000E+0	 -3.523468E-10	 1.000105E-2	 5.950183E-6
-7.800000E+0	 -3.153774E-10	 1.000105E-2	 5.918912E-6
-7.600000E+0	 -2.998891E-10	 1.000085E-2	 5.887933E-6
-7.400000E+0	 -2.638482E-10	 1.000099E-2	 5.856888E-6
-7.200000E+0	 -2.457434E-10	 1.000088E-2	 5.827078E-6
-7.000000E+0	 -2.209705E-10	 1.000094E-2	 5.795342E-6
-6.800000E+0	 -1.979702E-10	 1.000097E-2	 5.764351E-6
-6.600000E+0	 -1.883482E-10	 1.000097E-2	 5.734307E-6
-6.400000E+0	 -1.537443E-10	 1.000107E-2	 5.706451E-6
-6.200000E+0	 -1.313783E-10	 1.000089E-2	 5.675796E-6
-6.000000E+0	 -1.157221E-10	 1.000101E-2	 5.645054E-6
-5.800000E+0	 -1.044970E-10	 1.000087E-2	 5.616052E-6
-5.600000E+0	 -8.913612E-11	 1.000088E-2	 5.587654E-6
-5.400000E+0	 -7.229843E-11	 1.000076E-2	 5.558528E-6
-5.200000E+0	 -4.195660E-11	 1.000105E-2	 5.529500E-6
-5.000000E+0	 -2.030809E-11	 1.000097E-2	 5.501680E-6
-4.800000E+0	 7.919221E-13	 1.000096E-2	 5.471311E-6
-4.600000E+0	 1.594162E-11	 1.000110E-2	 5.446357E-6
-4.400000E+0	 3.024743E-11	 1.000101E-2	 5.415142E-6
-4.200000E+0	 5.181164E-11	 1.000113E-2	 5.387920E-6
-4.000000E+0	 5.316197E-11	 1.000099E-2	 5.361533E-6
-3.800000E+0	 7.611875E-11	 1.000111E-2	 5.333554E-6
-3.600000E+0	 8.455878E-11	 1.000099E-2	 5.304416E-6
-3.400000E+0	 1.010167E-10	 1.000099E-2	 5.276765E-6
-3.200000E+0	 1.208506E-10	 1.000094E-2	 5.248653E-6
-3.000000E+0	 1.279401E-10	 1.000117E-2	 5.220260E-6
-2.800000E+0	 1.404737E-10	 1.000106E-2	 5.192716E-6
-2.600000E+0	 1.612782E-10	 1.000099E-2	 5.167239E-6
-2.400000E+0	 1.642741E-10	 1.000099E-2	 5.140211E-6
-2.200000E+0	 1.909869E-10	 1.000079E-2	 5.111963E-6
-2.000000E+0	 1.997645E-10	 1.000097E-2	 5.084046E-6
-1.800000E+0	 2.184591E-10	 1.000090E-2	 5.057694E-6
-1.600000E+0	 2.371116E-10	 1.000099E-2	 5.031240E-6
-1.400000E+0	 2.587600E-10	 1.000081E-2	 5.002054E-6
-1.200000E+0	 2.510797E-10	 1.000098E-2	 4.975955E-6
-9.999999E-1	 2.637396E-10	 1.000085E-2	 4.950779E-6
-7.999998E-1	 2.856414E-10	 1.000098E-2	 4.921164E-6
-5.999998E-1	 3.056860E-10	 1.000106E-2	 4.895242E-6
-3.999999E-1	 3.147593E-10	 1.000079E-2	 4.867858E-6
-1.999999E-1	 3.249717E-10	 1.000086E-2	 4.841331E-6
1.490116E-7	 3.224396E-10	 1.000110E-2	 4.815989E-6
2.000002E-1	 3.424849E-10	 1.000089E-2	 4.790282E-6
4.000002E-1	 3.611373E-10	 1.000084E-2	 4.760570E-6
6.000001E-1	 3.724465E-10	 1.000089E-2	 4.736572E-6
8.000002E-1	 3.832080E-10	 1.000091E-2	 4.707596E-6
1.000000E+0	 4.001302E-10	 1.000096E-2	 4.679151E-6
1.200000E+0	 4.003410E-10	 1.000093E-2	 4.652431E-6
1.400000E+0	 4.266737E-10	 1.000098E-2	 4.628732E-6
1.600000E+0	 4.311049E-10	 1.000097E-2	 4.601100E-6
1.800000E+0	 3.401639E-10	 1.000099E-2	 4.575322E-6
2.000000E+0	 4.475207E-10	 1.000088E-2	 4.550307E-6
2.200000E+0	 4.632190E-10	 1.000102E-2	 4.524291E-6
2.400000E+0	 4.868508E-10	 1.000087E-2	 4.496179E-6
2.600000E+0	 4.814071E-10	 1.000101E-2	 4.474652E-6
2.800000E+0	 4.868087E-10	 1.000113E-2	 4.444680E-6
3.000000E+0	 5.247044E-10	 1.000094E-2	 4.417472E-6
3.200000E+0	 5.350437E-10	 1.000101E-2	 4.393608E-6
3.400000E+0	 5.493486E-10	 1.000084E-2	 4.369208E-6
3.600000E+0	 5.560590E-10	 1.000070E-2	 4.347994E-6
3.800000E+0	 5.466484E-10	 1.000104E-2	 4.317666E-6
4.000000E+0	 5.786777E-10	 1.000099E-2	 4.293311E-6
4.200000E+0	 6.082606E-10	 1.000102E-2	 4.267673E-6
4.400000E+0	 6.082179E-10	 1.000112E-2	 4.245217E-6
4.600000E+0	 6.148856E-10	 1.000099E-2	 4.220515E-6
4.800000E+0	 6.337910E-10	 1.000105E-2	 4.196359E-6
5.000000E+0	 6.289381E-10	 1.000090E-2	 4.172505E-6
5.200000E+0	 6.488988E-10	 1.000108E-2	 4.147301E-6
5.400000E+0	 6.662429E-10	 1.000103E-2	 4.123088E-6
5.600000E+0	 6.685222E-10	 1.000102E-2	 4.097548E-6
5.800000E+0	 6.840093E-10	 1.000105E-2	 4.074007E-6
6.000000E+0	 6.857393E-10	 1.000119E-2	 4.048933E-6
6.200000E+0	 7.002136E-10	 1.000105E-2	 4.025557E-6
6.400000E+0	 7.122832E-10	 1.000074E-2	 3.999712E-6
6.600000E+0	 7.092871E-10	 1.000090E-2	 3.977384E-6
6.800000E+0	 7.383628E-10	 1.000100E-2	 3.952746E-6
7.000000E+0	 7.373920E-10	 1.000096E-2	 3.927154E-6
7.200000E+0	 7.609396E-10	 1.000095E-2	 3.901199E-6
7.400000E+0	 7.752874E-10	 1.000090E-2	 3.875197E-6
7.600000E+0	 7.793808E-10	 1.000101E-2	 3.848291E-6
7.800000E+0	 7.844448E-10	 1.000092E-2	 3.820611E-6
8.000000E+0	 8.109466E-10	 1.000092E-2	 3.795147E-6
8.200000E+0	 8.047852E-10	 1.000098E-2	 3.767655E-6
8.400001E+0	 8.193441E-10	 1.000097E-2	 3.740058E-6
8.600000E+0	 8.331439E-10	 1.000098E-2	 3.712176E-6
8.800000E+0	 8.337349E-10	 1.000098E-2	 3.685458E-6
9.000000E+0	 8.565227E-10	 1.000090E-2	 3.657819E-6
9.200001E+0	 8.603203E-10	 1.000087E-2	 3.630533E-6
9.400001E+0	 8.804919E-10	 1.000090E-2	 3.602026E-6
9.600000E+0	 8.928145E-10	 1.000095E-2	 3.573462E-6
9.800000E+0	 9.035751E-10	 1.000094E-2	 3.546540E-6
1.000000E+1	 9.061916E-10	 1.000093E-2	 3.518979E-6
1.020000E+1	 9.063605E-10	 1.000105E-2	 3.492423E-6
1.040000E+1	 9.318072E-10	 1.000093E-2	 3.460905E-6
1.060000E+1	 9.381369E-10	 1.000107E-2	 3.434722E-6
1.080000E+1	 9.601648E-10	 1.000098E-2	 3.405661E-6
1.100000E+1	 9.493206E-10	 1.000108E-2	 3.378213E-6
1.120000E+1	 9.722348E-10	 1.000080E-2	 3.342459E-6
1.140000E+1	 9.897478E-10	 1.000085E-2	 3.313380E-6
1.160000E+1	 1.004940E-9	 1.000095E-2	 3.285134E-6
1.180000E+1	 1.006248E-9	 1.000098E-2	 3.257512E-6
1.200000E+1	 1.026292E-9	 1.000101E-2	 3.230559E-6
1.220000E+1	 1.026968E-9	 1.000100E-2	 3.201140E-6
1.240000E+1	 1.038194E-9	 1.000088E-2	 3.173686E-6
1.260000E+1	 1.060390E-9	 1.000095E-2	 3.145046E-6
1.280000E+1	 1.056297E-9	 1.000097E-2	 3.115597E-6
1.300000E+1	 1.076216E-9	 1.000085E-2	 3.089351E-6
1.320000E+1	 1.093096E-9	 1.000131E-2	 3.060740E-6
1.340000E+1	 1.106642E-9	 1.000098E-2	 3.031418E-6
1.360000E+1	 1.103181E-9	 1.000108E-2	 3.003134E-6
1.380000E+1	 1.114912E-9	 1.000081E-2	 2.973045E-6
1.400000E+1	 1.129345E-9	 1.000093E-2	 2.946902E-6
1.420000E+1	 1.125926E-9	 1.000093E-2	 2.909195E-6
1.440000E+1	 1.161121E-9	 1.000101E-2	 2.884104E-6
1.460000E+1	 1.161291E-9	 1.000089E-2	 2.848740E-6
1.480000E+1	 1.182307E-9	 1.000108E-2	 2.820383E-6
1.500000E+1	 1.200284E-9	 1.000093E-2	 2.794864E-6
1.520000E+1	 1.201211E-9	 1.000093E-2	 2.768593E-6
1.540000E+1	 1.212310E-9	 1.000092E-2	 2.732804E-6
1.560000E+1	 1.219232E-9	 1.000090E-2	 2.706454E-6
1.580000E+1	 1.248559E-9	 1.000090E-2	 2.678184E-6
1.600000E+1	 1.239951E-9	 1.000094E-2	 2.650900E-6
1.620000E+1	 1.255227E-9	 1.000091E-2	 2.623148E-6
1.640000E+1	 1.267718E-9	 1.000073E-2	 2.597889E-6
1.660000E+1	 1.269955E-9	 1.000097E-2	 2.563183E-6
1.680000E+1	 1.285274E-9	 1.000105E-2	 2.535365E-6
1.700000E+1	 1.303715E-9	 1.000087E-2	 2.507752E-6
1.720000E+1	 1.323085E-9	 1.000100E-2	 2.482169E-6
1.740000E+1	 1.327095E-9	 1.000104E-2	 2.454994E-6
1.760000E+1	 1.332580E-9	 1.000096E-2	 2.428604E-6
1.780000E+1	 1.349375E-9	 1.000093E-2	 2.401040E-6
1.800000E+1	 1.347392E-9	 1.000095E-2	 2.374166E-6
1.820000E+1	 1.358027E-9	 1.000078E-2	 2.347805E-6
1.840000E+1	 1.381321E-9	 1.000096E-2	 2.321563E-6
1.860000E+1	 1.378072E-9	 1.000104E-2	 2.294963E-6
1.880000E+1	 1.390647E-9	 1.000101E-2	 2.269840E-6
1.900000E+1	 1.396893E-9	 1.000096E-2	 2.237357E-6
1.920000E+1	 1.410566E-9	 1.000093E-2	 2.212458E-6
1.940000E+1	 1.431159E-9	 1.000091E-2	 2.186815E-6
1.960000E+1	 1.437700E-9	 1.000104E-2	 2.163642E-6
1.980000E+1	 1.444831E-9	 1.000114E-2	 2.129529E-6
2.000000E+1	 1.452892E-9	 1.000101E-2	 2.105458E-6
2.020000E+1	 1.480955E-9	 1.000093E-2	 2.082212E-6
2.040000E+1	 1.488593E-9	 1.000084E-2	 2.056855E-6
2.060000E+1	 1.493827E-9	 1.000104E-2	 2.031768E-6
2.080000E+1	 1.501380E-9	 1.000101E-2	 2.007400E-6
2.100000E+1	 1.526699E-9	 1.000096E-2	 1.982962E-6
2.120000E+1	 1.513828E-9	 1.000092E-2	 1.959896E-6
2.140000E+1	 1.527586E-9	 1.000093E-2	 1.936135E-6
2.160000E+1	 1.540330E-9	 1.000104E-2	 1.912331E-6
2.180000E+1	 1.554087E-9	 1.000096E-2	 1.888749E-6
2.200000E+1	 1.559489E-9	 1.000084E-2	 1.865050E-6
2.220000E+1	 1.569997E-9	 1.000106E-2	 1.843812E-6
2.240000E+1	 1.571474E-9	 1.000096E-2	 1.820226E-6
2.260000E+1	 1.579071E-9	 1.000095E-2	 1.799237E-6
2.280000E+1	 1.602323E-9	 1.000112E-2	 1.775935E-6
2.300000E+1	 1.601900E-9	 1.000095E-2	 1.754196E-6
2.320000E+1	 1.619541E-9	 1.000092E-2	 1.733649E-6
2.340000E+1	 1.629330E-9	 1.000085E-2	 1.711403E-6
2.360000E+1	 1.642623E-9	 1.000096E-2	 1.689998E-6
2.380000E+1	 1.660515E-9	 1.000103E-2	 1.670539E-6
2.400000E+1	 1.654776E-9	 1.000100E-2	 1.650103E-6
2.420000E+1	 1.668027E-9	 1.000089E-2	 1.629897E-6
2.440000E+1	 1.676003E-9	 1.000102E-2	 1.610933E-6
2.460000E+1	 1.691449E-9	 1.000067E-2	 1.590505E-6
2.480000E+1	 1.698074E-9	 1.000087E-2	 1.571582E-6
2.500000E+1	 1.718795E-9	 1.000091E-2	 1.551889E-6
2.520000E+1	 1.719848E-9	 1.000100E-2	 1.533812E-6
2.540000E+1	 1.723816E-9	 1.000085E-2	 1.515787E-6
2.560000E+1	 1.737868E-9	 1.000097E-2	 1.498180E-6
2.580000E+1	 1.755213E-9	 1.000093E-2	 1.481496E-6
2.600000E+1	 1.763863E-9	 1.000093E-2	 1.463598E-6
2.620000E+1	 1.769434E-9	 1.000101E-2	 1.447987E-6
2.640000E+1	 1.783064E-9	 1.000108E-2	 1.431556E-6
2.660000E+1	 1.797497E-9	 1.000081E-2	 1.415579E-6
2.680000E+1	 1.809186E-9	 1.000095E-2	 1.400119E-6
2.700000E+1	 1.809144E-9	 1.000104E-2	 1.385784E-6
2.720000E+1	 1.821593E-9	 1.000074E-2	 1.367290E-6
2.740000E+1	 1.833577E-9	 1.000077E-2	 1.353565E-6
2.760000E+1	 1.851006E-9	 1.000084E-2	 1.339767E-6
2.780000E+1	 1.855690E-9	 1.000104E-2	 1.326113E-6
2.800000E+1	 1.872486E-9	 1.000099E-2	 1.312849E-6
2.820000E+1	 1.880757E-9	 1.000083E-2	 1.300209E-6
2.840000E+1	 1.892911E-9	 1.000093E-2	 1.288037E-6
2.860000E+1	 1.885694E-9	 1.000099E-2	 1.276206E-6
2.880000E+1	 1.905360E-9	 1.000092E-2	 1.264734E-6
2.900000E+1	 1.915994E-9	 1.000092E-2	 1.253083E-6
2.920000E+1	 1.931314E-9	 1.000089E-2	 1.242353E-6
2.940000E+1	 1.946674E-9	 1.000082E-2	 1.232700E-6
2.960000E+1	 1.954058E-9	 1.000098E-2	 1.222137E-6
2.980000E+1	 1.959966E-9	 1.000079E-2	 1.212990E-6
3.000000E+1	 1.966593E-9	 1.000092E-2	 1.203684E-6
3.020000E+1	 1.978577E-9	 1.000097E-2	 1.194922E-6
3.040000E+1	 1.988114E-9	 1.000092E-2	 1.186824E-6
3.060000E+1	 2.004531E-9	 1.000080E-2	 1.178317E-6
3.080000E+1	 2.021073E-9	 1.000090E-2	 1.170726E-6
3.100000E+1	 2.019088E-9	 1.000099E-2	 1.164003E-6
3.120000E+1	 2.029891E-9	 1.000087E-2	 1.156744E-6
3.140000E+1	 1.940429E-9	 1.000094E-2	 1.149657E-6
3.160000E+1	 2.052343E-9	 1.000088E-2	 1.143980E-6
3.180000E+1	 2.052342E-9	 1.000080E-2	 1.138899E-6
3.200000E+1	 2.073610E-9	 1.000101E-2	 1.133821E-6
3.220000E+1	 2.089142E-9	 1.000096E-2	 1.128957E-6
3.240000E+1	 2.096314E-9	 1.000105E-2	 1.124039E-6
3.260000E+1	 2.091461E-9	 1.000094E-2	 1.119793E-6
3.280000E+1	 2.113447E-9	 1.000085E-2	 1.115932E-6
3.300000E+1	 2.118258E-9	 1.000077E-2	 1.112360E-6
3.320000E+1	 2.128175E-9	 1.000086E-2	 1.109158E-6
3.340000E+1	 2.139104E-9	 1.000087E-2	 1.106924E-6
3.360000E+1	 2.144000E-9	 1.000091E-2	 1.103978E-6
3.380000E+1	 2.158601E-9	 1.000076E-2	 1.102380E-6
3.400000E+1	 2.183161E-9	 1.000095E-2	 1.100466E-6
3.420000E+1	 2.195189E-9	 1.000103E-2	 1.098652E-6
3.440000E+1	 2.195357E-9	 1.000093E-2	 1.097886E-6
3.460000E+1	 2.218906E-9	 1.000093E-2	 1.097328E-6
3.480000E+1	 2.221354E-9	 1.000087E-2	 1.096260E-6
3.500000E+1	 2.236038E-9	 1.000091E-2	 1.096215E-6
3.520000E+1	 2.242284E-9	 1.000081E-2	 1.096536E-6
3.540000E+1	 2.247263E-9	 1.000084E-2	 1.096395E-6
3.560000E+1	 2.258743E-9	 1.000099E-2	 1.097321E-6
3.580000E+1	 2.269924E-9	 1.000083E-2	 1.098619E-6
3.600000E+1	 2.278999E-9	 1.000101E-2	 1.099616E-6
3.620000E+1	 2.290772E-9	 1.000087E-2	 1.101300E-6
3.640000E+1	 2.292334E-9	 1.000101E-2	 1.102570E-6
3.660000E+1	 2.299887E-9	 1.000085E-2	 1.104616E-6
3.680000E+1	 2.344408E-9	 1.000084E-2	 1.106906E-6
3.700000E+1	 2.326136E-9	 1.000088E-2	 1.109633E-6
3.720000E+1	 2.354241E-9	 1.000093E-2	 1.112337E-6
3.740000E+1	 2.343394E-9	 1.000085E-2	 1.114911E-6
3.760000E+1	 2.371545E-9	 1.000099E-2	 1.117885E-6
3.780000E+1	 2.370910E-9	 1.000104E-2	 1.121471E-6
3.800000E+1	 2.386524E-9	 1.000081E-2	 1.124697E-6
3.820000E+1	 2.390742E-9	 1.000088E-2	 1.127815E-6
3.840000E+1	 2.391672E-9	 1.000109E-2	 1.134657E-6
3.860000E+1	 2.411294E-9	 1.000105E-2	 1.138368E-6
3.880000E+1	 2.443663E-9	 1.000090E-2	 1.143077E-6
3.900000E+1	 2.444885E-9	 1.000105E-2	 1.146613E-6
3.920000E+1	 2.435729E-9	 1.000090E-2	 1.151915E-6
3.940000E+1	 2.451765E-9	 1.000110E-2	 1.155564E-6
3.960000E+1	 2.472781E-9	 1.000098E-2	 1.160782E-6
3.980000E+1	 2.469531E-9	 1.000096E-2	 1.165533E-6
4.000000E+1	 2.482064E-9	 1.000105E-2	 1.170765E-6
4.020000E+1	 2.507257E-9	 1.000094E-2	 1.175964E-6
4.040000E+1	 2.505442E-9	 1.000098E-2	 1.180756E-6
4.060000E+1	 2.513249E-9	 1.000103E-2	 1.189729E-6
4.080000E+1	 2.444971E-9	 1.000103E-2	 1.196126E-6
4.100000E+1	 2.553762E-9	 1.000112E-2	 1.200225E-6
4.120000E+1	 2.552666E-9	 1.000108E-2	 1.206099E-6
4.140000E+1	 2.558909E-9	 1.000108E-2	 1.211682E-6
4.160000E+1	 2.574819E-9	 1.000103E-2	 1.217560E-6
4.180000E+1	 2.587016E-9	 1.000097E-2	 1.222997E-6
4.200000E+1	 2.588620E-9	 1.000096E-2	 1.228652E-6
4.220000E+1	 2.612168E-9	 1.000104E-2	 1.234251E-6
4.240000E+1	 2.610437E-9	 1.000103E-2	 1.240906E-6
4.260000E+1	 2.615965E-9	 1.000100E-2	 1.246367E-6
4.280000E+1	 2.629258E-9	 1.000112E-2	 1.253034E-6
4.300000E+1	 2.643480E-9	 1.000100E-2	 1.258565E-6
4.320000E+1	 2.649134E-9	 1.000101E-2	 1.265410E-6
4.340000E+1	 2.654156E-9	 1.000085E-2	 1.271533E-6
4.360000E+1	 2.670868E-9	 1.000104E-2	 1.277238E-6
4.380000E+1	 2.674792E-9	 1.000105E-2	 1.283638E-6
4.400000E+1	 2.698845E-9	 1.000103E-2	 1.289630E-6
4.420000E+1	 2.693065E-9	 1.000085E-2	 1.295966E-6
4.440000E+1	 2.710197E-9	 1.000095E-2	 1.302450E-6
4.460000E+1	 2.729397E-9	 1.000095E-2	 1.308526E-6
4.480000E+1	 2.739780E-9	 1.000090E-2	 1.314930E-6
4.500000E+1	 2.747797E-9	 1.000096E-2	 1.320586E-6
4.480000E+1	 2.442058E-9	 1.000102E-2	 1.298876E-6
4.460000E+1	 2.355844E-9	 1.000108E-2	 1.278616E-6
4.440000E+1	 2.288283E-9	 1.000104E-2	 1.259791E-6
4.420000E+1	 2.230933E-9	 1.000087E-2	 1.241241E-6
4.400000E+1	 2.189493E-9	 1.000105E-2	 1.224170E-6
4.380000E+1	 2.155439E-9	 1.000092E-2	 1.207850E-6
4.360000E+1	 2.102941E-9	 1.000104E-2	 1.192440E-6
4.340000E+1	 2.075975E-9	 1.000092E-2	 1.177987E-6
4.320000E+1	 2.041117E-9	 1.000079E-2	 1.163974E-6
4.300000E+1	 2.025841E-9	 1.000094E-2	 1.151472E-6
4.280000E+1	 1.986258E-9	 1.000104E-2	 1.139571E-6
4.260000E+1	 1.953088E-9	 1.000091E-2	 1.128256E-6
4.240000E+1	 1.929119E-9	 1.000117E-2	 1.118845E-6
4.220000E+1	 1.894134E-9	 1.000104E-2	 1.109316E-6
4.200000E+1	 1.871263E-9	 1.000099E-2	 1.100861E-6
4.180000E+1	 1.856915E-9	 1.000100E-2	 1.092887E-6
4.160000E+1	 1.827670E-9	 1.000096E-2	 1.086665E-6
4.140000E+1	 1.829442E-9	 1.000097E-2	 1.080801E-6
4.120000E+1	 1.798046E-9	 1.000097E-2	 1.076174E-6
4.100000E+1	 1.776143E-9	 1.000092E-2	 1.072311E-6
4.080000E+1	 1.763694E-9	 1.000092E-2	 1.069299E-6
4.060000E+1	 1.732552E-9	 1.000094E-2	 1.067988E-6
4.040000E+1	 1.720524E-9	 1.000099E-2	 1.067341E-6
4.020000E+1	 1.698200E-9	 1.000110E-2	 1.068267E-6
4.000000E+1	 1.684190E-9	 1.000119E-2	 1.069350E-6
3.980000E+1	 1.671782E-9	 1.000100E-2	 1.071770E-6
3.960000E+1	 1.653004E-9	 1.000091E-2	 1.075148E-6
3.940000E+1	 1.638361E-9	 1.000101E-2	 1.079429E-6
3.920000E+1	 1.617809E-9	 1.000080E-2	 1.084668E-6
3.900000E+1	 1.601393E-9	 1.000099E-2	 1.091202E-6
3.880000E+1	 1.589240E-9	 1.000099E-2	 1.097768E-6
3.860000E+1	 1.561430E-9	 1.000092E-2	 1.105508E-6
3.840000E+1	 1.557294E-9	 1.000097E-2	 1.116619E-6
3.820000E+1	 1.546871E-9	 1.000093E-2	 1.126260E-6
3.800000E+1	 1.517077E-9	 1.000093E-2	 1.136785E-6
3.780000E+1	 1.507203E-9	 1.000096E-2	 1.148104E-6
3.760000E+1	 1.489437E-9	 1.000092E-2	 1.160952E-6
3.740000E+1	 1.470574E-9	 1.000087E-2	 1.173954E-6
3.720000E+1	 1.464117E-9	 1.000088E-2	 1.187401E-6
3.700000E+1	 1.437024E-9	 1.000096E-2	 1.202143E-6
3.680000E+1	 1.435547E-9	 1.000099E-2	 1.216915E-6
3.660000E+1	 1.431961E-9	 1.000100E-2	 1.232240E-6
3.640000E+1	 1.408244E-9	 1.000107E-2	 1.249122E-6
3.620000E+1	 1.407991E-9	 1.000100E-2	 1.266395E-6
3.600000E+1	 1.389170E-9	 1.000095E-2	 1.283779E-6
3.580000E+1	 1.375118E-9	 1.000105E-2	 1.302115E-6
3.560000E+1	 1.359081E-9	 1.000100E-2	 1.321452E-6
3.540000E+1	 1.338488E-9	 1.000107E-2	 1.341259E-6
3.520000E+1	 1.335239E-9	 1.000096E-2	 1.360671E-6
3.500000E+1	 1.313969E-9	 1.000112E-2	 1.381600E-6
3.480000E+1	 1.315278E-9	 1.000091E-2	 1.402429E-6
3.460000E+1	 1.293461E-9	 1.000109E-2	 1.424512E-6
3.440000E+1	 1.272867E-9	 1.000107E-2	 1.446563E-6
3.420000E+1	 1.269828E-9	 1.000115E-2	 1.468821E-6
3.400000E+1	 1.250543E-9	 1.000099E-2	 1.492324E-6
3.380000E+1	 1.247293E-9	 1.000097E-2	 1.515482E-6
3.360000E+1	 1.227375E-9	 1.000092E-2	 1.539164E-6
3.340000E+1	 1.206486E-9	 1.000109E-2	 1.562226E-6
3.320000E+1	 1.217923E-9	 1.000090E-2	 1.593503E-6
3.300000E+1	 1.205853E-9	 1.000092E-2	 1.618036E-6
3.280000E+1	 1.167578E-9	 1.000099E-2	 1.644141E-6
3.260000E+1	 1.159686E-9	 1.000112E-2	 1.669153E-6
3.240000E+1	 1.158126E-9	 1.000104E-2	 1.694211E-6
3.220000E+1	 1.139388E-9	 1.000103E-2	 1.720448E-6
3.200000E+1	 1.145633E-9	 1.000099E-2	 1.746264E-6
3.180000E+1	 1.114406E-9	 1.000088E-2	 1.773685E-6
3.160000E+1	 1.106346E-9	 1.000115E-2	 1.800718E-6
3.140000E+1	 1.102168E-9	 1.000102E-2	 1.826865E-6
3.120000E+1	 1.085119E-9	 1.000096E-2	 1.853379E-6
3.100000E+1	 1.075497E-9	 1.000095E-2	 1.881305E-6
3.080000E+1	 1.070856E-9	 1.000099E-2	 1.909120E-6
3.060000E+1	 1.052077E-9	 1.000105E-2	 1.935070E-6
3.040000E+1	 1.044270E-9	 1.000091E-2	 1.972697E-6
3.020000E+1	 1.032327E-9	 1.000091E-2	 1.998768E-6
3.000000E+1	 1.015574E-9	 1.000104E-2	 2.035919E-6
2.980000E+1	 1.002239E-9	 1.000093E-2	 2.062560E-6
2.960000E+1	 9.739226E-10	 1.000092E-2	 2.089600E-6
2.940000E+1	 9.867511E-10	 1.000090E-2	 2.118469E-6
2.920000E+1	 9.595741E-10	 1.000086E-2	 2.147154E-6
2.900000E+1	 9.561987E-10	 1.000088E-2	 2.175386E-6
2.880000E+1	 9.493624E-10	 1.000108E-2	 2.204198E-6
2.860000E+1	 9.309626E-10	 1.000085E-2	 2.232664E-6
2.840000E+1	 9.177958E-10	 1.000086E-2	 2.263198E-6
2.820000E+1	 9.172900E-10	 1.000108E-2	 2.292704E-6
2.800000E+1	 9.031538E-10	 1.000088E-2	 2.321869E-6
2.780000E+1	 8.920547E-10	 1.000098E-2	 2.352886E-6
2.760000E+1	 8.815891E-10	 1.000099E-2	 2.381449E-6
2.740000E+1	 8.638653E-10	 1.000086E-2	 2.411734E-6
2.720000E+1	 8.611647E-10	 1.000096E-2	 2.440917E-6
2.700000E+1	 8.477030E-10	 1.000079E-2	 2.470994E-6
2.680000E+1	 8.390518E-10	 1.000109E-2	 2.501360E-6
2.660000E+1	 8.269400E-10	 1.000072E-2	 2.531348E-6
2.640000E+1	 7.951636E-10	 1.000098E-2	 2.560908E-6
2.620000E+1	 8.110304E-10	 1.000100E-2	 2.593226E-6
2.600000E+1	 7.817441E-10	 1.000090E-2	 2.621383E-6
2.580000E+1	 7.857108E-10	 1.000098E-2	 2.652981E-6
2.560000E+1	 7.695486E-10	 1.000101E-2	 2.681990E-6
2.540000E+1	 7.503049E-10	 1.000088E-2	 2.712054E-6
2.520000E+1	 7.461698E-10	 1.000098E-2	 2.741833E-6
2.500000E+1	 7.486597E-10	 1.000106E-2	 2.770224E-6
2.480000E+1	 7.256598E-10	 1.000107E-2	 2.799951E-6
2.460000E+1	 7.177686E-10	 1.000107E-2	 2.829321E-6
2.440000E+1	 7.084006E-10	 1.000098E-2	 2.860339E-6
2.420000E+1	 6.955297E-10	 1.000087E-2	 2.889786E-6
2.400000E+1	 6.802954E-10	 1.000094E-2	 2.919503E-6
2.380000E+1	 6.813928E-10	 1.000082E-2	 2.950480E-6
2.360000E+1	 6.630776E-10	 1.000107E-2	 2.978600E-6
2.340000E+1	 6.476325E-10	 1.000098E-2	 3.008039E-6
2.320000E+1	 6.415978E-10	 1.000118E-2	 3.036394E-6
2.300000E+1	 6.307521E-10	 1.000083E-2	 3.063682E-6
2.280000E+1	 6.306682E-10	 1.000092E-2	 3.105129E-6
2.260000E+1	 6.062347E-10	 1.000086E-2	 3.131774E-6
2.240000E+1	 5.878352E-10	 1.000104E-2	 3.159555E-6
2.220000E+1	 5.777916E-10	 1.000098E-2	 3.189158E-6
2.200000E+1	 5.709973E-10	 1.000092E-2	 3.216676E-6
2.180000E+1	 5.637391E-10	 1.000101E-2	 3.246127E-6
2.160000E+1	 5.544973E-10	 1.000095E-2	 3.275292E-6
2.140000E+1	 5.550883E-10	 1.000096E-2	 3.301854E-6
2.120000E+1	 5.255064E-10	 1.000110E-2	 3.331737E-6
2.100000E+1	 5.281643E-10	 1.000110E-2	 3.359935E-6
2.080000E+1	 5.136054E-10	 1.000110E-2	 3.386663E-6
2.060000E+1	 4.935183E-10	 1.000123E-2	 3.416543E-6
2.040000E+1	 4.947844E-10	 1.000099E-2	 3.443243E-6
2.020000E+1	 4.853737E-10	 1.000094E-2	 3.471745E-6
2.000000E+1	 4.633456E-10	 1.000100E-2	 3.499760E-6
1.980000E+1	 4.638521E-10	 1.000103E-2	 3.526394E-6
1.960000E+1	 4.482376E-10	 1.000082E-2	 3.555221E-6
1.940000E+1	 4.355356E-10	 1.000096E-2	 3.579465E-6
1.920000E+1	 4.235088E-10	 1.000100E-2	 3.607920E-6
1.900000E+1	 4.251546E-10	 1.000096E-2	 3.636197E-6
1.880000E+1	 4.039278E-10	 1.000087E-2	 3.664712E-6
1.860000E+1	 3.915629E-10	 1.000094E-2	 3.688111E-6
1.840000E+1	 4.010162E-10	 1.000104E-2	 3.716853E-6
1.820000E+1	 3.737972E-10	 1.000102E-2	 3.743957E-6
1.800000E+1	 3.665388E-10	 1.000091E-2	 3.770328E-6
1.780000E+1	 3.646820E-10	 1.000088E-2	 3.794376E-6
1.760000E+1	 3.407123E-10	 1.000083E-2	 3.821577E-6
1.740000E+1	 3.347201E-10	 1.000090E-2	 3.846925E-6
1.720000E+1	 3.340448E-10	 1.000096E-2	 3.873985E-6
1.700000E+1	 3.158144E-10	 1.000090E-2	 3.901350E-6
1.680000E+1	 3.031121E-10	 1.000100E-2	 3.925423E-6
1.660000E+1	 2.946720E-10	 1.000083E-2	 3.952873E-6
1.640000E+1	 2.944188E-10	 1.000096E-2	 3.975544E-6
1.620000E+1	 2.796492E-10	 1.000093E-2	 4.001050E-6
1.600000E+1	 2.501092E-10	 1.000095E-2	 4.027123E-6
1.580000E+1	 2.570723E-10	 1.000099E-2	 4.054266E-6
1.560000E+1	 2.393057E-10	 1.000091E-2	 4.078557E-6
1.540000E+1	 2.311613E-10	 1.000092E-2	 4.101706E-6
1.520000E+1	 2.178262E-10	 1.000105E-2	 4.128725E-6
1.500000E+1	 2.096816E-10	 1.000099E-2	 4.151373E-6
1.480000E+1	 3.000739E-10	 1.000097E-2	 4.180894E-6
1.460000E+1	 1.893833E-10	 1.000100E-2	 4.201312E-6
1.440000E+1	 1.808590E-10	 1.000095E-2	 4.224005E-6
1.420000E+1	 1.695494E-10	 1.000098E-2	 4.249135E-6
1.400000E+1	 1.484494E-10	 1.000099E-2	 4.272799E-6
1.380000E+1	 1.427103E-10	 1.000092E-2	 4.296934E-6
1.360000E+1	 1.262102E-10	 1.000110E-2	 4.320476E-6
1.340000E+1	 1.235939E-10	 1.000092E-2	 4.344326E-6
1.320000E+1	 1.091613E-10	 1.000097E-2	 4.365242E-6
1.300000E+1	 1.110603E-10	 1.000103E-2	 4.388846E-6
1.280000E+1	 9.662793E-11	 1.000089E-2	 4.412964E-6
1.260000E+1	 8.599352E-11	 1.000099E-2	 4.436461E-6
1.240000E+1	 6.856490E-11	 1.000092E-2	 4.458312E-6
1.220000E+1	 7.101272E-11	 1.000092E-2	 4.483629E-6
1.200000E+1	 5.265566E-11	 1.000097E-2	 4.505906E-6
1.180000E+1	 3.860307E-11	 1.000083E-2	 4.525757E-6
1.160000E+1	 3.586002E-11	 1.000101E-2	 4.549062E-6
1.140000E+1	 1.172176E-11	 1.000096E-2	 4.568590E-6
1.120000E+1	 1.378944E-11	 1.000106E-2	 4.591565E-6
1.100000E+1	 -9.504814E-12	 1.000097E-2	 4.614434E-6
1.080000E+1	 -1.735390E-11	 1.000074E-2	 4.634280E-6
1.060000E+1	 -1.967494E-11	 1.000108E-2	 4.655926E-6
1.040000E+1	 -3.807422E-11	 1.000088E-2	 4.678593E-6
1.020000E+1	 -3.908698E-11	 1.000091E-2	 4.700652E-6
1.000000E+1	 -6.086212E-11	 1.000091E-2	 4.719659E-6
9.800000E+0	 -6.027140E-11	 1.000099E-2	 4.743924E-6
9.600000E+0	 -8.010535E-11	 1.000096E-2	 4.764968E-6
9.400001E+0	 -8.229976E-11	 1.000089E-2	 4.783612E-6
9.200001E+0	 -8.698394E-11	 1.000100E-2	 4.811157E-6
9.000000E+0	 -1.035263E-10	 1.000092E-2	 4.829149E-6
8.800000E+0	 -1.243731E-10	 1.000086E-2	 4.851213E-6
8.600000E+0	 -1.310829E-10	 1.000097E-2	 4.870420E-6
8.400001E+0	 -1.481317E-10	 1.000092E-2	 4.891748E-6
8.200000E+0	 -1.513810E-10	 1.000080E-2	 4.908328E-6
8.000000E+0	 -1.618888E-10	 1.000096E-2	 4.929703E-6
7.800000E+0	 -1.714682E-10	 1.000088E-2	 4.948199E-6
7.600000E+0	 -1.742112E-10	 1.000103E-2	 4.967882E-6
7.400000E+0	 -1.984766E-10	 1.000093E-2	 4.985143E-6
7.200000E+0	 -1.987721E-10	 1.000090E-2	 5.005036E-6
7.000000E+0	 -2.138805E-10	 1.000093E-2	 5.022578E-6
6.800000E+0	 -2.141338E-10	 1.000088E-2	 5.040233E-6
6.600000E+0	 -2.369231E-10	 1.000091E-2	 5.052955E-6
6.400000E+0	 -2.465030E-10	 1.000086E-2	 5.076934E-6
6.200000E+0	 -2.512297E-10	 1.000082E-2	 5.089498E-6
6.000000E+0	 -2.620757E-10	 1.000092E-2	 5.115796E-6
5.800000E+0	 -2.770998E-10	 1.000099E-2	 5.131510E-6
5.600000E+0	 -2.968927E-10	 1.000084E-2	 5.144725E-6
5.400000E+0	 -3.106508E-10	 1.000087E-2	 5.161629E-6
5.200000E+0	 -3.162214E-10	 1.000105E-2	 5.177890E-6
5.000000E+0	 -3.274474E-10	 1.000099E-2	 5.194748E-6
4.800000E+0	 -3.318364E-10	 1.000099E-2	 5.208696E-6
4.600000E+0	 -3.373650E-10	 1.000081E-2	 5.225420E-6
4.400000E+0	 -3.460587E-10	 1.000099E-2	 5.242408E-6
4.200000E+0	 -3.592680E-10	 1.000103E-2	 5.258146E-6
4.000000E+0	 -3.793987E-10	 1.000096E-2	 5.275117E-6
3.800000E+0	 -3.723085E-10	 1.000082E-2	 5.290153E-6
3.600000E+0	 -3.826482E-10	 1.000095E-2	 5.307079E-6
3.400000E+0	 -3.910042E-10	 1.000097E-2	 5.323548E-6
3.200000E+0	 -4.064082E-10	 1.000099E-2	 5.338691E-6
3.000000E+0	 -4.155661E-10	 1.000088E-2	 5.355273E-6
2.800000E+0	 -4.451500E-10	 1.000086E-2	 5.372664E-6
2.600000E+0	 -4.492013E-10	 1.000094E-2	 5.387615E-6
2.400000E+0	 -4.475133E-10	 1.000085E-2	 5.405660E-6
2.200000E+0	 -4.511005E-10	 1.000098E-2	 5.420540E-6
2.000000E+0	 -4.714000E-10	 1.000097E-2	 5.439525E-6
1.800000E+0	 -4.815284E-10	 1.000087E-2	 5.456099E-6
1.600000E+0	 -4.962571E-10	 1.000090E-2	 5.469806E-6
1.400000E+0	 -4.906443E-10	 1.000095E-2	 5.485111E-6
1.200000E+0	 -5.160923E-10	 1.000096E-2	 5.500635E-6
1.000000E+0	 -5.328045E-10	 1.000087E-2	 5.518185E-6
8.000002E-1	 -5.234778E-10	 1.000078E-2	 5.534211E-6
6.000001E-1	 -5.478286E-10	 1.000081E-2	 5.548266E-6
4.000002E-1	 -5.528929E-10	 1.000076E-2	 5.566514E-6
2.000002E-1	 -5.617976E-10	 1.000089E-2	 5.581196E-6
1.490116E-7	 -5.642032E-10	 1.000090E-2	 5.598133E-6
-1.999999E-1	 -5.728967E-10	 1.000068E-2	 5.614286E-6
-3.999999E-1	 -6.004546E-10	 1.000084E-2	 5.630150E-6
-5.999998E-1	 -5.926474E-10	 1.000089E-2	 5.651737E-6
-7.999998E-1	 -6.096550E-10	 1.000088E-2	 5.666124E-6
-9.999999E-1	 -6.329085E-10	 1.000081E-2	 5.680168E-6
-1.200000E+0	 -6.450629E-10	 1.000094E-2	 5.693556E-6
-1.400000E+0	 -6.498316E-10	 1.000069E-2	 5.710017E-6
-1.600000E+0	 -6.634210E-10	 1.000082E-2	 5.727545E-6
-1.800000E+0	 -6.609313E-10	 1.000104E-2	 5.741226E-6
-2.000000E+0	 -6.681898E-10	 1.000074E-2	 5.754924E-6
-2.200000E+0	 -6.755752E-10	 1.000094E-2	 5.771241E-6
-2.400000E+0	 -6.958323E-10	 1.000088E-2	 5.785583E-6
-2.600000E+0	 -7.014452E-10	 1.000092E-2	 5.800062E-6
-2.800000E+0	 -7.224621E-10	 1.000093E-2	 5.814181E-6
-3.000000E+0	 -7.258801E-10	 1.000090E-2	 5.827521E-6
-3.200000E+0	 -7.400604E-10	 1.000077E-2	 5.843361E-6
-3.400000E+0	 -7.053276E-10	 1.000093E-2	 5.853060E-6
-3.600000E+0	 -7.512440E-10	 1.000085E-2	 5.868974E-6
-3.800000E+0	 -7.622169E-10	 1.000088E-2	 5.882456E-6
-4.000000E+0	 -7.756795E-10	 1.000111E-2	 5.899055E-6
-4.200000E+0	 -7.865675E-10	 1.000089E-2	 5.911893E-6
-4.400000E+0	 -7.971182E-10	 1.000074E-2	 5.925692E-6
-4.600000E+0	 -8.077109E-10	 1.000111E-2	 5.938451E-6
-4.800000E+0	 -8.169110E-10	 1.000072E-2	 5.952198E-6
-5.000000E+0	 -8.174598E-10	 1.000110E-2	 5.967450E-6
-5.200000E+0	 -8.305847E-10	 1.000106E-2	 5.979075E-6
-5.400000E+0	 -8.615613E-10	 1.000092E-2	 5.992601E-6
-5.600000E+0	 -8.670052E-10	 1.000080E-2	 6.006087E-6
-5.800000E+0	 -8.608436E-10	 1.000101E-2	 6.018069E-6
-6.000000E+0	 -8.878532E-10	 1.000107E-2	 6.031412E-6
-6.200000E+0	 -8.886130E-10	 1.000096E-2	 6.044163E-6
-6.400000E+0	 -9.011473E-10	 1.000079E-2	 6.053106E-6
-6.600000E+0	 -9.042279E-10	 1.000086E-2	 6.066498E-6
-6.800000E+0	 -9.112336E-10	 1.000098E-2	 6.082455E-6
-7.000000E+0	 -9.327984E-10	 1.000095E-2	 6.092747E-6
-7.200000E+0	 -9.322503E-10	 1.000092E-2	 6.107573E-6
-7.400000E+0	 -9.423369E-10	 1.000085E-2	 6.119442E-6
-7.600000E+0	 -9.641976E-10	 1.000095E-2	 6.130912E-6
-7.800000E+0	 -8.593244E-10	 1.000092E-2	 6.145243E-6
-8.000000E+0	 -9.692616E-10	 1.000085E-2	 6.157950E-6
-8.200000E+0	 -9.909543E-10	 1.000089E-2	 6.168556E-6
-8.400000E+0	 -9.857629E-10	 1.000111E-2	 6.179659E-6
-8.600000E+0	 -1.002644E-9	 1.000097E-2	 6.191883E-6
-8.800000E+0	 -1.015431E-9	 1.000091E-2	 6.202536E-6
-9.000000E+0	 -1.020284E-9	 1.000097E-2	 6.213608E-6
-9.200000E+0	 -1.042905E-9	 1.000095E-2	 6.225051E-6
-9.400000E+0	 -1.037672E-9	 1.000092E-2	 6.238004E-6
-9.600000E+0	 -1.063374E-9	 1.000080E-2	 6.246506E-6
-9.800000E+0	 -1.070084E-9	 1.000083E-2	 6.259403E-6
-1.000000E+1	 -1.081436E-9	 1.000095E-2	 6.266583E-6
