-1.000000E+1	 -1.533299E-9	 1.000097E-2	 5.434063E-6
-9.800000E+0	 -1.289580E-9	 1.000087E-2	 5.462329E-6
-9.600000E+0	 -1.160398E-9	 1.000094E-2	 5.521346E-6
-9.400000E+0	 -1.093508E-9	 1.000113E-2	 5.603354E-6
-9.200000E+0	 -1.033791E-9	 1.000092E-2	 5.700761E-6
-9.000000E+0	 -9.488792E-10	 1.000093E-2	 5.793131E-6
-8.800000E+0	 -8.651917E-10	 1.000107E-2	 5.870766E-6
-8.600000E+0	 -7.649187E-10	 1.000099E-2	 5.923460E-6
-8.400000E+0	 -6.731704E-10	 1.000099E-2	 5.960795E-6
-8.200000E+0	 -6.037894E-10	 1.000092E-2	 5.985375E-6
-8.000000E+0	 -5.406967E-10	 1.000094E-2	 6.000463E-6
-7.800000E+0	 -4.863820E-10	 1.000098E-2	 6.009206E-6
-7.600000E+0	 -4.404235E-10	 1.000086E-2	 6.015084E-6
-7.400000E+0	 -3.969549E-10	 1.000090E-2	 6.015171E-6
-7.200000E+0	 -3.603654E-10	 1.000093E-2	 6.012984E-6
-7.000000E+0	 -3.335669E-10	 1.000097E-2	 6.010938E-6
-6.800000E+0	 -3.025902E-10	 1.000074E-2	 6.003905E-6
-6.600000E+0	 -2.696723E-10	 1.000093E-2	 5.998499E-6
-6.400000E+0	 -2.312680E-10	 1.000093E-2	 5.991124E-6
-6.200000E+0	 -2.092383E-10	 1.000098E-2	 5.985470E-6
-6.000000E+0	 -1.887702E-10	 1.000102E-2	 5.975369E-6
-5.800000E+0	 -1.400714E-10	 1.000109E-2	 5.963812E-6
-5.600000E+0	 -4.723145E-11	 1.000111E-2	 5.941613E-6
-5.400000E+0	 -1.655208E-11	 1.000088E-2	 5.912477E-6
-5.200000E+0	 3.577361E-12	 1.000093E-2	 5.885145E-6
-5.000000E+0	 2.514153E-11	 1.000103E-2	 5.852909E-6
-4.800000E+0	 4.109305E-11	 1.000089E-2	 5.822351E-6
-4.600000E+0	 8.696438E-11	 1.000107E-2	 5.789864E-6
-4.400000E+0	 7.911513E-11	 1.000088E-2	 5.762102E-6
-4.200000E+0	 1.090772E-10	 1.000094E-2	 5.728933E-6
-4.000000E+0	 1.225811E-10	 1.000096E-2	 5.699396E-6
-3.800000E+0	 1.428371E-10	 1.000088E-2	 5.665618E-6
-3.600000E+0	 1.616583E-10	 1.000087E-2	 5.634935E-6
-3.400000E+0	 2.255913E-10	 1.000091E-2	 5.603090E-6
-3.200000E+0	 2.710408E-10	 1.000092E-2	 5.567355E-6
-3.000000E+0	 2.752186E-10	 1.000088E-2	 5.536856E-6
-2.800000E+0	 2.768222E-10	 1.000096E-2	 5.504327E-6
-2.600000E+0	 3.118060E-10	 1.000085E-2	 5.473732E-6
-2.400000E+0	 3.112571E-10	 1.000096E-2	 5.439330E-6
-2.200000E+0	 3.414303E-10	 1.000091E-2	 5.406044E-6
-2.000000E+0	 3.565377E-10	 1.000107E-2	 5.372470E-6
-1.800000E+0	 3.448906E-10	 1.000093E-2	 5.340719E-6
-1.600000E+0	 3.872595E-10	 1.000092E-2	 5.307175E-6
-1.400000E+0	 4.084860E-10	 1.000071E-2	 5.272947E-6
-1.200000E+0	 4.065031E-10	 1.000118E-2	 5.239411E-6
-9.999999E-1	 4.124530E-10	 1.000091E-2	 5.204224E-6
-7.999998E-1	 4.371821E-10	 1.000104E-2	 5.170491E-6
-5.999998E-1	 4.535553E-10	 1.000088E-2	 5.134576E-6
-3.999999E-1	 4.356626E-10	 1.000113E-2	 5.100672E-6
-1.999999E-1	 4.657937E-10	 1.000107E-2	 5.062467E-6
1.490116E-7	 4.286996E-10	 1.000103E-2	 5.022564E-6
2.000002E-1	 4.172639E-10	 1.000114E-2	 4.972815E-6
4.000002E-1	 3.684386E-10	 1.000092E-2	 4.938740E-6
6.000001E-1	 3.797059E-10	 1.000091E-2	 4.904335E-6
8.000002E-1	 3.714349E-10	 1.000095E-2	 4.871980E-6
1.000000E+0	 3.938007E-10	 1.000112E-2	 4.839309E-6
1.200000E+0	 4.076000E-10	 1.000097E-2	 4.804106E-6
1.400000E+0	 4.222437E-10	 1.000091E-2	 4.769374E-6
1.600000E+0	 4.342706E-10	 1.000091E-2	 4.727993E-6
1.800000E+0	 4.397569E-10	 1.000082E-2	 4.690205E-6
2.000000E+0	 4.557925E-10	 1.000099E-2	 4.654976E-6
2.200000E+0	 4.616159E-10	 1.000096E-2	 4.617651E-6
2.400000E+0	 4.843201E-10	 1.000091E-2	 4.583374E-6
2.600000E+0	 4.971066E-10	 1.000081E-2	 4.551408E-6
2.800000E+0	 4.993009E-10	 1.000084E-2	 4.515935E-6
3.000000E+0	 5.174890E-10	 1.000091E-2	 4.485481E-6
3.200000E+0	 5.431888E-10	 1.000093E-2	 4.453475E-6
3.400000E+0	 5.325542E-10	 1.000097E-2	 4.423266E-6
3.600000E+0	 5.519664E-10	 1.000107E-2	 4.392548E-6
3.800000E+0	 5.538233E-10	 1.000088E-2	 4.360856E-6
4.000000E+0	 5.839540E-10	 1.000091E-2	 4.328259E-6
4.200000E+0	 5.909169E-10	 1.000099E-2	 4.293113E-6
4.400000E+0	 6.039569E-10	 1.000099E-2	 4.261262E-6
4.600000E+0	 6.172921E-10	 1.000114E-2	 4.229272E-6
4.800000E+0	 6.305435E-10	 1.000099E-2	 4.198084E-6
5.000000E+0	 6.354379E-10	 1.000105E-2	 4.166156E-6
5.200000E+0	 6.482664E-10	 1.000110E-2	 4.133216E-6
5.400000E+0	 6.474652E-10	 1.000095E-2	 4.100454E-6
5.600000E+0	 6.718990E-10	 1.000093E-2	 4.070480E-6
5.800000E+0	 6.735875E-10	 1.000101E-2	 4.040925E-6
6.000000E+0	 6.809298E-10	 1.000088E-2	 4.010406E-6
6.200000E+0	 6.921134E-10	 1.000108E-2	 3.979259E-6
6.400000E+0	 7.084863E-10	 1.000097E-2	 3.945557E-6
6.600000E+0	 7.315277E-10	 1.000098E-2	 3.911757E-6
6.800000E+0	 7.230451E-10	 1.000092E-2	 3.875069E-6
7.000000E+0	 7.438922E-10	 1.000102E-2	 3.840098E-6
7.200000E+0	 7.595482E-10	 1.000109E-2	 3.803317E-6
7.400000E+0	 7.714483E-10	 1.000106E-2	 3.765784E-6
7.600000E+0	 7.819143E-10	 1.000106E-2	 3.726504E-6
7.800000E+0	 8.085849E-10	 1.000105E-2	 3.686379E-6
8.000000E+0	 8.005665E-10	 1.000096E-2	 3.649655E-6
8.200000E+0	 8.167295E-10	 1.000106E-2	 3.609415E-6
8.400001E+0	 8.254646E-10	 1.000100E-2	 3.569722E-6
8.600000E+0	 8.481266E-10	 1.000104E-2	 3.531083E-6
8.800000E+0	 8.523037E-10	 1.000105E-2	 3.490468E-6
9.000000E+0	 8.672428E-10	 1.000119E-2	 3.450572E-6
9.200001E+0	 8.721379E-10	 1.000104E-2	 3.410507E-6
9.400001E+0	 8.776239E-10	 1.000103E-2	 3.372299E-6
9.600000E+0	 8.962339E-10	 1.000102E-2	 3.332411E-6
9.800000E+0	 8.968665E-10	 1.000098E-2	 3.292107E-6
1.000000E+1	 9.066153E-10	 1.000099E-2	 3.250677E-6
1.020000E+1	 9.312177E-10	 1.000095E-2	 3.212309E-6
1.040000E+1	 9.364083E-10	 1.000103E-2	 3.174057E-6
1.060000E+1	 9.390253E-10	 1.000092E-2	 3.133350E-6
1.080000E+1	 9.531200E-10	 1.000100E-2	 3.093323E-6
1.100000E+1	 9.629104E-10	 1.000112E-2	 3.053546E-6
1.120000E+1	 9.837982E-10	 1.000106E-2	 3.012896E-6
1.140000E+1	 9.998354E-10	 1.000093E-2	 2.973047E-6
1.160000E+1	 1.003548E-9	 1.000105E-2	 2.934378E-6
1.180000E+1	 1.022032E-9	 1.000108E-2	 2.894405E-6
1.200000E+1	 1.020513E-9	 1.000089E-2	 2.857073E-6
1.220000E+1	 1.030093E-9	 1.000101E-2	 2.817894E-6
1.240000E+1	 1.039166E-9	 1.000108E-2	 2.779389E-6
1.260000E+1	 1.052163E-9	 1.000088E-2	 2.741034E-6
1.280000E+1	 1.066384E-9	 1.000099E-2	 2.702397E-6
1.300000E+1	 1.075289E-9	 1.000108E-2	 2.664683E-6
1.320000E+1	 1.078285E-9	 1.000107E-2	 2.626770E-6
1.340000E+1	 1.103816E-9	 1.000094E-2	 2.589167E-6
1.360000E+1	 1.107277E-9	 1.000099E-2	 2.551847E-6
1.380000E+1	 1.115463E-9	 1.000109E-2	 2.514877E-6
1.400000E+1	 1.127195E-9	 1.000099E-2	 2.478057E-6
1.420000E+1	 1.126857E-9	 1.000099E-2	 2.440512E-6
1.440000E+1	 1.156313E-9	 1.000112E-2	 2.403149E-6
1.460000E+1	 1.154414E-9	 1.000099E-2	 2.368021E-6
1.480000E+1	 1.173530E-9	 1.000099E-2	 2.330693E-6
1.500000E+1	 1.165343E-9	 1.000102E-2	 2.296914E-6
1.520000E+1	 1.193152E-9	 1.000110E-2	 2.260066E-6
1.540000E+1	 1.199230E-9	 1.000108E-2	 2.224345E-6
1.560000E+1	 1.201973E-9	 1.000099E-2	 2.188790E-6
1.580000E+1	 1.225056E-9	 1.000095E-2	 2.155274E-6
1.600000E+1	 1.230584E-9	 1.000090E-2	 2.120401E-6
1.620000E+1	 1.235227E-9	 1.000084E-2	 2.087035E-6
1.640000E+1	 1.245946E-9	 1.000106E-2	 2.052686E-6
1.660000E+1	 1.264387E-9	 1.000091E-2	 2.021035E-6
1.680000E+1	 1.269366E-9	 1.000093E-2	 1.987489E-6
1.700000E+1	 1.282533E-9	 1.000105E-2	 1.954902E-6
1.720000E+1	 1.293125E-9	 1.000106E-2	 1.922851E-6
1.740000E+1	 1.315449E-9	 1.000101E-2	 1.891293E-6
1.760000E+1	 1.305869E-9	 1.000091E-2	 1.862040E-6
1.780000E+1	 1.325746E-9	 1.000109E-2	 1.830966E-6
1.800000E+1	 1.331822E-9	 1.000092E-2	 1.801154E-6
1.820000E+1	 1.348618E-9	 1.000100E-2	 1.771951E-6
1.840000E+1	 1.354906E-9	 1.000090E-2	 1.742927E-6
1.860000E+1	 1.363219E-9	 1.000094E-2	 1.714862E-6
1.880000E+1	 1.389848E-9	 1.000108E-2	 1.686721E-6
1.900000E+1	 1.394320E-9	 1.000096E-2	 1.659746E-6
1.920000E+1	 1.393138E-9	 1.000122E-2	 1.633805E-6
1.940000E+1	 1.412214E-9	 1.000090E-2	 1.607742E-6
1.960000E+1	 1.413100E-9	 1.000099E-2	 1.582861E-6
1.980000E+1	 1.427828E-9	 1.000092E-2	 1.557815E-6
2.000000E+1	 1.430697E-9	 1.000098E-2	 1.532492E-6
2.020000E+1	 1.451291E-9	 1.000104E-2	 1.510529E-6
2.040000E+1	 1.480830E-9	 1.000087E-2	 1.487303E-6
2.060000E+1	 1.484755E-9	 1.000095E-2	 1.465243E-6
2.080000E+1	 1.487329E-9	 1.000114E-2	 1.443720E-6
2.100000E+1	 1.505686E-9	 1.000102E-2	 1.423812E-6
2.120000E+1	 1.516785E-9	 1.000097E-2	 1.403256E-6
2.140000E+1	 1.515941E-9	 1.000088E-2	 1.384604E-6
2.160000E+1	 1.531977E-9	 1.000100E-2	 1.365402E-6
2.180000E+1	 1.541050E-9	 1.000093E-2	 1.347657E-6
2.200000E+1	 1.556073E-9	 1.000094E-2	 1.329793E-6
2.220000E+1	 1.564133E-9	 1.000104E-2	 1.313297E-6
2.240000E+1	 1.586922E-9	 1.000100E-2	 1.297578E-6
2.260000E+1	 1.573502E-9	 1.000097E-2	 1.282345E-6
2.280000E+1	 1.588905E-9	 1.000110E-2	 1.267839E-6
2.300000E+1	 1.593293E-9	 1.000097E-2	 1.254110E-6
2.320000E+1	 1.618824E-9	 1.000106E-2	 1.241371E-6
2.340000E+1	 1.620472E-9	 1.000104E-2	 1.229085E-6
2.360000E+1	 1.632455E-9	 1.000096E-2	 1.217054E-6
2.380000E+1	 1.629586E-9	 1.000085E-2	 1.206550E-6
2.400000E+1	 1.658409E-9	 1.000097E-2	 1.195997E-6
2.420000E+1	 1.664611E-9	 1.000087E-2	 1.186658E-6
2.440000E+1	 1.660982E-9	 1.000098E-2	 1.177699E-6
2.460000E+1	 1.672124E-9	 1.000102E-2	 1.169633E-6
2.480000E+1	 1.690438E-9	 1.000106E-2	 1.162508E-6
2.500000E+1	 1.714366E-9	 1.000100E-2	 1.155515E-6
2.520000E+1	 1.713353E-9	 1.000104E-2	 1.150258E-6
2.540000E+1	 1.743991E-9	 1.000084E-2	 1.143835E-6
2.560000E+1	 1.748125E-9	 1.000105E-2	 1.139107E-6
2.580000E+1	 1.746606E-9	 1.000090E-2	 1.134846E-6
2.600000E+1	 1.746225E-9	 1.000108E-2	 1.130974E-6
2.620000E+1	 1.757621E-9	 1.000088E-2	 1.128215E-6
2.640000E+1	 1.782350E-9	 1.000106E-2	 1.126340E-6
2.660000E+1	 1.795306E-9	 1.000090E-2	 1.124598E-6
2.680000E+1	 1.824255E-9	 1.000092E-2	 1.122861E-6
2.700000E+1	 1.824761E-9	 1.000096E-2	 1.121422E-6
2.720000E+1	 1.822060E-9	 1.000126E-2	 1.120777E-6
2.740000E+1	 1.833159E-9	 1.000108E-2	 1.120184E-6
2.760000E+1	 1.852950E-9	 1.000098E-2	 1.120467E-6
2.780000E+1	 1.854934E-9	 1.000081E-2	 1.121748E-6
2.800000E+1	 1.862192E-9	 1.000099E-2	 1.122936E-6
2.820000E+1	 1.865780E-9	 1.000104E-2	 1.124346E-6
2.840000E+1	 1.887470E-9	 1.000083E-2	 1.126920E-6
2.860000E+1	 1.896036E-9	 1.000097E-2	 1.129018E-6
2.880000E+1	 1.895784E-9	 1.000108E-2	 1.132184E-6
2.900000E+1	 1.919837E-9	 1.000104E-2	 1.135736E-6
2.920000E+1	 1.919542E-9	 1.000091E-2	 1.139681E-6
2.940000E+1	 1.929754E-9	 1.000096E-2	 1.143011E-6
2.960000E+1	 1.955158E-9	 1.000090E-2	 1.147714E-6
2.980000E+1	 1.949208E-9	 1.000098E-2	 1.152710E-6
3.000000E+1	 1.967355E-9	 1.000091E-2	 1.157325E-6
3.020000E+1	 1.980057E-9	 1.000097E-2	 1.162339E-6
3.040000E+1	 1.976892E-9	 1.000104E-2	 1.168176E-6
3.060000E+1	 1.992588E-9	 1.000102E-2	 1.174198E-6
3.080000E+1	 2.002211E-9	 1.000097E-2	 1.180395E-6
3.100000E+1	 2.008879E-9	 1.000099E-2	 1.186558E-6
3.120000E+1	 2.016221E-9	 1.000102E-2	 1.194230E-6
3.140000E+1	 2.025928E-9	 1.000115E-2	 1.200375E-6
3.160000E+1	 2.043779E-9	 1.000101E-2	 1.207685E-6
3.180000E+1	 2.053062E-9	 1.000108E-2	 1.214400E-6
3.200000E+1	 2.063021E-9	 1.000109E-2	 1.221216E-6
3.220000E+1	 2.081463E-9	 1.000105E-2	 1.228987E-6
3.240000E+1	 2.092013E-9	 1.000109E-2	 1.236314E-6
3.260000E+1	 2.087624E-9	 1.000105E-2	 1.244940E-6
3.280000E+1	 2.099398E-9	 1.000100E-2	 1.253105E-6
3.300000E+1	 2.119908E-9	 1.000111E-2	 1.261287E-6
3.320000E+1	 2.128559E-9	 1.000109E-2	 1.269701E-6
3.340000E+1	 2.134636E-9	 1.000071E-2	 1.278027E-6
3.360000E+1	 2.148222E-9	 1.000107E-2	 1.285911E-6
3.380000E+1	 2.153161E-9	 1.000097E-2	 1.295106E-6
3.400000E+1	 2.168227E-9	 1.000101E-2	 1.303368E-6
3.420000E+1	 2.157254E-9	 1.000101E-2	 1.312816E-6
3.440000E+1	 2.181519E-9	 1.000107E-2	 1.321740E-6
3.460000E+1	 2.191267E-9	 1.000099E-2	 1.330795E-6
3.480000E+1	 2.202704E-9	 1.000093E-2	 1.339987E-6
3.500000E+1	 2.208653E-9	 1.000099E-2	 1.348661E-6
3.520000E+1	 2.228910E-9	 1.000101E-2	 1.357890E-6
3.540000E+1	 2.232961E-9	 1.000086E-2	 1.366797E-6
3.560000E+1	 2.237519E-9	 1.000103E-2	 1.374364E-6
3.580000E+1	 2.243765E-9	 1.000113E-2	 1.387251E-6
3.600000E+1	 2.265118E-9	 1.000109E-2	 1.396213E-6
3.620000E+1	 2.286387E-9	 1.000096E-2	 1.405123E-6
3.640000E+1	 2.289341E-9	 1.000102E-2	 1.413143E-6
3.660000E+1	 2.305291E-9	 1.000103E-2	 1.422581E-6
3.680000E+1	 2.307740E-9	 1.000104E-2	 1.432148E-6
3.700000E+1	 2.320865E-9	 1.000116E-2	 1.441244E-6
3.720000E+1	 2.324873E-9	 1.000104E-2	 1.449822E-6
3.740000E+1	 2.353906E-9	 1.000108E-2	 1.458182E-6
3.760000E+1	 2.345763E-9	 1.000104E-2	 1.467050E-6
3.780000E+1	 2.372179E-9	 1.000096E-2	 1.474475E-6
3.800000E+1	 2.369477E-9	 1.000101E-2	 1.486952E-6
3.820000E+1	 2.382223E-9	 1.000089E-2	 1.494405E-6
3.840000E+1	 2.394501E-9	 1.000092E-2	 1.503653E-6
3.860000E+1	 2.407668E-9	 1.000115E-2	 1.513552E-6
3.880000E+1	 2.411255E-9	 1.000095E-2	 1.520969E-6
3.900000E+1	 2.424507E-9	 1.000105E-2	 1.529398E-6
3.920000E+1	 2.430710E-9	 1.000104E-2	 1.538015E-6
3.940000E+1	 2.448054E-9	 1.000107E-2	 1.545624E-6
3.960000E+1	 2.448475E-9	 1.000102E-2	 1.553730E-6
3.980000E+1	 2.455440E-9	 1.000108E-2	 1.562096E-6
4.000000E+1	 2.472530E-9	 1.000110E-2	 1.570359E-6
4.020000E+1	 2.476750E-9	 1.000107E-2	 1.578246E-6
4.040000E+1	 2.492195E-9	 1.000088E-2	 1.586298E-6
4.060000E+1	 2.487384E-9	 1.000096E-2	 1.594526E-6
4.080000E+1	 2.506839E-9	 1.000092E-2	 1.602342E-6
4.100000E+1	 2.527222E-9	 1.000108E-2	 1.609740E-6
4.120000E+1	 2.531569E-9	 1.000099E-2	 1.617527E-6
4.140000E+1	 2.545748E-9	 1.000099E-2	 1.625461E-6
4.160000E+1	 2.562712E-9	 1.000105E-2	 1.634313E-6
4.180000E+1	 2.560095E-9	 1.000101E-2	 1.641617E-6
4.200000E+1	 2.568535E-9	 1.000120E-2	 1.648292E-6
4.220000E+1	 2.568536E-9	 1.000101E-2	 1.655259E-6
4.240000E+1	 2.603646E-9	 1.000099E-2	 1.662507E-6
4.260000E+1	 2.594953E-9	 1.000097E-2	 1.670034E-6
4.280000E+1	 2.611917E-9	 1.000096E-2	 1.678097E-6
4.300000E+1	 2.611073E-9	 1.000101E-2	 1.684158E-6
4.320000E+1	 2.631118E-9	 1.000106E-2	 1.691986E-6
4.340000E+1	 2.650318E-9	 1.000101E-2	 1.698489E-6
4.360000E+1	 2.640950E-9	 1.000109E-2	 1.705926E-6
4.380000E+1	 2.674373E-9	 1.000110E-2	 1.712302E-6
4.400000E+1	 2.677792E-9	 1.000098E-2	 1.718547E-6
4.420000E+1	 2.682221E-9	 1.000093E-2	 1.725573E-6
4.440000E+1	 2.693194E-9	 1.000099E-2	 1.731895E-6
4.460000E+1	 2.706275E-9	 1.000102E-2	 1.738619E-6
4.480000E+1	 2.703112E-9	 1.000096E-2	 1.745214E-6
4.500000E+1	 2.721259E-9	 1.000115E-2	 1.750561E-6
4.480000E+1	 2.422986E-9	 1.000099E-2	 1.730249E-6
4.460000E+1	 2.335717E-9	 1.000093E-2	 1.711125E-6
4.440000E+1	 2.272629E-9	 1.000109E-2	 1.692025E-6
4.420000E+1	 2.209539E-9	 1.000099E-2	 1.674332E-6
4.400000E+1	 2.171940E-9	 1.000105E-2	 1.656747E-6
4.380000E+1	 2.137377E-9	 1.000111E-2	 1.639271E-6
4.360000E+1	 2.090790E-9	 1.000096E-2	 1.621744E-6
4.340000E+1	 2.057535E-9	 1.000102E-2	 1.604211E-6
4.320000E+1	 2.027784E-9	 1.000090E-2	 1.588110E-6
4.300000E+1	 1.991324E-9	 1.000087E-2	 1.571566E-6
4.280000E+1	 1.957184E-9	 1.000093E-2	 1.556337E-6
4.260000E+1	 1.940304E-9	 1.000087E-2	 1.540019E-6
4.240000E+1	 1.912241E-9	 1.000094E-2	 1.523715E-6
4.220000E+1	 1.890507E-9	 1.000086E-2	 1.507617E-6
4.200000E+1	 1.856917E-9	 1.000100E-2	 1.491893E-6
4.180000E+1	 1.860081E-9	 1.000100E-2	 1.476347E-6
4.160000E+1	 1.816025E-9	 1.000101E-2	 1.460075E-6
4.140000E+1	 1.803533E-9	 1.000111E-2	 1.444940E-6
4.120000E+1	 1.775639E-9	 1.000107E-2	 1.429759E-6
4.100000E+1	 1.763316E-9	 1.000102E-2	 1.414163E-6
4.080000E+1	 1.744074E-9	 1.000103E-2	 1.398576E-6
4.060000E+1	 1.717108E-9	 1.000099E-2	 1.383460E-6
4.040000E+1	 1.699510E-9	 1.000098E-2	 1.368852E-6
4.020000E+1	 1.682251E-9	 1.000097E-2	 1.353728E-6
4.000000E+1	 1.647732E-9	 1.000087E-2	 1.338128E-6
3.980000E+1	 1.643048E-9	 1.000095E-2	 1.323598E-6
3.960000E+1	 1.644609E-9	 1.000092E-2	 1.309101E-6
3.940000E+1	 1.608106E-9	 1.000102E-2	 1.294139E-6
3.920000E+1	 1.602071E-9	 1.000114E-2	 1.279691E-6
3.900000E+1	 1.577173E-9	 1.000105E-2	 1.265034E-6
3.880000E+1	 1.570631E-9	 1.000090E-2	 1.251059E-6
3.860000E+1	 1.558942E-9	 1.000107E-2	 1.237531E-6
3.840000E+1	 1.533750E-9	 1.000124E-2	 1.223902E-6
3.820000E+1	 1.521427E-9	 1.000101E-2	 1.211366E-6
3.800000E+1	 1.514252E-9	 1.000094E-2	 1.197123E-6
3.780000E+1	 1.507036E-9	 1.000091E-2	 1.184477E-6
3.760000E+1	 1.463570E-9	 1.000121E-2	 1.171542E-6
3.740000E+1	 1.463867E-9	 1.000111E-2	 1.158884E-6
3.720000E+1	 1.443019E-9	 1.000107E-2	 1.147491E-6
3.700000E+1	 1.429684E-9	 1.000102E-2	 1.135931E-6
3.680000E+1	 1.413816E-9	 1.000083E-2	 1.124944E-6
3.660000E+1	 1.402296E-9	 1.000096E-2	 1.114608E-6
3.640000E+1	 1.390607E-9	 1.000090E-2	 1.103851E-6
3.620000E+1	 1.382546E-9	 1.000112E-2	 1.094824E-6
3.600000E+1	 1.370183E-9	 1.000110E-2	 1.086027E-6
3.580000E+1	 1.354062E-9	 1.000115E-2	 1.077451E-6
3.560000E+1	 1.326800E-9	 1.000107E-2	 1.069695E-6
3.540000E+1	 1.338405E-9	 1.000108E-2	 1.062353E-6
3.520000E+1	 1.308781E-9	 1.000116E-2	 1.056203E-6
3.500000E+1	 1.302704E-9	 1.000100E-2	 1.051475E-6
3.480000E+1	 1.294644E-9	 1.000096E-2	 1.046204E-6
3.460000E+1	 1.280211E-9	 1.000101E-2	 1.042106E-6
3.440000E+1	 1.261728E-9	 1.000114E-2	 1.039478E-6
3.420000E+1	 1.242738E-9	 1.000097E-2	 1.037274E-6
3.400000E+1	 1.232272E-9	 1.000086E-2	 1.035756E-6
3.380000E+1	 1.223326E-9	 1.000108E-2	 1.035677E-6
3.360000E+1	 1.208260E-9	 1.000113E-2	 1.035917E-6
3.340000E+1	 1.196529E-9	 1.000104E-2	 1.037209E-6
3.320000E+1	 1.188976E-9	 1.000095E-2	 1.039739E-6
3.300000E+1	 1.172897E-9	 1.000083E-2	 1.043232E-6
3.280000E+1	 1.164921E-9	 1.000092E-2	 1.046849E-6
3.260000E+1	 1.148379E-9	 1.000092E-2	 1.052530E-6
3.240000E+1	 1.130950E-9	 1.000108E-2	 1.059363E-6
3.220000E+1	 1.128882E-9	 1.000086E-2	 1.066755E-6
3.200000E+1	 1.118881E-9	 1.000102E-2	 1.075381E-6
3.180000E+1	 1.110187E-9	 1.000106E-2	 1.084667E-6
3.160000E+1	 1.093182E-9	 1.000077E-2	 1.095834E-6
3.140000E+1	 1.075499E-9	 1.000093E-2	 1.107139E-6
3.120000E+1	 1.072292E-9	 1.000100E-2	 1.120164E-6
3.100000E+1	 1.055412E-9	 1.000093E-2	 1.133900E-6
3.080000E+1	 1.043048E-9	 1.000074E-2	 1.148471E-6
3.060000E+1	 1.038153E-9	 1.000101E-2	 1.164679E-6
3.040000E+1	 1.029249E-9	 1.000096E-2	 1.181795E-6
3.020000E+1	 1.011482E-9	 1.000111E-2	 1.198773E-6
3.000000E+1	 1.003212E-9	 1.000105E-2	 1.217838E-6
2.980000E+1	 1.000004E-9	 1.000094E-2	 1.238150E-6
2.960000E+1	 9.862888E-10	 1.000092E-2	 1.258267E-6
2.940000E+1	 9.883987E-10	 1.000094E-2	 1.282707E-6
2.920000E+1	 9.580990E-10	 1.000101E-2	 1.304967E-6
2.900000E+1	 9.306688E-10	 1.000094E-2	 1.328454E-6
2.880000E+1	 9.383074E-10	 1.000100E-2	 1.353614E-6
2.860000E+1	 9.213851E-10	 1.000091E-2	 1.379035E-6
2.840000E+1	 9.014245E-10	 1.000111E-2	 1.404551E-6
2.820000E+1	 9.085142E-10	 1.000111E-2	 1.430883E-6
2.800000E+1	 8.897356E-10	 1.000100E-2	 1.458790E-6
2.780000E+1	 8.770753E-10	 1.000098E-2	 1.486677E-6
2.760000E+1	 8.650481E-10	 1.000113E-2	 1.515076E-6
2.740000E+1	 8.581694E-10	 1.000112E-2	 1.545605E-6
2.720000E+1	 8.542874E-10	 1.000107E-2	 1.575347E-6
2.700000E+1	 8.332710E-10	 1.000106E-2	 1.608204E-6
2.680000E+1	 8.255062E-10	 1.000092E-2	 1.639112E-6
2.660000E+1	 8.166865E-10	 1.000115E-2	 1.670532E-6
2.640000E+1	 9.092742E-10	 1.000107E-2	 1.705828E-6
2.620000E+1	 7.889193E-10	 1.000119E-2	 1.737413E-6
2.600000E+1	 7.896369E-10	 1.000102E-2	 1.771260E-6
2.580000E+1	 7.655832E-10	 1.000102E-2	 1.804650E-6
2.560000E+1	 7.720387E-10	 1.000098E-2	 1.839630E-6
2.540000E+1	 7.554127E-10	 1.000103E-2	 1.873485E-6
2.520000E+1	 7.419505E-10	 1.000100E-2	 1.909086E-6
2.500000E+1	 7.300084E-10	 1.000105E-2	 1.943317E-6
2.480000E+1	 7.224966E-10	 1.000111E-2	 1.980528E-6
2.460000E+1	 7.143102E-10	 1.000088E-2	 2.014457E-6
2.440000E+1	 7.078955E-10	 1.000082E-2	 2.055740E-6
2.420000E+1	 7.015225E-10	 1.000105E-2	 2.091869E-6
2.400000E+1	 6.682696E-10	 1.000109E-2	 2.126694E-6
2.380000E+1	 6.586899E-10	 1.000110E-2	 2.165085E-6
2.360000E+1	 6.483932E-10	 1.000125E-2	 2.201190E-6
2.340000E+1	 6.254366E-10	 1.000102E-2	 2.237718E-6
2.320000E+1	 6.299096E-10	 1.000101E-2	 2.274649E-6
2.300000E+1	 6.135363E-10	 1.000107E-2	 2.313179E-6
2.280000E+1	 6.108352E-10	 1.000105E-2	 2.351506E-6
2.260000E+1	 6.016354E-10	 1.000100E-2	 2.388040E-6
2.240000E+1	 5.876252E-10	 1.000105E-2	 2.425459E-6
2.220000E+1	 5.752606E-10	 1.000101E-2	 2.462944E-6
2.200000E+1	 5.706611E-10	 1.000103E-2	 2.499988E-6
2.180000E+1	 5.577476E-10	 1.000105E-2	 2.538173E-6
2.160000E+1	 5.427243E-10	 1.000092E-2	 2.576491E-6
2.140000E+1	 5.465647E-10	 1.000103E-2	 2.613053E-6
2.120000E+1	 5.256337E-10	 1.000093E-2	 2.649146E-6
2.100000E+1	 5.271527E-10	 1.000118E-2	 2.690708E-6
2.080000E+1	 5.056731E-10	 1.000096E-2	 2.727537E-6
2.060000E+1	 4.918737E-10	 1.000104E-2	 2.767693E-6
2.040000E+1	 4.714910E-10	 1.000102E-2	 2.801798E-6
2.020000E+1	 4.649922E-10	 1.000096E-2	 2.840196E-6
2.000000E+1	 4.508127E-10	 1.000092E-2	 2.876249E-6
1.980000E+1	 4.487030E-10	 1.000106E-2	 2.913431E-6
1.960000E+1	 4.379415E-10	 1.000094E-2	 2.950449E-6
1.940000E+1	 4.314852E-10	 1.000096E-2	 2.986195E-6
1.920000E+1	 4.070936E-10	 1.000092E-2	 3.022498E-6
1.900000E+1	 4.111448E-10	 1.000092E-2	 3.059272E-6
1.880000E+1	 3.967125E-10	 1.000090E-2	 3.096219E-6
1.860000E+1	 3.894960E-10	 1.000100E-2	 3.132200E-6
1.840000E+1	 3.783977E-10	 1.000100E-2	 3.169411E-6
1.820000E+1	 3.640071E-10	 1.000112E-2	 3.206211E-6
1.800000E+1	 3.610112E-10	 1.000097E-2	 3.238974E-6
1.780000E+1	 3.439203E-10	 1.000097E-2	 3.276460E-6
1.760000E+1	 3.364928E-10	 1.000098E-2	 3.316184E-6
1.740000E+1	 3.294456E-10	 1.000100E-2	 3.350938E-6
1.720000E+1	 2.993570E-10	 1.000109E-2	 3.385938E-6
1.700000E+1	 2.949684E-10	 1.000094E-2	 3.423778E-6
1.680000E+1	 2.861484E-10	 1.000084E-2	 3.457646E-6
1.660000E+1	 2.799451E-10	 1.000105E-2	 3.493612E-6
1.640000E+1	 2.744171E-10	 1.000093E-2	 3.526541E-6
1.620000E+1	 2.631074E-10	 1.000107E-2	 3.563248E-6
1.600000E+1	 2.386316E-10	 1.000112E-2	 3.598318E-6
1.580000E+1	 2.470292E-10	 1.000107E-2	 3.632186E-6
1.560000E+1	 2.406991E-10	 1.000101E-2	 3.666177E-6
1.540000E+1	 2.211183E-10	 1.000108E-2	 3.701147E-6
1.520000E+1	 2.012420E-10	 1.000115E-2	 3.735515E-6
1.500000E+1	 2.000607E-10	 1.000106E-2	 3.769372E-6
1.480000E+1	 1.888353E-10	 1.000098E-2	 3.801178E-6
1.460000E+1	 1.890886E-10	 1.000107E-2	 3.836947E-6
1.440000E+1	 1.691702E-10	 1.000118E-2	 3.869795E-6
1.420000E+1	 1.674821E-10	 1.000098E-2	 3.902304E-6
1.400000E+1	 1.483654E-10	 1.000095E-2	 3.936912E-6
1.380000E+1	 1.393350E-10	 1.000091E-2	 3.965924E-6
1.360000E+1	 1.313168E-10	 1.000089E-2	 3.999477E-6
1.340000E+1	 1.234675E-10	 1.000102E-2	 4.032728E-6
1.320000E+1	 1.086133E-10	 1.000099E-2	 4.064621E-6
1.300000E+1	 1.024942E-10	 1.000100E-2	 4.098138E-6
1.280000E+1	 9.540468E-11	 1.000097E-2	 4.129848E-6
1.260000E+1	 8.038131E-11	 1.000097E-2	 4.160493E-6
1.240000E+1	 6.409223E-11	 1.000101E-2	 4.192389E-6
1.220000E+1	 5.501916E-11	 1.000098E-2	 4.223121E-6
1.200000E+1	 4.008031E-11	 1.000100E-2	 4.254594E-6
1.180000E+1	 3.484760E-11	 1.000093E-2	 4.286327E-6
1.160000E+1	 1.800973E-11	 1.000106E-2	 4.316357E-6
1.140000E+1	 1.788318E-11	 1.000105E-2	 4.348746E-6
1.120000E+1	 3.999509E-12	 1.000096E-2	 4.380167E-6
1.100000E+1	 -4.820325E-12	 1.000110E-2	 4.411026E-6
1.080000E+1	 -2.051879E-11	 1.000099E-2	 4.440186E-6
1.060000E+1	 -3.111097E-11	 1.000091E-2	 4.471703E-6
1.040000E+1	 -4.638737E-11	 1.000096E-2	 4.500818E-6
1.020000E+1	 -4.457286E-11	 1.000098E-2	 4.531175E-6
1.000000E+1	 -6.533525E-11	 1.000101E-2	 4.561875E-6
9.800000E+0	 -6.980840E-11	 1.000107E-2	 4.591612E-6
9.600000E+0	 -7.145413E-11	 1.000096E-2	 4.624625E-6
9.400001E+0	 -9.491741E-11	 1.000106E-2	 4.651754E-6
9.200001E+0	 -1.047500E-10	 1.000095E-2	 4.679791E-6
9.000000E+0	 -1.101938E-10	 1.000110E-2	 4.709136E-6
8.800000E+0	 -1.125992E-10	 1.000088E-2	 4.737375E-6
8.600000E+0	 -1.288462E-10	 1.000097E-2	 4.768858E-6
8.400001E+0	 -1.467390E-10	 1.000103E-2	 4.794014E-6
8.200000E+0	 -1.482160E-10	 1.000101E-2	 4.821779E-6
8.000000E+0	 -1.721856E-10	 1.000092E-2	 4.850592E-6
7.800000E+0	 -1.594412E-10	 1.000096E-2	 4.874110E-6
7.600000E+0	 -1.813852E-10	 1.000099E-2	 4.902813E-6
7.400000E+0	 -1.961133E-10	 1.000111E-2	 4.929045E-6
7.200000E+0	 -1.994895E-10	 1.000112E-2	 4.954896E-6
7.000000E+0	 -2.083942E-10	 1.000090E-2	 4.978847E-6
6.800000E+0	 -2.189871E-10	 1.000099E-2	 5.003315E-6
6.600000E+0	 -2.288625E-10	 1.000109E-2	 5.024796E-6
6.400000E+0	 -2.374296E-10	 1.000108E-2	 5.047809E-6
6.200000E+0	 -2.478114E-10	 1.000110E-2	 5.071576E-6
6.000000E+0	 -2.600501E-10	 1.000103E-2	 5.093837E-6
5.800000E+0	 -2.568006E-10	 1.000107E-2	 5.112431E-6
5.600000E+0	 -2.752852E-10	 1.000089E-2	 5.132236E-6
5.400000E+0	 -2.837680E-10	 1.000086E-2	 5.153035E-6
5.200000E+0	 -3.012398E-10	 1.000099E-2	 5.174436E-6
5.000000E+0	 -3.178254E-10	 1.000102E-2	 5.193355E-6
4.800000E+0	 -3.155464E-10	 1.000092E-2	 5.211796E-6
4.600000E+0	 -3.282494E-10	 1.000093E-2	 5.231152E-6
4.400000E+0	 -3.417542E-10	 1.000104E-2	 5.246964E-6
4.200000E+0	 -3.412056E-10	 1.000087E-2	 5.264311E-6
4.000000E+0	 -3.592260E-10	 1.000102E-2	 5.281617E-6
3.800000E+0	 -3.748832E-10	 1.000097E-2	 5.298145E-6
3.600000E+0	 -3.727308E-10	 1.000096E-2	 5.312249E-6
3.400000E+0	 -3.902027E-10	 1.000107E-2	 5.329627E-6
3.200000E+0	 -4.023148E-10	 1.000097E-2	 5.344928E-6
3.000000E+0	 -4.105021E-10	 1.000099E-2	 5.360254E-6
2.800000E+0	 -4.351061E-10	 1.000095E-2	 5.378622E-6
2.600000E+0	 -4.298731E-10	 1.000109E-2	 5.395146E-6
2.400000E+0	 -4.465852E-10	 1.000093E-2	 5.420021E-6
2.200000E+0	 -4.568403E-10	 1.000093E-2	 5.442053E-6
2.000000E+0	 -4.682774E-10	 1.000104E-2	 5.466295E-6
1.800000E+0	 -4.594148E-10	 1.000119E-2	 5.490444E-6
1.600000E+0	 -5.049936E-10	 1.000089E-2	 5.513212E-6
1.400000E+0	 -5.202286E-10	 1.000093E-2	 5.537665E-6
1.200000E+0	 -5.325939E-10	 1.000105E-2	 5.561257E-6
1.000000E+0	 -5.788057E-10	 1.000083E-2	 5.588976E-6
8.000002E-1	 -5.956867E-10	 1.000111E-2	 5.621560E-6
6.000001E-1	 -5.963621E-10	 1.000098E-2	 5.668935E-6
4.000002E-1	 -6.141291E-10	 1.000088E-2	 5.713980E-6
2.000002E-1	 -6.053512E-10	 1.000101E-2	 5.735832E-6
1.490116E-7	 -5.761472E-10	 1.000107E-2	 5.748902E-6
-1.999999E-1	 -5.804936E-10	 1.000112E-2	 5.760106E-6
-3.999999E-1	 -5.906221E-10	 1.000100E-2	 5.764442E-6
-5.999998E-1	 -5.850936E-10	 1.000103E-2	 5.771974E-6
-7.999998E-1	 -6.103306E-10	 1.000104E-2	 5.774589E-6
-9.999999E-1	 -6.083051E-10	 1.000097E-2	 5.779356E-6
-1.200000E+0	 -6.204173E-10	 1.000090E-2	 5.783108E-6
-1.400000E+0	 -6.357366E-10	 1.000098E-2	 5.788102E-6
-1.600000E+0	 -6.418560E-10	 1.000115E-2	 5.792363E-6
-1.800000E+0	 -6.410119E-10	 1.000094E-2	 5.797448E-6
-2.000000E+0	 -6.513094E-10	 1.000110E-2	 5.803181E-6
-2.200000E+0	 -6.716087E-10	 1.000097E-2	 5.806271E-6
-2.400000E+0	 -6.873500E-10	 1.000101E-2	 5.810115E-6
-2.600000E+0	 -7.027121E-10	 1.000095E-2	 5.810786E-6
-2.800000E+0	 -7.003484E-10	 1.000097E-2	 5.813890E-6
-3.000000E+0	 -7.116166E-10	 1.000095E-2	 5.817672E-6
-3.200000E+0	 -7.274427E-10	 1.000089E-2	 5.824649E-6
-3.400000E+0	 -7.446189E-10	 1.000081E-2	 5.826878E-6
-3.600000E+0	 -7.516245E-10	 1.000088E-2	 5.830986E-6
-3.800000E+0	 -7.583770E-10	 1.000099E-2	 5.833344E-6
-4.000000E+0	 -7.617111E-10	 1.000093E-2	 5.835201E-6
-4.200000E+0	 -7.812931E-10	 1.000101E-2	 5.839060E-6
-4.400000E+0	 -7.890580E-10	 1.000105E-2	 5.840780E-6
-4.600000E+0	 -7.975411E-10	 1.000093E-2	 5.846364E-6
-4.800000E+0	 -8.045049E-10	 1.000092E-2	 5.847535E-6
-5.000000E+0	 -8.591566E-10	 1.000096E-2	 5.849818E-6
-5.200000E+0	 -1.019231E-9	 1.000102E-2	 5.854162E-6
-5.400000E+0	 -1.761404E-9	 1.000104E-2	 5.859355E-6
-5.600000E+0	 -1.011677E-9	 1.000100E-2	 5.860845E-6
-5.800000E+0	 -8.693696E-10	 1.000097E-2	 5.865211E-6
-6.000000E+0	 -8.803421E-10	 1.000109E-2	 5.867573E-6
-6.200000E+0	 -8.826634E-10	 1.000096E-2	 5.871058E-6
-6.400000E+0	 -8.994180E-10	 1.000086E-2	 5.871168E-6
-6.600000E+0	 -8.996290E-10	 1.000097E-2	 5.875484E-6
-6.800000E+0	 -9.195062E-10	 1.000097E-2	 5.878167E-6
-7.000000E+0	 -9.282419E-10	 1.000106E-2	 5.882674E-6
-7.200000E+0	 -9.355433E-10	 1.000085E-2	 5.885195E-6
-7.400000E+0	 -9.384974E-10	 1.000082E-2	 5.886121E-6
-7.600000E+0	 -9.643678E-10	 1.000090E-2	 5.891322E-6
-7.800000E+0	 -9.653804E-10	 1.000105E-2	 5.895133E-6
-8.000000E+0	 -9.846673E-10	 1.000082E-2	 5.895340E-6
-8.200000E+0	 -9.890140E-10	 1.000103E-2	 5.899823E-6
-8.400000E+0	 -9.938673E-10	 1.000094E-2	 5.901032E-6
-8.600000E+0	 -1.003616E-9	 1.000086E-2	 5.906841E-6
-8.800000E+0	 -1.012183E-9	 1.000099E-2	 5.907835E-6
-9.000000E+0	 -1.027038E-9	 1.000097E-2	 5.910470E-6
-9.200000E+0	 -1.030499E-9	 1.000091E-2	 5.913581E-6
-9.400000E+0	 -1.067806E-9	 1.000111E-2	 5.919422E-6
-9.600000E+0	 -1.066919E-9	 1.000097E-2	 5.923436E-6
-9.800000E+0	 -1.075065E-9	 1.000088E-2	 5.924541E-6
-1.000000E+1	 -1.085911E-9	 1.000095E-2	 5.930855E-6
-9.800000E+0	 -7.760600E-10	 1.000103E-2	 5.924438E-6
-9.600000E+0	 -7.100129E-10	 1.000112E-2	 5.920312E-6
-9.400000E+0	 -6.560360E-10	 1.000106E-2	 5.916076E-6
-9.200000E+0	 -6.062373E-10	 1.000102E-2	 5.912537E-6
-9.000000E+0	 -5.409501E-10	 1.000082E-2	 5.906751E-6
-8.800000E+0	 -5.034740E-10	 1.000098E-2	 5.903222E-6
-8.600000E+0	 -4.769709E-10	 1.000102E-2	 5.896462E-6
-8.400000E+0	 -4.284801E-10	 1.000097E-2	 5.892219E-6
-8.200000E+0	 -3.770776E-10	 1.000105E-2	 5.889807E-6
-8.000000E+0	 -3.597746E-10	 1.000100E-2	 5.885993E-6
-7.800000E+0	 -3.287135E-10	 1.000092E-2	 5.880042E-6
-7.600000E+0	 -2.982433E-10	 1.000118E-2	 5.875040E-6
-7.400000E+0	 -2.850340E-10	 1.000103E-2	 5.868925E-6
-7.200000E+0	 -2.596281E-10	 1.000099E-2	 5.865077E-6
-7.000000E+0	 -2.300863E-10	 1.000096E-2	 5.861044E-6
-6.800000E+0	 -2.110108E-10	 1.000099E-2	 5.855228E-6
-6.600000E+0	 -1.878418E-10	 1.000096E-2	 5.850370E-6
-6.400000E+0	 -1.675858E-10	 1.000113E-2	 5.843279E-6
-6.200000E+0	 -1.497352E-10	 1.000099E-2	 5.838342E-6
-6.000000E+0	 -1.217144E-10	 1.000112E-2	 5.833653E-6
-5.800000E+0	 -1.125993E-10	 1.000098E-2	 5.826588E-6
-5.600000E+0	 -7.820621E-11	 1.000106E-2	 5.817521E-6
-5.400000E+0	 -7.588522E-11	 1.000105E-2	 5.814648E-6
-5.200000E+0	 -4.934143E-11	 1.000112E-2	 5.809410E-6
-5.000000E+0	 -4.119687E-11	 1.000103E-2	 5.803046E-6
-4.800000E+0	 -1.815573E-11	 1.000105E-2	 5.796684E-6
-4.600000E+0	 1.231271E-11	 1.000103E-2	 5.790405E-6
-4.400000E+0	 2.341119E-11	 1.000103E-2	 5.787327E-6
-4.200000E+0	 8.190043E-11	 1.000117E-2	 5.780033E-6
-4.000000E+0	 1.403895E-10	 1.000108E-2	 5.773485E-6
-3.800000E+0	 1.143522E-10	 1.000110E-2	 5.767517E-6
-3.600000E+0	 1.290799E-10	 1.000103E-2	 5.761579E-6
-3.400000E+0	 1.564255E-10	 1.000108E-2	 5.753089E-6
-3.200000E+0	 1.766814E-10	 1.000099E-2	 5.743787E-6
-3.000000E+0	 2.187970E-10	 1.000116E-2	 5.735809E-6
-2.800000E+0	 2.258024E-10	 1.000091E-2	 5.726988E-6
-2.600000E+0	 2.435686E-10	 1.000104E-2	 5.719343E-6
-2.400000E+0	 2.579587E-10	 1.000095E-2	 5.711944E-6
-2.200000E+0	 2.645419E-10	 1.000096E-2	 5.702822E-6
-2.000000E+0	 2.731927E-10	 1.000089E-2	 5.692000E-6
-1.800000E+0	 2.901151E-10	 1.000102E-2	 5.682116E-6
-1.600000E+0	 3.018466E-10	 1.000093E-2	 5.673026E-6
-1.400000E+0	 3.304158E-10	 1.000105E-2	 5.659149E-6
-1.200000E+0	 3.973875E-10	 1.000075E-2	 5.635491E-6
-9.999999E-1	 4.370554E-10	 1.000090E-2	 5.603652E-6
-7.999998E-1	 4.226652E-10	 1.000099E-2	 5.572010E-6
-5.999998E-1	 4.562142E-10	 1.000102E-2	 5.537238E-6
-3.999999E-1	 4.575224E-10	 1.000090E-2	 5.500535E-6
-1.999999E-1	 4.018186E-10	 1.000086E-2	 5.472840E-6
1.490116E-7	 4.157020E-10	 1.000098E-2	 5.429254E-6
2.000002E-1	 4.396722E-10	 1.000086E-2	 5.382045E-6
4.000002E-1	 3.911000E-10	 1.000099E-2	 5.349003E-6
6.000001E-1	 3.725741E-10	 1.000088E-2	 5.315876E-6
8.000002E-1	 3.866690E-10	 1.000101E-2	 5.285908E-6
1.000000E+0	 4.143098E-10	 1.000099E-2	 5.251101E-6
1.200000E+0	 3.972188E-10	 1.000101E-2	 5.217470E-6
1.400000E+0	 4.114825E-10	 1.000102E-2	 5.179962E-6
1.600000E+0	 4.229608E-10	 1.000116E-2	 5.144555E-6
1.800000E+0	 4.418663E-10	 1.000101E-2	 5.111876E-6
2.000000E+0	 4.504330E-10	 1.000089E-2	 5.078071E-6
2.200000E+0	 4.617847E-10	 1.000097E-2	 5.042470E-6
2.400000E+0	 4.699717E-10	 1.000102E-2	 5.011807E-6
2.600000E+0	 4.810282E-10	 1.000095E-2	 4.980211E-6
2.800000E+0	 5.067698E-10	 1.000092E-2	 4.950243E-6
3.000000E+0	 5.066436E-10	 1.000100E-2	 4.918838E-6
3.200000E+0	 5.230170E-10	 1.000090E-2	 4.886895E-6
3.400000E+0	 5.361831E-10	 1.000089E-2	 4.857681E-6
3.600000E+0	 5.483793E-10	 1.000109E-2	 4.825293E-6
3.800000E+0	 5.404033E-10	 1.000108E-2	 4.800258E-6
4.000000E+0	 5.654699E-10	 1.000104E-2	 4.764567E-6
4.200000E+0	 5.939126E-10	 1.000098E-2	 4.733164E-6
4.400000E+0	 5.998209E-10	 1.000104E-2	 4.699256E-6
4.600000E+0	 5.952633E-10	 1.000083E-2	 4.670639E-6
4.800000E+0	 6.208367E-10	 1.000105E-2	 4.637897E-6
5.000000E+0	 6.371682E-10	 1.000098E-2	 4.609517E-6
5.200000E+0	 6.415571E-10	 1.000097E-2	 4.577676E-6
5.400000E+0	 6.526136E-10	 1.000104E-2	 4.547949E-6
5.600000E+0	 6.706326E-10	 1.000105E-2	 4.515160E-6
5.800000E+0	 6.722785E-10	 1.000106E-2	 4.485200E-6
6.000000E+0	 6.796212E-10	 1.000098E-2	 4.457284E-6
6.200000E+0	 7.081484E-10	 1.000107E-2	 4.422102E-6
6.400000E+0	 7.157024E-10	 1.000094E-2	 4.389861E-6
6.600000E+0	 7.138458E-10	 1.000101E-2	 4.355489E-6
6.800000E+0	 7.329202E-10	 1.000099E-2	 4.321293E-6
7.000000E+0	 7.366331E-10	 1.000108E-2	 4.285364E-6
7.200000E+0	 7.485761E-10	 1.000115E-2	 4.248695E-6
7.400000E+0	 7.665958E-10	 1.000094E-2	 4.211958E-6
7.600000E+0	 7.730941E-10	 1.000089E-2	 4.174219E-6
7.800000E+0	 7.880334E-10	 1.000091E-2	 4.133844E-6
8.000000E+0	 7.883287E-10	 1.000089E-2	 4.096932E-6
8.200000E+0	 7.987098E-10	 1.000100E-2	 4.060503E-6
8.400001E+0	 8.240301E-10	 1.000109E-2	 4.018504E-6
8.600000E+0	 8.221732E-10	 1.000111E-2	 3.981025E-6
8.800000E+0	 8.481680E-10	 1.000101E-2	 3.939126E-6
9.000000E+0	 8.454673E-10	 1.000099E-2	 3.899667E-6
9.200001E+0	 8.541181E-10	 1.000107E-2	 3.860991E-6
9.400001E+0	 8.647528E-10	 1.000121E-2	 3.820622E-6
9.600000E+0	 8.726863E-10	 1.000099E-2	 3.782318E-6
9.800000E+0	 8.923520E-10	 1.000093E-2	 3.740642E-6
1.000000E+1	 8.949679E-10	 1.000098E-2	 3.701065E-6
1.020000E+1	 9.028165E-10	 1.000108E-2	 3.659144E-6
1.040000E+1	 9.185577E-10	 1.000088E-2	 3.619514E-6
1.060000E+1	 9.339188E-10	 1.000103E-2	 3.579080E-6
1.080000E+1	 9.359021E-10	 1.000102E-2	 3.537427E-6
1.100000E+1	 9.474647E-10	 1.000110E-2	 3.496715E-6
1.120000E+1	 9.545540E-10	 1.000097E-2	 3.454553E-6
1.140000E+1	 9.706325E-10	 1.000098E-2	 3.414035E-6
1.160000E+1	 9.781446E-10	 1.000104E-2	 3.374460E-6
1.180000E+1	 8.833629E-10	 1.000110E-2	 3.334017E-6
1.200000E+1	 1.009161E-9	 1.000100E-2	 3.291999E-6
1.220000E+1	 1.009794E-9	 1.000095E-2	 3.250684E-6
1.240000E+1	 1.031231E-9	 1.000105E-2	 3.209380E-6
1.260000E+1	 1.027265E-9	 1.000096E-2	 3.168459E-6
1.280000E+1	 1.038912E-9	 1.000102E-2	 3.128267E-6
1.300000E+1	 1.063430E-9	 1.000101E-2	 3.087029E-6
1.320000E+1	 1.049041E-9	 1.000106E-2	 3.045855E-6
1.340000E+1	 1.070604E-9	 1.000092E-2	 3.006381E-6
1.360000E+1	 1.083223E-9	 1.000102E-2	 2.965455E-6
1.380000E+1	 1.106811E-9	 1.000096E-2	 2.924857E-6
1.400000E+1	 1.119514E-9	 1.000100E-2	 2.882261E-6
1.420000E+1	 1.125211E-9	 1.000103E-2	 2.843521E-6
1.440000E+1	 1.138631E-9	 1.000112E-2	 2.803816E-6
1.460000E+1	 1.143947E-9	 1.000111E-2	 2.764779E-6
1.480000E+1	 1.158000E-9	 1.000092E-2	 2.723498E-6
1.500000E+1	 1.165807E-9	 1.000097E-2	 2.684441E-6
1.520000E+1	 1.178636E-9	 1.000096E-2	 2.645484E-6
1.540000E+1	 1.188891E-9	 1.000090E-2	 2.606306E-6
1.560000E+1	 1.194250E-9	 1.000091E-2	 2.567594E-6
1.580000E+1	 1.196488E-9	 1.000097E-2	 2.529422E-6
1.600000E+1	 1.208937E-9	 1.000080E-2	 2.490900E-6
1.620000E+1	 1.127617E-9	 1.000105E-2	 2.453037E-6
1.640000E+1	 1.239531E-9	 1.000109E-2	 2.414665E-6
1.660000E+1	 1.144328E-9	 1.000092E-2	 2.376734E-6
1.680000E+1	 1.265019E-9	 1.000113E-2	 2.340107E-6
1.700000E+1	 1.264007E-9	 1.000090E-2	 2.301570E-6
1.720000E+1	 1.270674E-9	 1.000095E-2	 2.264606E-6
1.740000E+1	 1.280633E-9	 1.000097E-2	 2.228499E-6
1.760000E+1	 1.295657E-9	 1.000086E-2	 2.191633E-6
1.780000E+1	 1.311777E-9	 1.000085E-2	 2.155724E-6
1.800000E+1	 1.313423E-9	 1.000100E-2	 2.119796E-6
1.820000E+1	 1.331864E-9	 1.000107E-2	 2.084324E-6
1.840000E+1	 1.327307E-9	 1.000104E-2	 2.050487E-6
1.860000E+1	 1.343470E-9	 1.000095E-2	 2.016709E-6
1.880000E+1	 1.345706E-9	 1.000106E-2	 1.982177E-6
1.900000E+1	 1.365582E-9	 1.000103E-2	 1.948876E-6
1.920000E+1	 1.373390E-9	 1.000087E-2	 1.916230E-6
1.940000E+1	 1.378622E-9	 1.000112E-2	 1.882884E-6
1.960000E+1	 1.392760E-9	 1.000098E-2	 1.851292E-6
1.980000E+1	 1.402929E-9	 1.000091E-2	 1.819338E-6
2.000000E+1	 1.418670E-9	 1.000106E-2	 1.788196E-6
2.020000E+1	 1.418037E-9	 1.000089E-2	 1.758089E-6
2.040000E+1	 1.439222E-9	 1.000089E-2	 1.728407E-6
2.060000E+1	 1.448041E-9	 1.000104E-2	 1.699386E-6
2.080000E+1	 1.458253E-9	 1.000107E-2	 1.670679E-6
2.100000E+1	 1.469943E-9	 1.000103E-2	 1.642928E-6
2.120000E+1	 1.486612E-9	 1.000100E-2	 1.615866E-6
2.140000E+1	 1.471293E-9	 1.000106E-2	 1.588740E-6
2.160000E+1	 1.490789E-9	 1.000085E-2	 1.564185E-6
2.180000E+1	 1.520035E-9	 1.000102E-2	 1.538022E-6
2.200000E+1	 1.514675E-9	 1.000099E-2	 1.512423E-6
2.220000E+1	 1.541051E-9	 1.000096E-2	 1.489514E-6
2.240000E+1	 1.536956E-9	 1.000095E-2	 1.464324E-6
2.260000E+1	 1.553373E-9	 1.000101E-2	 1.443352E-6
2.280000E+1	 1.573839E-9	 1.000095E-2	 1.421258E-6
2.300000E+1	 1.584557E-9	 1.000107E-2	 1.400798E-6
2.320000E+1	 1.587934E-9	 1.000089E-2	 1.380020E-6
2.340000E+1	 1.614267E-9	 1.000100E-2	 1.360556E-6
2.360000E+1	 1.615659E-9	 1.000108E-2	 1.341385E-6
2.380000E+1	 1.617474E-9	 1.000111E-2	 1.324225E-6
2.400000E+1	 1.634861E-9	 1.000108E-2	 1.306901E-6
2.420000E+1	 1.634227E-9	 1.000100E-2	 1.290502E-6
2.440000E+1	 1.648828E-9	 1.000101E-2	 1.274711E-6
2.460000E+1	 1.653006E-9	 1.000107E-2	 1.260242E-6
2.480000E+1	 1.657858E-9	 1.000109E-2	 1.245908E-6
2.500000E+1	 1.683137E-9	 1.000088E-2	 1.233631E-6
2.520000E+1	 1.691282E-9	 1.000106E-2	 1.221270E-6
2.540000E+1	 1.716982E-9	 1.000107E-2	 1.209393E-6
2.560000E+1	 1.716940E-9	 1.000110E-2	 1.197838E-6
2.580000E+1	 1.723987E-9	 1.000095E-2	 1.187116E-6
2.600000E+1	 1.746732E-9	 1.000109E-2	 1.178255E-6
2.620000E+1	 1.724407E-9	 1.000103E-2	 1.168469E-6
2.640000E+1	 1.759139E-9	 1.000097E-2	 1.160338E-6
2.660000E+1	 1.755511E-9	 1.000083E-2	 1.152991E-6
2.680000E+1	 1.771629E-9	 1.000089E-2	 1.146434E-6
2.700000E+1	 1.785895E-9	 1.000095E-2	 1.140486E-6
2.720000E+1	 1.786907E-9	 1.000107E-2	 1.135034E-6
2.740000E+1	 1.799989E-9	 1.000093E-2	 1.130347E-6
2.760000E+1	 1.807163E-9	 1.000090E-2	 1.126268E-6
2.780000E+1	 1.824128E-9	 1.000094E-2	 1.122931E-6
2.800000E+1	 1.827756E-9	 1.000100E-2	 1.120064E-6
2.820000E+1	 1.831259E-9	 1.000092E-2	 1.117740E-6
2.840000E+1	 1.854090E-9	 1.000101E-2	 1.116249E-6
2.860000E+1	 1.849700E-9	 1.000083E-2	 1.116073E-6
2.880000E+1	 1.874050E-9	 1.000078E-2	 1.115290E-6
2.900000E+1	 1.878184E-9	 1.000089E-2	 1.115542E-6
2.920000E+1	 1.874515E-9	 1.000092E-2	 1.116329E-6
2.940000E+1	 1.906248E-9	 1.000093E-2	 1.117100E-6
2.960000E+1	 1.899371E-9	 1.000092E-2	 1.119837E-6
2.980000E+1	 1.914436E-9	 1.000098E-2	 1.121432E-6
3.000000E+1	 1.933594E-9	 1.000088E-2	 1.123982E-6
3.020000E+1	 1.947394E-9	 1.000098E-2	 1.127381E-6
3.040000E+1	 1.951192E-9	 1.000085E-2	 1.130531E-6
3.060000E+1	 1.958029E-9	 1.000088E-2	 1.134706E-6
3.080000E+1	 1.967944E-9	 1.000086E-2	 1.138495E-6
3.100000E+1	 1.976090E-9	 1.000094E-2	 1.143025E-6
3.120000E+1	 1.992041E-9	 1.000073E-2	 1.148320E-6
3.140000E+1	 2.002211E-9	 1.000092E-2	 1.153526E-6
3.160000E+1	 2.015420E-9	 1.000091E-2	 1.158958E-6
3.180000E+1	 2.018796E-9	 1.000084E-2	 1.165358E-6
3.200000E+1	 2.017657E-9	 1.000114E-2	 1.171453E-6
3.220000E+1	 2.047787E-9	 1.000104E-2	 1.178013E-6
3.240000E+1	 2.054751E-9	 1.000097E-2	 1.184964E-6
3.260000E+1	 2.055384E-9	 1.000079E-2	 1.191835E-6
3.280000E+1	 2.067958E-9	 1.000093E-2	 1.201946E-6
3.300000E+1	 2.083236E-9	 1.000092E-2	 1.209409E-6
3.320000E+1	 2.110201E-9	 1.000098E-2	 1.217015E-6
3.340000E+1	 2.114506E-9	 1.000085E-2	 1.225157E-6
3.360000E+1	 2.127714E-9	 1.000087E-2	 1.233422E-6
3.380000E+1	 2.126026E-9	 1.000104E-2	 1.240992E-6
3.400000E+1	 2.138095E-9	 1.000098E-2	 1.249897E-6
3.420000E+1	 2.150123E-9	 1.000096E-2	 1.258038E-6
3.440000E+1	 2.154933E-9	 1.000093E-2	 1.266557E-6
3.460000E+1	 2.164133E-9	 1.000099E-2	 1.275561E-6
3.480000E+1	 2.183038E-9	 1.000099E-2	 1.284746E-6
3.500000E+1	 2.184515E-9	 1.000089E-2	 1.293967E-6
3.520000E+1	 2.198103E-9	 1.000101E-2	 1.302732E-6
3.540000E+1	 2.194222E-9	 1.000085E-2	 1.312253E-6
3.560000E+1	 2.219415E-9	 1.000093E-2	 1.320777E-6
3.580000E+1	 2.226547E-9	 1.000095E-2	 1.330037E-6
3.600000E+1	 2.235703E-9	 1.000100E-2	 1.339397E-6
3.620000E+1	 2.231231E-9	 1.000106E-2	 1.349429E-6
3.640000E+1	 2.264485E-9	 1.000084E-2	 1.358800E-6
3.660000E+1	 2.259758E-9	 1.000081E-2	 1.368483E-6
3.680000E+1	 2.278241E-9	 1.000091E-2	 1.378630E-6
3.700000E+1	 2.290057E-9	 1.000089E-2	 1.387824E-6
3.720000E+1	 2.294572E-9	 1.000094E-2	 1.396898E-6
3.740000E+1	 2.300438E-9	 1.000101E-2	 1.405977E-6
3.760000E+1	 2.306812E-9	 1.000095E-2	 1.416092E-6
3.780000E+1	 2.328754E-9	 1.000104E-2	 1.425878E-6
3.800000E+1	 2.328713E-9	 1.000106E-2	 1.436026E-6
3.820000E+1	 2.351290E-9	 1.000089E-2	 1.444938E-6
3.840000E+1	 2.351163E-9	 1.000082E-2	 1.454587E-6
3.860000E+1	 2.359097E-9	 1.000091E-2	 1.462788E-6
3.880000E+1	 2.361375E-9	 1.000086E-2	 1.475668E-6
3.900000E+1	 2.396697E-9	 1.000082E-2	 1.484715E-6
3.920000E+1	 2.392055E-9	 1.000094E-2	 1.493878E-6
3.940000E+1	 2.419652E-9	 1.000099E-2	 1.502828E-6
3.960000E+1	 2.424254E-9	 1.000111E-2	 1.511559E-6
3.980000E+1	 2.437630E-9	 1.000098E-2	 1.519702E-6
4.000000E+1	 2.444004E-9	 1.000091E-2	 1.529317E-6
4.020000E+1	 2.443285E-9	 1.000090E-2	 1.538197E-6
4.040000E+1	 2.467172E-9	 1.000068E-2	 1.546063E-6
4.060000E+1	 2.472191E-9	 1.000100E-2	 1.554963E-6
4.080000E+1	 2.468943E-9	 1.000111E-2	 1.564255E-6
4.100000E+1	 2.492154E-9	 1.000116E-2	 1.572527E-6
4.120000E+1	 2.498104E-9	 1.000112E-2	 1.581298E-6
4.140000E+1	 2.511903E-9	 1.000076E-2	 1.589655E-6
4.160000E+1	 2.529668E-9	 1.000108E-2	 1.598569E-6
4.180000E+1	 2.537728E-9	 1.000097E-2	 1.605990E-6
4.200000E+1	 2.541571E-9	 1.000090E-2	 1.613783E-6
4.220000E+1	 2.549334E-9	 1.000073E-2	 1.622682E-6
4.240000E+1	 2.563388E-9	 1.000104E-2	 1.630459E-6
4.260000E+1	 2.569970E-9	 1.000096E-2	 1.638401E-6
4.280000E+1	 2.581281E-9	 1.000084E-2	 1.646324E-6
4.300000E+1	 2.585457E-9	 1.000090E-2	 1.652664E-6
4.320000E+1	 2.594740E-9	 1.000091E-2	 1.661143E-6
4.340000E+1	 2.632129E-9	 1.000102E-2	 1.668289E-6
4.360000E+1	 2.629895E-9	 1.000088E-2	 1.676258E-6
4.380000E+1	 2.637829E-9	 1.000091E-2	 1.683375E-6
4.400000E+1	 2.638292E-9	 1.000096E-2	 1.694192E-6
4.420000E+1	 2.647575E-9	 1.000114E-2	 1.700454E-6
4.440000E+1	 2.677665E-9	 1.000094E-2	 1.707721E-6
4.460000E+1	 2.691083E-9	 1.000097E-2	 1.714756E-6
4.480000E+1	 2.684881E-9	 1.000101E-2	 1.721497E-6
4.500000E+1	 2.699863E-9	 1.000097E-2	 1.726586E-6
4.480000E+1	 2.423115E-9	 1.000102E-2	 1.710415E-6
4.460000E+1	 2.341456E-9	 1.000096E-2	 1.691751E-6
4.440000E+1	 2.242836E-9	 1.000115E-2	 1.672198E-6
4.420000E+1	 2.204138E-9	 1.000098E-2	 1.652889E-6
4.400000E+1	 2.156664E-9	 1.000094E-2	 1.634978E-6
4.380000E+1	 2.112564E-9	 1.000103E-2	 1.616762E-6
4.360000E+1	 2.067452E-9	 1.000087E-2	 1.599882E-6
4.340000E+1	 2.032594E-9	 1.000095E-2	 1.582549E-6
4.320000E+1	 2.000608E-9	 1.000111E-2	 1.565778E-6
4.300000E+1	 1.962460E-9	 1.000106E-2	 1.549310E-6
4.280000E+1	 1.951994E-9	 1.000098E-2	 1.532837E-6
4.260000E+1	 1.917221E-9	 1.000101E-2	 1.515535E-6
4.240000E+1	 1.889496E-9	 1.000096E-2	 1.499262E-6
4.220000E+1	 1.869620E-9	 1.000107E-2	 1.483126E-6
4.200000E+1	 1.835015E-9	 1.000102E-2	 1.467676E-6
4.180000E+1	 1.826954E-9	 1.000101E-2	 1.452391E-6
4.160000E+1	 1.802438E-9	 1.000096E-2	 1.436543E-6
4.140000E+1	 1.788468E-9	 1.000113E-2	 1.420528E-6
4.120000E+1	 1.752387E-9	 1.000096E-2	 1.405130E-6
4.100000E+1	 1.744201E-9	 1.000106E-2	 1.389683E-6
4.080000E+1	 1.722552E-9	 1.000091E-2	 1.374661E-6
4.060000E+1	 1.690438E-9	 1.000097E-2	 1.359256E-6
4.040000E+1	 1.691029E-9	 1.000106E-2	 1.342839E-6
4.020000E+1	 1.661995E-9	 1.000106E-2	 1.328377E-6
4.000000E+1	 1.643849E-9	 1.000093E-2	 1.313870E-6
3.980000E+1	 1.638362E-9	 1.000100E-2	 1.298269E-6
3.960000E+1	 1.628995E-9	 1.000097E-2	 1.283603E-6
3.940000E+1	 1.603126E-9	 1.000114E-2	 1.268869E-6
3.920000E+1	 1.575908E-9	 1.000097E-2	 1.254464E-6
3.900000E+1	 1.560547E-9	 1.000096E-2	 1.240690E-6
3.880000E+1	 1.552865E-9	 1.000113E-2	 1.227426E-6
3.860000E+1	 1.531175E-9	 1.000107E-2	 1.213452E-6
3.840000E+1	 1.526533E-9	 1.000107E-2	 1.199822E-6
3.820000E+1	 1.503449E-9	 1.000103E-2	 1.187005E-6
3.800000E+1	 1.489017E-9	 1.000111E-2	 1.174396E-6
3.780000E+1	 1.478551E-9	 1.000102E-2	 1.161703E-6
3.760000E+1	 1.463485E-9	 1.000103E-2	 1.149645E-6
3.740000E+1	 1.458633E-9	 1.000094E-2	 1.137647E-6
3.720000E+1	 1.433567E-9	 1.000091E-2	 1.126411E-6
3.700000E+1	 1.418163E-9	 1.000099E-2	 1.115848E-6
3.680000E+1	 1.404238E-9	 1.000104E-2	 1.105338E-6
3.660000E+1	 1.393139E-9	 1.000098E-2	 1.095305E-6
3.640000E+1	 1.384952E-9	 1.000108E-2	 1.086252E-6
3.620000E+1	 1.384783E-9	 1.000102E-2	 1.077604E-6
3.600000E+1	 1.353893E-9	 1.000107E-2	 1.069960E-6
3.580000E+1	 1.344651E-9	 1.000098E-2	 1.063012E-6
3.560000E+1	 1.326168E-9	 1.000098E-2	 1.056112E-6
3.540000E+1	 1.322073E-9	 1.000099E-2	 1.050803E-6
3.520000E+1	 1.313381E-9	 1.000098E-2	 1.046061E-6
3.500000E+1	 1.302873E-9	 1.000103E-2	 1.042546E-6
3.480000E+1	 1.265822E-9	 1.000095E-2	 1.039275E-6
3.460000E+1	 1.260251E-9	 1.000096E-2	 1.037264E-6
3.440000E+1	 1.252065E-9	 1.000104E-2	 1.035990E-6
3.420000E+1	 1.231555E-9	 1.000102E-2	 1.035054E-6
3.400000E+1	 1.218853E-9	 1.000100E-2	 1.035884E-6
3.380000E+1	 1.210370E-9	 1.000100E-2	 1.037528E-6
3.360000E+1	 1.204884E-9	 1.000108E-2	 1.040327E-6
3.340000E+1	 1.185979E-9	 1.000089E-2	 1.043829E-6
3.320000E+1	 1.182898E-9	 1.000092E-2	 1.048291E-6
3.300000E+1	 1.163782E-9	 1.000096E-2	 1.054507E-6
3.280000E+1	 1.165807E-9	 1.000095E-2	 1.061547E-6
3.260000E+1	 1.145383E-9	 1.000104E-2	 1.069265E-6
3.240000E+1	 1.129136E-9	 1.000101E-2	 1.078863E-6
3.220000E+1	 1.119682E-9	 1.000087E-2	 1.089073E-6
3.200000E+1	 1.118966E-9	 1.000100E-2	 1.100187E-6
3.180000E+1	 1.102761E-9	 1.000094E-2	 1.112680E-6
3.160000E+1	 1.106011E-9	 1.000084E-2	 1.127388E-6
3.140000E+1	 1.082209E-9	 1.000091E-2	 1.142507E-6
3.120000E+1	 1.063009E-9	 1.000112E-2	 1.157951E-6
3.100000E+1	 1.041360E-9	 1.000100E-2	 1.173917E-6
3.080000E+1	 1.032455E-9	 1.000091E-2	 1.191779E-6
3.060000E+1	 1.024016E-9	 1.000107E-2	 1.210576E-6
3.040000E+1	 1.008190E-9	 1.000094E-2	 1.230648E-6
3.020000E+1	 1.008444E-9	 1.000090E-2	 1.250581E-6
3.000000E+1	 9.990752E-10	 1.000080E-2	 1.272813E-6
2.980000E+1	 9.742614E-10	 1.000119E-2	 1.294697E-6
2.960000E+1	 9.779757E-10	 1.000089E-2	 1.317581E-6
2.940000E+1	 9.720666E-10	 1.000093E-2	 1.345565E-6
2.920000E+1	 9.591538E-10	 1.000089E-2	 1.370427E-6
2.900000E+1	 9.445948E-10	 1.000091E-2	 1.396713E-6
2.880000E+1	 9.276305E-10	 1.000101E-2	 1.423856E-6
2.860000E+1	 9.134088E-10	 1.000086E-2	 1.451318E-6
2.840000E+1	 9.080922E-10	 1.000092E-2	 1.479728E-6
2.820000E+1	 8.880047E-10	 1.000092E-2	 1.509800E-6
2.800000E+1	 8.809572E-10	 1.000088E-2	 1.539344E-6
2.780000E+1	 8.860637E-10	 1.000083E-2	 1.570635E-6
2.760000E+1	 8.537382E-10	 1.000082E-2	 1.600605E-6
2.740000E+1	 8.457629E-10	 1.000112E-2	 1.634770E-6
2.720000E+1	 8.428501E-10	 1.000102E-2	 1.666481E-6
2.700000E+1	 8.366892E-10	 1.000093E-2	 1.699506E-6
2.680000E+1	 8.199363E-10	 1.000101E-2	 1.732561E-6
2.660000E+1	 8.063903E-10	 1.000109E-2	 1.766382E-6
2.640000E+1	 8.121294E-10	 1.000101E-2	 1.801090E-6
2.620000E+1	 7.954178E-10	 1.000078E-2	 1.836305E-6
2.600000E+1	 7.776937E-10	 1.000098E-2	 1.870743E-6
2.580000E+1	 7.698446E-10	 1.000093E-2	 1.907606E-6
2.560000E+1	 7.521213E-10	 1.000087E-2	 1.943666E-6
2.540000E+1	 7.480275E-10	 1.000087E-2	 1.980342E-6
2.520000E+1	 7.363377E-10	 1.000073E-2	 2.017374E-6
2.500000E+1	 7.309360E-10	 1.000079E-2	 2.052863E-6
2.480000E+1	 7.147321E-10	 1.000089E-2	 2.090936E-6
2.460000E+1	 7.152379E-10	 1.000099E-2	 2.127434E-6
2.440000E+1	 7.079370E-10	 1.000107E-2	 2.164540E-6
2.420000E+1	 6.723212E-10	 1.000102E-2	 2.201289E-6
2.400000E+1	 6.605047E-10	 1.000091E-2	 2.241085E-6
2.380000E+1	 6.691981E-10	 1.000094E-2	 2.278289E-6
2.360000E+1	 6.554409E-10	 1.000085E-2	 2.315642E-6
2.340000E+1	 6.413883E-10	 1.000109E-2	 2.353789E-6
2.320000E+1	 6.306690E-10	 1.000093E-2	 2.393356E-6
2.300000E+1	 6.302479E-10	 1.000098E-2	 2.430522E-6
2.280000E+1	 6.143799E-10	 1.000097E-2	 2.468008E-6
2.260000E+1	 6.002851E-10	 1.000091E-2	 2.506470E-6
2.240000E+1	 5.992720E-10	 1.000106E-2	 2.544223E-6
2.220000E+1	 5.777505E-10	 1.000091E-2	 2.582384E-6
2.200000E+1	 5.734886E-10	 1.000104E-2	 2.622075E-6
2.180000E+1	 5.513330E-10	 1.000095E-2	 2.661082E-6
2.160000E+1	 5.515442E-10	 1.000089E-2	 2.697793E-6
2.140000E+1	 5.397284E-10	 1.000105E-2	 2.735898E-6
2.120000E+1	 5.199784E-10	 1.000105E-2	 2.774022E-6
2.100000E+1	 5.335244E-10	 1.000123E-2	 2.813638E-6
2.080000E+1	 5.088378E-10	 1.000102E-2	 2.851350E-6
2.060000E+1	 5.101041E-10	 1.000088E-2	 2.887766E-6
2.040000E+1	 4.947429E-10	 1.000079E-2	 2.925711E-6
2.020000E+1	 4.741074E-10	 1.000094E-2	 2.963114E-6
2.000000E+1	 4.664272E-10	 1.000108E-2	 3.000982E-6
1.980000E+1	 4.646546E-10	 1.000070E-2	 3.039048E-6
1.960000E+1	 4.365495E-10	 1.000092E-2	 3.074574E-6
1.940000E+1	 4.368867E-10	 1.000099E-2	 3.112614E-6
1.920000E+1	 4.182346E-10	 1.000101E-2	 3.149012E-6
1.900000E+1	 4.076001E-10	 1.000097E-2	 3.185962E-6
1.880000E+1	 4.021560E-10	 1.000105E-2	 3.222836E-6
1.860000E+1	 3.822800E-10	 1.000092E-2	 3.257884E-6
1.840000E+1	 3.856982E-10	 1.000101E-2	 3.294100E-6
1.820000E+1	 3.689027E-10	 1.000089E-2	 3.329614E-6
1.800000E+1	 3.665396E-10	 1.000104E-2	 3.364413E-6
1.780000E+1	 3.475916E-10	 1.000090E-2	 3.402308E-6
1.760000E+1	 3.393203E-10	 1.000092E-2	 3.437613E-6
1.740000E+1	 3.336659E-10	 1.000102E-2	 3.473515E-6
1.720000E+1	 3.172921E-10	 1.000098E-2	 3.510263E-6
1.700000E+1	 3.167434E-10	 1.000102E-2	 3.544129E-6
1.680000E+1	 3.044632E-10	 1.000076E-2	 3.579889E-6
1.660000E+1	 2.876676E-10	 1.000102E-2	 3.612974E-6
1.640000E+1	 2.822239E-10	 1.000090E-2	 3.651288E-6
1.620000E+1	 2.608286E-10	 1.000095E-2	 3.686049E-6
1.600000E+1	 2.490126E-10	 1.000109E-2	 3.719824E-6
1.580000E+1	 2.370278E-10	 1.000104E-2	 3.753031E-6
1.560000E+1	 2.239879E-10	 1.000105E-2	 3.789848E-6
1.540000E+1	 2.206541E-10	 1.000097E-2	 3.822488E-6
1.520000E+1	 2.190924E-10	 1.000104E-2	 3.854160E-6
1.500000E+1	 2.033945E-10	 1.000097E-2	 3.888981E-6
1.480000E+1	 1.874850E-10	 1.000095E-2	 3.925189E-6
1.460000E+1	 1.895948E-10	 1.000100E-2	 3.957070E-6
1.440000E+1	 1.663850E-10	 1.000105E-2	 3.990655E-6
1.420000E+1	 1.622916E-10	 1.000095E-2	 4.023251E-6
1.400000E+1	 1.489986E-10	 1.000078E-2	 4.055516E-6
1.380000E+1	 1.529230E-10	 1.000096E-2	 4.088935E-6
1.360000E+1	 1.331314E-10	 1.000101E-2	 4.122104E-6
1.340000E+1	 1.318654E-10	 1.000100E-2	 4.152033E-6
1.320000E+1	 1.164624E-10	 1.000106E-2	 4.184631E-6
1.300000E+1	 9.612205E-11	 1.000101E-2	 4.216448E-6
1.280000E+1	 8.211135E-11	 1.000101E-2	 4.245556E-6
1.260000E+1	 7.768047E-11	 1.000098E-2	 4.281120E-6
1.240000E+1	 7.320716E-11	 1.000089E-2	 4.311506E-6
1.220000E+1	 5.725581E-11	 1.000076E-2	 4.343007E-6
1.200000E+1	 5.539902E-11	 1.000101E-2	 4.372528E-6
1.180000E+1	 4.354064E-11	 1.000093E-2	 4.404269E-6
1.160000E+1	 3.307508E-11	 1.000096E-2	 4.433255E-6
1.140000E+1	 2.906610E-11	 1.000093E-2	 4.464511E-6
1.120000E+1	 3.872694E-12	 1.000094E-2	 4.494453E-6
1.100000E+1	 -3.469960E-12	 1.000099E-2	 4.524597E-6
1.080000E+1	 -8.112011E-12	 1.000095E-2	 4.554116E-6
1.060000E+1	 -1.697398E-11	 1.000096E-2	 4.581232E-6
1.040000E+1	 -2.887446E-11	 1.000102E-2	 4.612768E-6
1.020000E+1	 -4.740026E-11	 1.000100E-2	 4.642496E-6
1.000000E+1	 -5.301280E-11	 1.000112E-2	 4.672505E-6
9.800000E+0	 -6.107299E-11	 1.000110E-2	 4.700595E-6
9.600000E+0	 -7.326874E-11	 1.000101E-2	 4.729252E-6
9.400001E+0	 -9.061298E-11	 1.000110E-2	 4.759081E-6
9.200001E+0	 -9.694301E-11	 1.000096E-2	 4.788807E-6
9.000000E+0	 -1.096874E-10	 1.000099E-2	 4.816532E-6
8.800000E+0	 -9.905299E-11	 1.000101E-2	 4.843213E-6
8.600000E+0	 -1.259766E-10	 1.000106E-2	 4.871024E-6
8.400001E+0	 -1.438694E-10	 1.000094E-2	 4.899632E-6
8.200000E+0	 -1.403668E-10	 1.000096E-2	 4.924524E-6
8.000000E+0	 -1.563184E-10	 1.000095E-2	 4.951462E-6
7.800000E+0	 -6.963960E-11	 1.000092E-2	 4.979678E-6
7.600000E+0	 -1.877152E-10	 1.000100E-2	 5.003648E-6
7.400000E+0	 -1.824824E-10	 1.000095E-2	 5.028134E-6
7.200000E+0	 -1.922307E-10	 1.000094E-2	 5.053634E-6
7.000000E+0	 -2.169614E-10	 1.000096E-2	 5.078045E-6
6.800000E+0	 -2.081832E-10	 1.000102E-2	 5.102575E-6
6.600000E+0	 -2.296643E-10	 1.000110E-2	 5.124939E-6
6.400000E+0	 -2.291579E-10	 1.000101E-2	 5.146289E-6
6.200000E+0	 -2.481490E-10	 1.000095E-2	 5.168389E-6
6.000000E+0	 -2.596703E-10	 1.000089E-2	 5.187740E-6
5.800000E+0	 -2.721200E-10	 1.000092E-2	 5.208897E-6
5.600000E+0	 -2.714026E-10	 1.000124E-2	 5.230773E-6
5.400000E+0	 -2.908580E-10	 1.000097E-2	 5.246721E-6
5.200000E+0	 -2.995095E-10	 1.000095E-2	 5.267986E-6
5.000000E+0	 -3.098069E-10	 1.000097E-2	 5.285761E-6
4.800000E+0	 -3.214126E-10	 1.000105E-2	 5.302182E-6
4.600000E+0	 -3.268145E-10	 1.000091E-2	 5.321633E-6
4.400000E+0	 -3.471561E-10	 1.000092E-2	 5.337620E-6
4.200000E+0	 -3.517562E-10	 1.000095E-2	 5.354645E-6
4.000000E+0	 -3.570315E-10	 1.000091E-2	 5.372000E-6
3.800000E+0	 -3.682995E-10	 1.000089E-2	 5.388380E-6
3.600000E+0	 -3.798208E-10	 1.000087E-2	 5.403642E-6
3.400000E+0	 -3.858558E-10	 1.000116E-2	 5.417623E-6
3.200000E+0	 -4.013019E-10	 1.000088E-2	 5.433154E-6
3.000000E+0	 -4.152709E-10	 1.000100E-2	 5.447679E-6
2.800000E+0	 -4.194490E-10	 1.000104E-2	 5.465971E-6
2.600000E+0	 -4.314765E-10	 1.000096E-2	 5.483161E-6
2.400000E+0	 -4.479777E-10	 1.000095E-2	 5.502916E-6
2.200000E+0	 -4.477246E-10	 1.000094E-2	 5.527643E-6
2.000000E+0	 -4.638882E-10	 1.000112E-2	 5.551203E-6
1.800000E+0	 -4.790390E-10	 1.000108E-2	 5.575919E-6
1.600000E+0	 -4.976924E-10	 1.000093E-2	 5.597729E-6
1.400000E+0	 -5.037273E-10	 1.000116E-2	 5.620260E-6
1.200000E+0	 -5.466050E-10	 1.000089E-2	 5.645102E-6
1.000000E+0	 -5.663134E-10	 1.000111E-2	 5.672930E-6
8.000002E-1	 -6.017216E-10	 1.000114E-2	 5.702467E-6
6.000001E-1	 -6.007090E-10	 1.000103E-2	 5.749158E-6
4.000002E-1	 -6.094024E-10	 1.000097E-2	 5.793509E-6
2.000002E-1	 -6.012151E-10	 1.000088E-2	 5.814999E-6
1.490116E-7	 -5.863599E-10	 1.000092E-2	 5.823709E-6
-1.999999E-1	 -5.769907E-10	 1.000092E-2	 5.833556E-6
-3.999999E-1	 -5.875837E-10	 1.000087E-2	 5.839512E-6
-5.999998E-1	 -6.000332E-10	 1.000092E-2	 5.846138E-6
-7.999998E-1	 -6.033672E-10	 1.000091E-2	 5.849538E-6
-9.999999E-1	 -6.198684E-10	 1.000100E-2	 5.856019E-6
-1.200000E+0	 -6.238776E-10	 1.000110E-2	 5.860141E-6
-1.400000E+0	 -6.285200E-10	 1.000097E-2	 5.863349E-6
-1.600000E+0	 -6.448101E-10	 1.000095E-2	 5.865943E-6
-1.800000E+0	 -6.612267E-10	 1.000105E-2	 5.870202E-6
-2.000000E+0	 -6.654469E-10	 1.000088E-2	 5.872177E-6
-2.200000E+0	 -6.795426E-10	 1.000107E-2	 5.877064E-6
-2.400000E+0	 -6.813578E-10	 1.000091E-2	 5.879302E-6
-2.600000E+0	 -6.979429E-10	 1.000109E-2	 5.883981E-6
-2.800000E+0	 -7.041470E-10	 1.000093E-2	 5.884306E-6
-3.000000E+0	 -7.189599E-10	 1.000104E-2	 5.887905E-6
-3.200000E+0	 -7.239817E-10	 1.000096E-2	 5.892895E-6
-3.400000E+0	 -7.439439E-10	 1.000101E-2	 5.895661E-6
-3.600000E+0	 -7.495566E-10	 1.000086E-2	 5.897100E-6
-3.800000E+0	 -7.555072E-10	 1.000098E-2	 5.900978E-6
-4.000000E+0	 -7.772412E-10	 1.000090E-2	 5.901933E-6
-4.200000E+0	 -7.704890E-10	 1.000086E-2	 5.905916E-6
-4.400000E+0	 -7.841203E-10	 1.000105E-2	 5.909289E-6
-4.600000E+0	 -7.977942E-10	 1.000103E-2	 5.910864E-6
-4.800000E+0	 -7.969500E-10	 1.000107E-2	 5.912490E-6
-5.000000E+0	 -8.195702E-10	 1.000092E-2	 5.918811E-6
-5.200000E+0	 -8.230311E-10	 1.000096E-2	 5.918524E-6
-5.400000E+0	 -8.357761E-10	 1.000097E-2	 5.923720E-6
-5.600000E+0	 -8.634189E-10	 1.000088E-2	 5.925969E-6
-5.800000E+0	 -8.703404E-10	 1.000096E-2	 5.930728E-6
-6.000000E+0	 -9.127112E-10	 1.000091E-2	 5.933936E-6
-6.200000E+0	 -9.611175E-10	 1.000104E-2	 5.935614E-6
-6.400000E+0	 -1.038432E-9	 1.000086E-2	 5.937005E-6
-6.600000E+0	 -1.166897E-9	 1.000101E-2	 5.942220E-6
-6.800000E+0	 -1.351659E-9	 1.000100E-2	 5.946069E-6
-7.000000E+0	 -1.625764E-9	 1.000100E-2	 5.948591E-6
-7.200000E+0	 -1.173692E-9	 1.000079E-2	 5.947452E-6
-7.400000E+0	 -1.004206E-9	 1.000083E-2	 5.951822E-6
-7.600000E+0	 -9.852995E-10	 1.000097E-2	 5.955740E-6
-7.800000E+0	 -9.772808E-10	 1.000091E-2	 5.960228E-6
-8.000000E+0	 -9.826409E-10	 1.000093E-2	 5.960909E-6
-8.200000E+0	 -1.003067E-9	 1.000097E-2	 5.964016E-6
-8.400000E+0	 -9.970739E-10	 1.000080E-2	 5.966489E-6
-8.600000E+0	 -1.017964E-9	 1.000114E-2	 5.969534E-6
-8.800000E+0	 -1.022860E-9	 1.000085E-2	 5.972498E-6
-9.000000E+0	 -1.041893E-9	 1.000095E-2	 5.975872E-6
-9.200000E+0	 -1.041218E-9	 1.000091E-2	 5.977378E-6
-9.400000E+0	 -1.060927E-9	 1.000101E-2	 5.982462E-6
-9.600000E+0	 -1.065273E-9	 1.000104E-2	 5.985217E-6
-9.800000E+0	 -1.080382E-9	 1.000087E-2	 5.985998E-6
-1.000000E+1	 -1.077132E-9	 1.000095E-2	 5.987862E-6
